-3.805347E-20
3.786805E-08
-1.517274E-07
-4.911964E-08
1.897377E-06
6.019622E-06
9.602654E-06
8.777166E-06
3.432021E-06
-1.423743E-07
6.444977E-06
2.456979E-05
4.355049E-05
4.724211E-05
2.93323E-05
3.694249E-06
-3.031273E-06
2.53929E-05
7.498095E-05
0.000106249
8.564719E-05
1.966346E-05
-4.124334E-05
-4.021552E-05
3.327552E-05
0.0001225922
0.0001419643
5.01661E-05
-0.0001019931
-0.0002001652
-0.00015948
-8.257898E-06
0.0001166957
7.515029E-05
-0.0001495047
-0.0004135685
-0.0005156704
-0.0003688201
-9.722339E-05
4.190815E-05
-0.000131316
-0.0005459592
-0.0009052115
-0.0009171876
-0.0005551682
-0.0001188174
-1.332112E-05
-0.0004037296
-0.001034945
-0.001399936
-0.001153592
-0.0004378252
0.0001814923
0.000159891
-0.0005429619
-0.001364428
-0.001558526
-0.0008278019
0.0003627611
0.001103472
0.0007846007
-0.0003355712
-0.001257455
-0.0010296
0.000415293
0.002103456
0.002753987
0.001860066
0.0002118284
-0.0006544689
0.0002851455
0.002597496
0.004615436
0.004755496
0.00289724
0.0006329665
5.72941E-05
0.002000308
0.005180489
0.007102158
0.00609168
0.002821414
-4.668685E-05
2.84258E-05
0.003257323
0.007110862
0.00823719
0.005272573
0.0002059439
-0.003017723
-0.00171403
0.003103396
0.007239417
0.006625524
0.0008385109
-0.006179427
-0.009089751
-0.005619993
0.001173082
0.005003336
0.001447622
-0.008045577
-0.01678714
-0.01805538
-0.01088752
-0.001542679
0.001090177
-0.007130342
-0.02144925
-0.03122866
-0.02839621
-0.01476008
-0.001786431
-0.00203861
-0.01844807
-0.04024943
-0.05002178
-0.03759891
-0.01025033
0.01001775
0.002113714
-0.03587254
-0.07981167
-0.09141085
-0.04303707
0.06059831
0.1795661
0.2586374
0.2586374
0.1795661
0.06059831
-0.04303707
-0.09141085
-0.07981167
-0.03587254
0.002113714
0.01001775
-0.01025033
-0.03759891
-0.05002178
-0.04024943
-0.01844807
-0.00203861
-0.001786431
-0.01476008
-0.02839621
-0.03122866
-0.02144925
-0.007130342
0.001090177
-0.001542679
-0.01088752
-0.01805538
-0.01678714
-0.008045577
0.001447622
0.005003336
0.001173082
-0.005619993
-0.009089751
-0.006179427
0.0008385109
0.006625524
0.007239417
0.003103396
-0.00171403
-0.003017723
0.0002059439
0.005272573
0.00823719
0.007110862
0.003257323
2.84258E-05
-4.668685E-05
0.002821414
0.00609168
0.007102158
0.005180489
0.002000308
5.72941E-05
0.0006329665
0.00289724
0.004755496
0.004615436
0.002597496
0.0002851455
-0.0006544689
0.0002118284
0.001860066
0.002753987
0.002103456
0.000415293
-0.0010296
-0.001257455
-0.0003355712
0.0007846007
0.001103472
0.0003627611
-0.0008278019
-0.001558526
-0.001364428
-0.0005429619
0.000159891
0.0001814923
-0.0004378252
-0.001153592
-0.001399936
-0.001034945
-0.0004037296
-1.332112E-05
-0.0001188174
-0.0005551682
-0.0009171876
-0.0009052115
-0.0005459592
-0.000131316
4.190815E-05
-9.722339E-05
-0.0003688201
-0.0005156704
-0.0004135685
-0.0001495047
7.515029E-05
0.0001166957
-8.257898E-06
-0.00015948
-0.0002001652
-0.0001019931
5.01661E-05
0.0001419643
0.0001225922
3.327552E-05
-4.021552E-05
-4.124334E-05
1.966346E-05
8.564719E-05
0.000106249
7.498095E-05
2.53929E-05
-3.031273E-06
3.694249E-06
2.93323E-05
4.724211E-05
4.355049E-05
2.456979E-05
6.444977E-06
-1.423743E-07
3.432021E-06
8.777166E-06
9.602654E-06
6.019622E-06
1.897377E-06
-4.911964E-08
-1.517274E-07
3.786805E-08
-3.805347E-20
