-0.287097381251808
0.3939422707157346
0.7123410273007887
0.544400574230446
0.0026205632982538194
-0.6676817474097743
-0.7747959641888734
-0.3764758159287816
0.3606559883402731
1.0605205423958366
0.7483714675206926
-0.15465562141682296
-1.1028644631430247
-0.8795263990230118
-0.0987932222172215
0.7581251567931899
0.939122926725878
0.4067764558474626
-0.5250225873093599
-0.7134860586656356
-0.47747613723320526
0.2473490829321992
0.5521044913190429
0.3207734619730375
-0.09796654685122308
-0.1601497175950868
-0.2742290461054896
-0.15404062298723575
-0.13373295577076377
0.11577265943665521
0.5000842539197246
0.22770660749279498
0.03841508468992285
-0.5099649921808156
-0.5309819064428469
0.01580111468020444
0.520649027497859
0.7004451901513904
0.10427001742347557
-0.5834388184521446
-0.8778032035622132
-0.42612302477178976
0.5091815484699875
1.2979630279620844
0.7450727174006253
-0.36523555585454415
-1.4992145561867973
-1.287084698616854
0.14786615417939197
1.6844366695395179
1.6151622573158577
0.1830519867244761
-1.5754072668230985
-1.969654382358885
-0.6975363675921507
1.4221170022333736
2.3336115643642352
1.2186013899492507
-1.0547888867560054
-2.3946409076958326
-1.737667613964823
0.26168842006836546
2.2158957523107987
2.1260574469214424
0.47401201450781616
-1.5826263792191397
-2.2057292940974333
-1.148413027642718
0.6568516251967488
1.9605891543154872
1.7914705817968466
0.3934973991272872
-1.3049049869219886
-2.4267730463281416
-1.577749854493838
0.6809086669880231
2.6290217326861
2.417533855153824
0.14699856843216436
-2.22570292057526
-2.8695199639319515
-1.0633598280793493
1.4730729430532565
2.759087050518006
2.0364611623870315
-0.4286218672046059
-2.4610701291790424
-2.8488289269929035
-0.7646638631246341
2.108493836723833
3.4641365435865836
1.6927294423130017
-1.7749500551396769
-3.4161328483292683
-2.1073341018539598
0.995604258428481
2.938939765088259
2.169090341296294
-0.25852202319437567
-1.9098144667927521
-1.7765712683030646
-0.6949053591255357
0.5816076084972897
1.4139064747434733
1.5445075620767428
0.5275426772044304
-1.0187326144967563
-2.027843916693857
-1.2894514089792712
0.6162354527895484
1.940691600682
1.6341906416096124
0.13335046946654225
-1.3009463288904182
-1.9029833375002911
-1.204772558078182
0.5979935065544475
1.995996905509347
2.2140963975723986
0.2536680011777719
-2.02768253629866
-2.988117522060435
-0.9530401031855716
2.057256792314962
3.2455746282115085
1.4140218581931825
-2.0091369745672187
-3.1856132508898423
-1.4828647883201267
1.453765598088541
2.9381426558510944
1.7798392105279202
-0.7582926636662353
-2.6647117174406807
-2.3059015862266667
0.23872225957718818
2.7234821946983376
2.5750390973449244
0.06846607883138153
-2.644937092790845
-2.605105307876601
-0.35551766222167736
2.0425287754186185
2.404169082913823
0.847188905237032
-1.0069251096635323
-2.086315434689072
-1.540591689282694
-0.10092144749641
1.6392601653250143
2.186786658448339
1.186841246756508
-0.9972179457774217
-2.489908097980236
-2.199954584664031
0.1445521837948691
2.3310972659930753
2.934310968715934
0.8290115844288097
-1.7577669676206948
-2.978905930188539
-2.035481380810737
0.56040890661032
2.8335500649417105
3.2846943420527634
0.7542281078240402
-2.812310628685001
-3.9104019122276275
-1.3871945485643868
2.1971294198993228
3.749203691223931
1.6660867546370732
-1.378900348044397
-2.7953257616369784
-1.7317733110531623
0.6018979309711112
1.8026872088942203
1.2716190660621254
-0.31304323349271823
-1.0337579680690392
-0.5790262986429212
0.8074545448968234
0.8937035284645238
-0.4382670047898103
-1.684874999806913
-1.2206978982942747
1.2453674189853103
2.6615059568523716
1.851718170483626
-1.5759871020401552
-3.4558048315999774
-2.0820642978015647
1.2693061815323676
3.241060898823698
2.0136229179128438
-0.5990593351618888
-2.113866903629387
-1.6119474403111385
-0.4342564799389671
0.7879113700962915
1.4131471367478183
1.2299471927888739
0.047131105133861546
-1.227452674513248
-1.3539452703719363
-0.1016560426918296
0.7217411727527829
0.15477937192835675
-0.1964322799396348
0.7675939231702421
1.6417736858974137
0.42188266335234265
-2.570172891814255
-3.284704982405356
-0.6232930644224215
3.469109249695279
4.43448944055694
1.274950450853702
-3.277004337527219
-4.845309092829644
-2.246823296843597
2.2758414130209434
4.334426622072208
2.897472164658121
-0.5177104324839669
-3.122709829155281
-3.1395326583284255
-0.9716227761409046
1.6416420327976926
2.749722776818447
1.5559922947509142
-0.7076798751614397
-1.7957989270962516
-0.7661424620808499
0.3867229689541578
0.10304922355971594
-0.23017543582556588
-0.006229568796010079
1.0414835296808682
0.679374490880474
-0.4710754095191545
-0.9264455042659521
-0.5591367297041977
0.08940001574710585
0.6722916310419467
0.9861225665569102
0.18624423487963782
-1.2914759341775952
-1.6250891880762421
0.38103694730866533
2.3400588050607305
1.9443307085916788
-1.1687660737476044
-3.7494438823392784
-2.396593822937253
2.5896975354189316
5.615984377592917
2.648122845428518
-4.642528595367309
-7.662220497121622
-2.126611328380016
6.420823897806344
8.348210792666709
2.2079625881836917
-5.685699680689454
-8.396302467233935
-4.661502557743593
2.5079457545571757
8.691052117543393
9.00155025015151
1.4335188530903267
-9.023441040989216
-12.123569332346534
-4.464359565793194
7.212776344080834
12.011397952181973
6.657605303292136
-3.098826523828796
-9.04420458777137
-7.489539505983403
-1.9062700546831501
3.8331329185420966
6.7625365099660035
6.71283182275069
2.6894310805234847
-4.852897496165497
-11.072243787887665
-9.094041292487923
2.7432500216236244
14.30180453580287
13.283340263871091
0.13119624733555907
-13.530139623390294
-15.99869570998337
-6.560572732821964
8.695682617326675
19.5289813796753
16.193995508886815
-2.881437914639384
-23.63514773051465
-23.87255187364272
-0.2734447759033992
23.545017004653705
23.292334284324212
2.3197938537574787
-15.503976470192105
-16.247361774334692
-5.5776123547435565
4.937146666527843
9.282572396687836
6.177562030763914
-0.8537233950909806
-3.866666069066101
0.26572431817657904
4.104091884673809
-0.6535915780926101
-9.486764074357215
-10.8453627166142
-0.045014322439877796
15.62105200566953
22.94611526039009
7.601844316961479
-25.136518651001104
-40.36738871572858
-8.747861664492182
43.158071065416586
49.21486619778718
-5.778811072514571
-54.793504164244595
-38.33931514372263
16.755585697243266
43.79245565469082
25.55535200256471
-5.302028067870302
-22.40163980041973
-24.406901784114055
-15.135070692463474
3.0377390040686043
19.13105730856193
24.457773617189474
18.918515104430654
8.36521067267997
-12.320644970230392
-47.184412633645586
-65.45819592432692
-24.340289190510504
78.92630715186058
165.18474191371433
75.75624087438939
-184.59969840618268
-257.9922622318638
26.66655629049747
248.84738276031868
124.15120857016625
-72.87564639696495
-107.72820061335415
-48.88955746101428
4.070048359658346
26.71560058161132
27.668133305492628
21.26766961272714
11.799743372114461
-3.6120681495028957
-19.97385348863984
-25.5036618122664
-15.965269780912106
3.133000979016404
24.33572374431206
34.614648734496214
16.45267458810021
-27.164004504922804
-52.51486931667189
-19.524610153325725
40.610982698053846
53.61835254694886
3.507758618141111
-44.15255436840252
-34.732686456617394
7.086736013241746
28.952213672507586
17.481849406619506
-2.974457094012447
-12.518937574361122
-9.908746951196633
-1.4015384909200927
4.881336311507886
3.505884191248745
-2.1655765184197997
-2.597260334997541
4.208310081851089
8.489172308271076
3.9110245283040657
-6.164694852144828
-13.664758473958901
-12.004416518856
1.8007726735682033
19.266682028518712
22.436884673382167
2.571583712382919
-22.660765569002102
-26.35924638943393
-4.801343817511987
18.409333389783786
22.37569006198781
8.350251068811156
-8.416605198583621
-16.62325569993544
-13.016121601280865
-0.298889054616544
12.677633780164832
15.131809271349438
4.310317040211472
-9.145585905477159
-12.754511755614992
-5.510464829366551
3.8793125001206885
7.790106283388735
6.378471628499163
2.2874961782651626
-2.472137422559208
-6.733703619606473
-7.633659539770333
-2.594462990920361
5.810155423294222
10.881029678051988
7.0379195402140216
-3.556688397746023
-11.785101878869241
-9.504016069508769
0.8625100761454145
9.72318213678305
9.533865700857277
2.0185800106493508
-5.443740064552273
-8.146115547695166
-5.263074333315506
1.652696783147832
7.443273338683151
7.049848513255308
-0.5231380679500616
-7.423328389916787
-5.90101227237078
1.4928400207249335
6.124981322255057
3.489501287958414
-2.1826649397289564
-4.288439640963734
-1.5528187190244085
2.020679615657677
2.8386376675610574
0.6158757741393154
-1.71550371621244
-1.823142718076217
-0.17235314276634728
1.4065365240923964
1.0751709088855799
-0.11176706311107955
-0.6592892830126171
-0.762430044005716
-0.41817198422796964
0.48476540671038004
0.8599390206110394
0.40204864702801146
-0.3425635887797094
-0.34936902583319646
0.10578987442992589
-0.19572663649517374
-1.014308604156171
-0.8310713164607212
1.0458735414257376
2.4440030199360825
1.4622392778344269
-1.0017768662428495
-3.0111845767900904
-2.6518164697969198
-0.17408246625820772
2.6631232552329456
3.9727195541010953
2.1155469241029747
-2.00713755037704
-4.71309534265006
-3.421508162811285
1.0702543315505741
4.552557470552956
3.606770812075472
-0.2716852750677474
-3.462543133798794
-2.98616966031568
-0.022252337046271622
2.085141664765373
1.4536146445856688
-0.16440286518782338
-0.4594236822815447
0.4054687700856383
0.12042994903297484
-0.8356288653275195
-1.4858304104305322
-0.16637439840319512
1.3103516682867646
1.6440143733682357
0.7002803343936399
-0.78231161703707
-1.4594456366801878
-1.7069064790765136
-0.4585482407653464
1.6452249188611572
2.6641413499976108
1.3757317965613516
-1.6218538220759031
-3.3101956744003367
-1.7228650526371643
1.4660837169934537
3.009320542803858
1.5225945272526193
-1.0643949736721212
-1.982081474285647
-0.8698858703083983
0.7405820732874017
1.0145523742327702
-0.07962956540821266
-0.9759658264152397
-0.460357636131879
0.9711442168936701
1.620210165032757
0.5263569718545672
-1.3739772378867645
-2.541827207844711
-1.2759997499886373
1.3943828247385914
3.3089986600797414
2.400280336914734
-1.181786949131518
-3.7006430789956
-3.0029202285967775
0.5546073327507196
3.384947163400279
3.0566606848676843
0.44908831188035775
-2.254063059550892
-2.941109373391606
-1.6327079674671212
0.8874185071669963
2.755062280503844
2.3567226538173713
0.266190311000332
-2.302949605707633
-2.5285910405081964
-0.862041431568416
1.1991838089169202
2.28158283694994
1.5570533665042194
-0.18221120634922544
-1.625185204093318
-2.064099012450558
-0.8269740028428437
0.9510747253441484
2.224383390895585
1.687241356219579
-0.26374760458939234
-2.3029527221905695
-2.4995630351124767
-0.13554371337866106
2.4114847085603808
2.776088266373901
0.3812986222941261
-2.216165744536694
-2.7002972797659326
-0.7386222303547507
1.8312404453110989
2.6996271890968035
1.2673403654546322
-1.3509290739224302
-2.935679632415593
-1.9582279309577137
1.0371425378168067
3.179741437642117
2.212003362501548
-0.6776689484028422
-2.9767052474576863
-2.20876852131139
0.22055427380096154
2.2083094647592585
2.1600292939564927
0.46465753011875216
-1.2193621140847868
-1.9950425320244567
-1.2159303506939871
0.328820196195128
1.5995418200538427
1.7016901590228313
0.51236673647888
-1.052169278548817
-1.9801035139740801
-1.117258697728796
0.5941853850935959
1.586847661936872
1.4018005598233045
0.3409199317749706
-0.833774737819637
-1.6287964238212755
-1.4861900752112915
-0.12858741984165872
1.754216337298668
2.6861988392510603
1.0644419659556585
-1.9301199422424804
-3.2231604587145326
-1.7481294139141486
1.4236144890362583
3.439041316106925
2.1663406566079937
-0.7279483835387478
-2.892744247818131
-2.544493638758366
-0.2273978200410793
2.0789274645984253
2.6829322121573944
1.338088009233289
-1.086160526821108
-2.702403980060594
-2.2051756386289103
0.10099821459568863
2.3975263279436807
2.578133664622153
0.6818821548792714
-1.6791201017144228
-2.42231403480053
-1.3351999314939258
0.7224582758627517
1.8756160458303024
1.7835088249144286
0.48596753472307475
-1.167226748237049
-2.1238465943129183
-1.4130033247567029
0.4452885740597314
2.039218278860309
1.9203445455882995
0.27120729303723445
-1.5090017839037628
-2.2085605308563387
-0.9473230828313899
0.9846664034759981
2.2254043869509976
1.4102015829760968
-0.5580514756575023
-1.9342063372681286
-1.6340160196962692
0.07502884568761403
1.6542530542756222
1.4880867140544534
0.35628359580950497
-1.1744822631051477
-1.5137472764497373
-0.41627482398953736
0.7753854216336519
1.2552389618717577
0.5075374687626317
-0.4742279159831564
-0.8701802256676018
-0.6793789208444151
0.21252964667910598
0.7260208627289084
0.6063054977713307
-0.008677667212468737
-0.5253617411107134
-0.5926510432416153
-0.032145167961818724
0.3233373710204757
0.38953461497591224
0.1294765013743129
-0.07417378917066483
-0.2433499980670672
-0.25920833131995874
-0.08947413996337969
0.05210668993447043
0.3124470148017123
0.3404295590104088
0.2585297730904944
-0.343109580264804
-0.6085342098119133
-0.4735593363996523
0.17455459748924376
0.7867706288467649
0.7546495916662715
-0.08211619156811716
-0.8168348559676455
-0.8975452406756919
-0.21428703243617697
0.713412611751842
0.9068494291194529
0.47094484470840514
-0.39333983249513704
-0.7763380707220032
-0.5875969425752586
0.024788026663919868
0.5458162086932946
0.6471869329815652
0.33269878226072735
-0.23949214510799136
-0.6618643026040254
-0.5237780666421414
-0.21060893226910282
0.46106773913571264
0.6604533524954257
0.4809313890480531
-0.17885996719062716
-0.5935077238805008
-0.4688681779764581
-0.1468071747111253
0.22337260891367422
0.39488831732223806
0.5648305503731285
0.25355753839335343
-0.4615168825674311
-0.799283765179762
-0.4880588584843992
0.2011691134607988
0.9543606677704466
0.6818732923314539
-0.11447323425493933
-0.8728393950010582
-0.6040365818337341
-0.023461632069332265
0.5897700503090638
0.5106444817529543
0.04395361605262746
-0.26264097666130604
-0.23794239764110264
-0.13899264819894902
-0.050687602237073866
0.11297684639482491
0.10289965115939877
0.14751320663035414
0.08578421669345129
-0.0095110457290421
-0.09143633097659966
-0.2302524441799367
-0.14567940438225124
-0.008474318785356984
0.2836312614057381
0.26977959965303466
0.005687105789608866
-0.2570406816890383
-0.3164455768557692
-0.08231516053265453
0.24999980436984778
0.39448149320323717
0.23384099244282808
-0.2879499389790061
-0.42617298891736866
-0.16910034197498836
0.174856070994418
0.3312778881004532
0.12323742231771909
-0.17245187542824278
-0.3332727893742985
-0.008646376880906533
0.1823564161381606
0.440459344118709
0.1158864335974654
-0.40167167781678
-0.5261090633431385
-0.13079626533643485
0.48668217468683517
0.44490280165957186
0.1823909711894735
-0.4084049869177841
-0.3555598907456029
-0.22577452359727734
0.2850260243867662
0.2506478392140617
0.1433922567776548
0.08386492381683364
-0.12879743769807372
-0.36819259426302675
-0.13450667970524094
-0.015637391037389335
0.32502185146504536
0.20651015718843138
0.028006997769722597
-0.06646168573938858
-0.18349199245476677
-0.1602070539341109
-0.03950722781461412
0.013265072052405277
0.2840142003612839
0.3157746054064696
0.053887918536672255
-0.33392402297585555
-0.3663252164558322
-0.25471712866145096
0.27085718474263054
0.31306276567736785
0.2129155108339425
-0.048704168507773
-0.36204004143309576
-0.2318579081496855
0.09555658522478858
0.25598530337978764
0.23078926400078612
0.051928032306298236
-0.0735081931576177
-0.15490492610401124
-0.10767000443113707
-0.11125654600323973
0.0037400154129740744
0.08134965216993387
0.10163257568481354
-0.0033868809853170243
0.09097424103565252
-0.08796731650037284
-0.10192567811732169
-0.20034827775714031
0.08415927497775563
0.26287754028923405
0.259653871471484
0.07660623150291365
-0.392618656373674
-0.23592519733592793
-0.06680953400398415
0.08708834487613443
0.34765285049888284
0.07942981322506686
-0.1497311295024594
-0.19628133891110044
-0.19228944045333451
0.1717890322274363
0.2553458466478988
0.16094609842211743
-0.12583098690220584
-0.2243238208479187
-0.190872319916423
0.14845899149108852
0.3002173394262148
0.07328694196367208
-0.23356369775201957
-0.22297319708223598
-0.009985327381757954
0.14988100027769072
0.15995767471589187
-0.037666366798323136
-0.06693015169566972
-0.08896787600715195
-0.04550038179253403
0.04389518462091556
0.06193254523234822
0.19650103535869426
0.07679012873780158
-0.11494189696164048
-0.19515263573818747
-0.1892195720704761
0.04661636667951324
0.14994981490815912
0.13586716706777155
0.08940784348545577
-0.006811474144695746
-0.18306578948471708
-0.12070827068472519
-0.14150968686779475
0.09769744091096808
0.23343668749328667
0.14240072794459027
0.11904047469484534
-0.23470592133802995
-0.35180031306401904
-0.023099124382588078
0.2771977777403192
0.27391358472579647
-0.06615706667806423
-0.14447703389157224
-0.1644379704014592
-0.0743833378649284
-0.008025283166372865
0.055983139322096157
0.13890417275234607
0.16202079602765657
-0.031945970772163594
-0.02224202861277485
-0.12218335672666966
-0.136802408189015
0.1378308485562016
0.05542072683259742
0.03426173583801582
-0.06044277789422463
-0.05262471984847812
0.034327923934397
-0.10033361430370195
-0.061312860155959964
0.062321453642705305
0.2164792166718647
0.02516529205131416
-0.06800368002847043
-0.12312950702823669
-0.05202156254462803
-0.014607643144271853
0.04635522751343636
0.07085156812010056
0.1615733499915974
-0.12378877265557944
0.03764889750407006
-0.15257712911636062
-0.03533989565874749
-0.005791073895045384
0.0058018632846281734
0.06853339448147296
0.1376712500055049
0.041550918322381565
-0.02017750248606301
-0.11071243059350498
-0.2636514549973295
0.06879338414922162
0.1851489378033118
0.20538910065423163
0.007762681728889248
-0.12746900380005716
-0.2440422664702044
-0.12572650672515498
-0.02726245315473817
0.3043154076352011
0.22635731721944966
-0.026062457517513623
-0.04447631229148363
-0.266180774019854
-0.14721127281581967
0.06838411272020851
0.2297227381927119
0.2566687945231848
-0.1417818186279929
-0.20140880892671303
-0.18521659969226767
-0.01534629482300074
0.1636698875856973
0.22849668577959162
0.006553341754859193
-0.04955760920471432
-0.1308821347248328
-0.05248778808056178
-0.02753795642008127
0.03338051355879887
0.18441542979164038
-0.02751145058803571
-0.14631287267109008
-0.09786943777412788
-0.04249091290404293
0.25575524814878825
0.06706125539642138
0.0005043707818801965
-0.11015817976608401
-0.10458528030421903
-0.029478696546902175
-0.015332320507920811
0.09047972727287114
0.16565777061516665
0.018459110788074537
-0.11758845207397833
-0.10163157088114108
-0.007662708790273507
-0.03329122159841098
0.14627007671987913
0.11907666362656219
-0.06254607841895807
-0.14975557646676962
-0.18202441501824818
0.03734558242090996
0.18394231439296066
0.23047523111650153
-0.06313341597288144
-0.09280539116282294
-0.22656405026024998
-0.023100395324587616
0.10851509428533702
0.23178912722862433
0.09395459271730194
-0.08053243538119287
-0.19914741364200766
-0.17733656735037737
-0.1395218535116838
0.20351230571308687
0.25011923018908816
0.08662904013207784
-0.05637310736761122
-0.11349802060654432
-0.10070854188554339
-0.06734064456410516
0.05982595759025743
0.09173299058019901
0.12192597979006106
-0.055332645203174026
-0.13607275177314526
-0.02825805655071599
0.16281333280777122
-0.08910700534481342
0.07505376688057794
-0.12347670321381299
0.013763385972400045
-0.0064490043793023685
-0.029115240117911036
0.042464895613816944
0.12624411333334026
-0.002434403563128268
-0.11869458242884028
0.017056366154515203
-0.10258692163158745
0.028698289833325924
0.10382314620925889
0.09193168218576142
0.04265143524125515
-0.11604686445472173
-0.16908311873570675
-0.05108916247804088
0.08178788378298268
0.17214899291316804
0.08037979812870089
0.06611242537788865
-0.21395540175532776
-0.2454469775617334
0.05193364757481912
0.12038562732739597
0.20011182175314918
-0.019450574014112508
-0.000937662739801795
-0.22567717038324653
-0.04754047207209093
0.023391480901173926
0.1404260633199227
0.1472201478779763
-0.050876569144134715
-0.05093875052759286
-0.11433409754319569
-0.021783223223832547
-0.12336209218791769
0.21714976408679731
0.12919015621408234
-0.09598787536383695
-0.02559084269352744
-0.05868205907750539
-0.0028106076593655653
0.017806896414183135
0.04370453965233824
-0.030184372162320616
-0.03401053344937466
0.0720295106489762
-0.04763029913302058
-0.0038739155730049615
-0.017810151724627785
-0.009085725893764197
-0.0028681835238727055
0.07444224023457421
0.057160396330935614
-0.04624024895332597
-0.06774505755223176
0.05834988214660115
-0.06556431507095763
-0.1227150312054217
0.052595348756388174
0.1317870305239771
0.07400882746522004
0.0975772713749857
-0.16974988939103852
-0.10464107841595116
-0.09420073552273867
0.06852367069456942
0.04510804116761858
0.1400961212896586
-0.009194686797088316
-0.03447681264802142
-0.059158119497126946
-0.09522159013169738
0.07310551661880182
0.08272662238260031
0.10170754770437869
-0.0754820043316865
-0.16774279817809024
-0.09878431181066918
0.005400759568420958
0.14613228628497438
0.23051593375496948
-0.04404761443419401
-0.1579864185467197
-0.036315113623741534
-0.013943337044727083
0.01003415341264003
0.12158284424871388
-0.07100887156149764
-0.04450403428471879
0.049966462590641234
-0.05093097058793652
0.0001405257816117847
0.022296729745276432
-0.07016997042708363
0.148841952952328
-0.06926843553122429
0.049628059522561246
-0.04124392082805757
-0.0025664613083275466
0.05228110928366622
0.04949860057341323
-0.11271684518670637
-0.10763827868841436
0.053573694440112014
0.052746346744239954
-0.0465550799109088
0.014296418789109266
0.0698895823932591
0.015660146108202256
-0.14551909711209512
0.0622569044663451
0.023509576919843483
0.13897890939630428
0.043120876396702625
-0.15263214951320456
-0.08970910439153607
-0.13881229274116047
0.14508912437333724
0.0633790721279382
0.18879411738023616
-0.0900419020874189
-0.12080438364721421
-0.09233302198522567
-0.013878311107802764
0.01467429767673566
0.13523257311121067
0.09980568243903587
-0.04437752129065519
-0.06327027515171707
-0.05845566296803968
-0.015416116046170783
-0.03174091029585751
0.13237716582960077
-0.012567998343561204
0.03777604331438592
-0.07158550723684017
-0.05134982816509326
-0.024395169894230864
0.04507236625182301
0.09310917391250854
-0.019160081339648593
-0.04716445381802625
-0.055797259354472654
-0.04222654589249186
0.09442616960043587
-0.02114424678280628
0.032839059651735246
-0.01916806707801125
0.08951430746094499
-0.04159273787291045
-0.029289587693688963
-0.03171449365690876
-0.014424327478156633
0.03577699494295507
-0.05900918358641195
0.1378395352707989
-0.08021621610119889
0.02166581876501352
-0.07455619928672935
0.02808684349718536
-0.04262186872566146
0.0008825272748567738
-0.050444153715159035
0.15958214858579303
0.07622649781144313
-0.07394868847707094
0.0023155433853228064
-0.07276635043303689
0.01632768791084234
-0.018802027904788295
-0.04240811452528885
0.04941099721634597
0.03341281021126538
0.007645439980605325
-0.06239270574201247
0.02041575174070378
0.035451555297462925
-0.04648538536991051
-0.004186799679055185
-0.006930435359582317
0.030042671545835405
-0.02221102392743746
-0.0019164890876686713
0.04127554184403737
0.04818894053435924
-0.08022642402671842
0.05991686280111554
-0.0008920589700533443
-0.09430629423520225
0.013850086487558436
0.01190158539951756
0.027155309654166848
0.016470588205681987
-0.043118461078207986
-0.026997822435704075
0.06660682990052073
0.018331144956506323
0.07606111393325082
-0.16408708842348604
-0.05860771870976542
0.05942760189307553
0.012970132185107983
0.060744721239926136
-0.054304157485775356
0.026815811698719598
-0.016320658630941075
0.04789439461505123
0.05836663617580661
-0.0334610604059692
-0.021018764957603034
-0.015197019906927777
-0.12263881215159128
-0.010895905296986563
-0.0006061979703064803
0.10333246532479867
-0.009409081822332903
0.06702038200549056
0.034954346942929794
-0.0070572662239201285
-0.06177847469547168
-0.03430956163051288
-0.025768432153230453
0.07128474188571073
-0.07035498481585897
0.007236731107808814
0.00874466158568421
0.00037163121155090297
-0.047703972419579174
0.05071998305630012
-0.036999543741043535
0.16068546922036325
-0.013288708864161117
-0.07902576688675886
-0.09397626900057168
0.01590446393616573
0.022683628470446547
0.0985055786006113
0.01553857921818647
0.011580602505009988
-0.13271444763663465
0.02809973438426412
-0.10815014014532075
0.04640758987694355
0.012896094716612681
0.03849241191480272
0.04223154103285974
0.05141163411483833
-0.08250629067224821
0.1048396294120718
-0.045704559412072486
0.05683402409732462
-0.04235729454936597
-0.18367253209633838
0.08174852213999939
-0.09965611254551868
-0.01653630894777792
0.2008935361648392
-0.00024116782471238912
0.010105432180387109
-0.05771359949185125
-0.03685971098347045
0.09139527454357818
0.03303214030725827
-0.08782537987964495
-0.0791165257771143
-0.024427347503089156
-0.017169156606994244
0.09400933760301797
0.09503731582919023
-0.024203826633001392
-0.005391316395281978
0.017608905257532836
-0.0039650818175572065
-0.08835449686517548
0.0011827662327152134
0.009108277967284353
-0.03268505620709565
0.027297949350880514
0.014212050289395463
-0.011700344266714787
-0.02369561706813369
-0.023126094771621704
0.05827423079804945
0.08204644210061311
-0.07497539130604114
0.053113794236499916
-0.09974269572974669
0.039952342274697725
0.009433400216705808
-0.011130051815199049
0.10205694314257457
-0.03698230298360278
-0.1516803041137615
-0.023754297899974824
0.00479177745527036
0.12900632418590874
-0.027684690141412935
0.025927509430372878
-0.03543070321678146
0.08854881193387504
-0.0835470092025048
0.09416610983954457
-0.08493359973825543
-0.019995385553655664
0.0027070651961029635
0.0002716478515891411
-0.014476426648980432
0.016494310286430253
-0.03351948869002527
0.04560554301877214
-0.003966161805781774
-0.07495546824403004
0.0868952126347661
-0.004549441898789669
-0.014193892416411624
0.03557095188828746
-0.10342054212680644
0.06917453111319115
0.06428255960692149
-0.08667985145656351
0.11828621533390055
-0.0325349962425571
-0.06670560640292184
0.03161326126808307
-0.14009050684874075
0.029126844572892333
0.02801530991871053
0.07123590926755104
0.08314438680405789
-0.07917466719011618
-0.035124358882656505
-0.03944797105269947
-0.022428957194525707
0.04075472466469222
0.04243352009593926
-0.0017722833969477242
0.08801668581731639
-0.07065548447263836
-0.033688687726137916
-0.11442017822943008
0.0733107304578117
0.09424139744534062
-0.009498592266355972
-0.0030594228105469273
-0.08349189225194015
0.03206177500885861
-0.03442043140157847
0.03658365624833731
0.042335626480781166
-0.029142263180870258
0.022821332981923924
-0.046322388513071286
-0.00781994604808034
0.016825475625228355
0.07170931584191262
0.03881933411854113
-0.1420535037920438
0.03862243339316636
-0.0927376407904331
-0.04263177197349316
0.0735376422450884
0.03566138432084112
0.0569015767055506
0.04949008172589932
-0.037325387766390314
0.04251100601702836
-0.13762480070832875
0.004389341749662882
0.05421340072118253
-0.04941575653527842
0.04383479188395794
0.0142044219688163
0.020039308806398728
-0.018939724634831227
-0.03781237490256468
-0.02483338375098272
-0.011841073496195498
0.017691354250403083
-0.02311835506961911
0.02867146861344259
0.05714637247271402
0.04202267262946416
-0.031264724931010006
-0.05020166355207108
-0.07629087849664112
0.05475649708119694
0.0077043886408150394
0.09004055130018354
-0.06627008252923142
0.04449339538961798
-0.10377474172448763
-0.013054915679352196
0.06166454366843135
0.029271414879029053
-0.027666580319265468
-0.01793970897237154
0.020903653898548376
-0.003237248824799338
0.08982202704717183
-0.11576290880401291
-0.016303515586792685
0.06544841169346188
-0.04016624071258169
-0.015313375001624531
-0.1301693050497705
0.1301904859893612
0.07261476706230258
0.01576812429011286
0.029579651918461784
-0.10170408427888522
-0.008273502235312924
-0.08134979860808697
0.12516904542977747
-0.01895219117434779
0.02540284420633357
0.030464094045948638
-0.10308535920685927
-0.048311229767186686
0.09044899819462637
0.055860243795150255
0.004443138349242743
-0.09751791408538554
-0.04186179023575789
-0.0202108290675549
0.048299051827950565
-0.0052746661744130785
0.1262710271496089
-0.04415901761898158
-0.019785376974261408
0.038258401415713184
-0.02370345500695881
-0.008720416060229927
-0.06065349236663836
0.003809315166419901
-0.036639153915590056
0.07367579624721393
-0.04556531632085012
0.06892955282202942
0.02313609446613925
-0.05408621155016645
-0.04948813819313989
-0.02882378307160221
0.07018245562822681
-0.02270952961752633
0.08124840084853185
0.0411136483879808
-0.041842776484834567
-0.05051834533495728
-0.04941192109554575
-0.0600304786189991
0.1584576663631787
0.010286288718056303
-0.006522410557637132
-0.08297435358501641
-0.09205010406512795
-0.00047766249913192005
0.017555850345233714
0.12284854405744189
0.07053382273035534
-0.015434196447082986
-0.06613652371067727
-0.06467721378975434
0.09229239259224935
-0.020306968265710768
0.01693059114310306
0.0021452052152918268
-0.10690415079594551
-0.0013889822514102923
0.01861546981231241
-0.0003987553023485045
0.08925297630219273
-0.029162752142239377
0.07859563244398762
-0.07932543428894936
-0.11642774205167669
-0.009569204302364727
0.057612081725806966
0.06312593436560904
0.07400597828238335
-0.07571926666569172
-0.04035021559156671
-0.0295303178068849
0.08188765334188158
0.03699194542324489
0.01763414277692458
-0.05786129190515879
-0.056769544272829264
-0.04929019223352962
0.054390225085806695
0.03705101153239599
-0.0019175929261580436
0.01660822849043827
-0.07523405624426638
0.033790400621682364
-0.017868644730432023
0.03862262878631824
0.03264597380804483
0.0035239324142948593
-0.022274468193708406
-0.1478583526063559
0.04066514641256323
0.051132575811510185
0.09547108576492565
-0.046409826773942946
0.056249670719239066
-0.03490999587392011
0.0106176371851793
-0.12578187010171285
-0.005884594191427136
0.10893973470202586
0.04183897161232203
-0.09599669956956237
-0.10298239587350935
0.04354910120802089
0.1741512389210803
-0.08262026592131257
0.054567904177516904
-0.05885631383022017
-0.059682018681450996
0.008197786807642271
0.031245961876949623
0.025312307818829892
-0.027518002431326086
0.10912916467816998
-0.11165799927863404
-0.08191517697808155
0.04487246633385997
0.0943866563341544
-0.003717177768531185
0.0805546581115914
-0.15195253576275203
-0.04845016863001336
-0.01475799415287422
0.049575321260987626
0.06076249223350134
0.05043216974792338
-0.0443473938929917
-0.06167055039118191
-0.002252321175204278
-0.036347359083760564
0.130546136261813
-0.018234648843742998
-0.00863699196721478
-0.04044783450751713
-0.009825655120706534
0.03677593579766845
-0.020000904517511076
-0.09056618128506497
0.12441794700516383
-0.011028581618780143
-0.054949710968404945
-0.051904636932815364
0.05257022200919838
0.06270254850405388
-0.10806482358713528
0.12915988121881739
0.020994412540386188
-0.05270537959307757
-0.0959063062423625
0.08377745158167507
0.027243878346556408
-0.031719831371421495
-0.06493159088129796
0.014021461894125821
-0.009516235985252145
0.03491195888882946
-0.022563812923950734
0.10025113261045243
-0.03801626324290046
-0.06290181875846249
0.05416219866857218
-0.038500779220174655
-0.022777667908596245
0.05014373710346898
-0.007765381569132378
0.08072602901576745
-0.11163779196723353
-0.06778278162751787
0.027143698729216702
0.07852607966931309
0.029145335132952428
-0.03189673445018645
-0.000344633578935381
-0.09226916277934222
0.1382517804393984
-0.03864697027896906
-0.045845815936988575
0.03023693877358483
-0.03958521778040976
0.08877011063733471
-0.09524477375818345
0.011763292232843534
0.012120601376913464
0.024842267255055395
-0.026218247877249447
-0.028583984732431438
-0.02924455582245179
0.10083999088955145
0.06715816766647975
-0.06586492416689366
-0.021106245891941457
-0.10999427123744912
0.1047930763625709
0.02935364518025048
0.001986511350322494
-0.0032843825867486937
-0.1038958150124118
-0.0451891289397432
-0.0033770605380027997
0.07420383618611022
0.07681297433474064
0.14054376459319803
-0.13129440018385083
-0.028840690468846998
-0.07778565116263936
-0.0985382757008638
0.09232778311592751
0.14182035007222402
-0.07030650034283524
0.04707867802772082
0.0024465423403992395
-0.09097259992708673
0.043948127988702866
0.026621079000231515
-0.030840534299386657
-0.05116391330560623
-0.07803398915181488
0.1289028046770822
-0.0697430683036268
0.053910398682598094
-0.029610338357950322
0.022859947915099835
0.04984442152715763
-0.09516098784976337
0.04708913029284397
0.030478948195811078
0.0010518515531771147
0.04647402381857125
0.02342364837711603
-0.12696337017996154
-0.035959628063760955
-0.018516911389823594
0.054585262484120316
0.02651839474717172
0.04974776824734848
-0.0232278331449859
-0.052516882650870414
-0.0938360544432584
0.10450111038323184
0.0312761417264556
0.0021322378145729364
-0.002087831632303975
0.037390209402347455
-0.07718104212267038
0.0037054891701160976
-0.01556409527562599
0.03619403866503722
-0.045109404567197225
0.06348500062264689
-0.026702111228449604
-0.023091919064383917
0.011584720025053749
0.002561976828706321
-0.015054873517268696
0.07357818268507985
-0.05780158665307483
-0.010443440887850066
0.006556542394203536
0.03129888826344581
-0.04950869369988378
0.03167708951627701
0.014958395717728234
-0.07331065882269619
0.01224703535566285
-0.08131515318599568
0.15628479400154077
0.00851793764675804
0.08180494694551696
-0.09126529122254895
-0.06320528787792881
-0.06853555228992883
-0.023121991138743907
0.09920330679785913
0.044669465425759496
0.015278555547096208
0.05576405096335844
-0.05404592715867637
-0.12143306639997373
-0.05316721567307756
0.10149487532582847
0.06870271199226853
-0.025517661141754945
-0.05411195356386668
-0.0307153905709543
0.09235436855192107
0.014513866545040919
-0.0059548764984774585
-0.07221654341015135
-0.01860846278884414
0.09753939949444806
-0.09948694286156551
0.04215807001284058
-0.023293252044723413
0.004934819480293222
0.07540486159008312
-0.025947341042026367
-0.0007960552231159358
-0.038577343427661163
0.0030231722741777406
0.0014814387307492231
-0.05602256809613354
0.046619322716918585
-0.005887900735849872
0.04639126828773818
0.03886611702041972
-0.06636938151507454
-0.038138953201484
0.004169083996344074
0.04657626894125032
-0.011459630660467054
0.011998642998394954
-0.00967035546469352
-0.04851771538485348
0.037423732228005616
-0.011475640109274689
-0.019092187981986086
-0.007891313327581582
0.060325538615561974
0.049864463332692975
0.01608991907784201
-0.10726202006057912
-0.05802149055393968
0.016646935716342688
0.031045644717860598
0.04487058415561147
-0.01857970955127217
0.018154929059293095
-0.023964220549012434
0.049519994679422086
0.015250311554442057
-0.1061748243087234
0.05873868787581167
0.004349963863965833
-0.0056221054273226
-0.07099941980480984
-0.0841856565673055
0.14788129348667373
-0.09087358261929049
0.134505139666747
0.033741003781815264
0.02052297783852452
-0.07927124704290153
-0.03766048020821151
-0.04063890110393066
0.04248357350973228
-0.10251327546059338
0.05560722618887421
0.05953919726349918
0.01282355590933365
-0.013912482739413659
-0.003320248380155601
-0.00800603953414559
0.03495382739400146
-0.09154512535382893
0.13370258753553965
-0.07542629093948947
0.04422897867180342
-0.04285744100001521
-0.02905316266696701
-0.059058307899993334
0.046099777218445576
0.044400129631795286
0.005799443359447052
-0.018463763736981956
-0.042200999668692375
0.07779612234937786
-0.07213157789074105
0.06477054142639632
0.0295398484399146
-0.030053902188691764
-0.02433023317372389
-0.035321877507835435
0.008520779024536004
-0.030125931567682625
-0.026881355573911164
0.12835906600097505
-0.02081208676299598
0.03730286765097627
-0.15836319206442934
0.031205437541956805
0.029773395200447337
0.06143255496589706
0.040339811934677804
-0.052323934964235416
-0.04893062867326356
0.062052391644752486
-0.043345304728058476
0.002925262307989101
-0.012140230954133541
0.047515505148353454
-0.09040976988714133
0.05637302763096468
-0.07323004931923746
-0.0407363394233929
0.08126691852578909
0.0595687399462277
0.05224428507668526
0.016109580511650987
-0.1325356534331066
-0.008847644621261773
0.021411919454082332
0.014568379407362903
0.06551335291075776
0.028551731109795035
-0.13734231498124067
-0.015038218227441325
0.061633401750716556
-0.07649488558276503
0.02556381490667357
0.015943885958152063
0.06944455513193686
-0.05619284439246057
0.038614204327533035
-0.048971409575197564
0.06451412258885067
0.03027843550602266
-0.0028456208437802194
-0.09009939424738231
-0.018257184830294794
-0.03223741027665139
0.08647139604563805
-0.015472745157728026
-0.02544080456137875
-0.031463899034377754
-0.020956031830919625
0.10968269102993514
-0.03588950764324336
0.04008706027469015
0.060829189078869396
-0.0847297234481543
-0.029653435866504048
0.04659663070230211
-0.09961278261660428
0.026961472765777143
-0.026810624196004974
0.062492659983616125
0.001173732858065834
0.00011172598973067244
0.022427457240347635
-0.022709792039210894
0.012269878434543087
0.006140683281759641
-0.052139455874088525
0.09839570481661183
-0.10776273805953591
0.04810247621939917
-0.06939533735755427
0.0013662746092367659
0.02089621254471784
-0.03604501835662502
0.09812227385276698
0.08001537724682004
-0.1049587613333615
-0.04157874741465184
0.10445311414846592
-0.041391814099419055
-0.06063395731735147
0.005891639858367735
0.02230007270080235
-0.010267785419157946
-0.05374967954077692
0.017080667921145466
0.09565888403908358
-0.0424840608743673
0.020454237056199802
0.004414085440355141
-0.11536085977685681
0.10138079731356928
-0.02104663202247027
0.0032114371059946203
0.07323285824154262
0.0128224531129835
-0.1316947290618814
-0.05916174544272683
-0.05856007923093544
0.1289604507807297
0.055294955877613586
-0.0020357317555180603
0.08185734352355946
0.002497302819425347
-0.16720240195653305
0.04646388108674511
-0.08512905987682265
0.031491466653148184
0.06341240737084235
0.011545683839402545
0.01656629247692894
-0.03452079840991368
-0.08472285144042595
0.07860559321368396
-0.0030117971314758754
0.1332913159345686
0.022818906959770412
-0.08126226705250869
-0.15397185391425816
-0.05930032866295855
0.02692697686054083
0.07500373748342831
0.021762203971188165
0.043093559920229285
0.014157593099032788
0.10009804380006984
-0.12448687924819918
-0.05988609389151696
0.026733763774578603
-0.09679905031591725
0.08696965323207292
-0.02158748072388558
0.10628320008961228
-0.022569544173451035
0.027391013555211174
0.029209981165479872
-0.132872054653146
-0.026672344509726463
-0.08320177100680633
0.06068337994341176
0.15528203896458725
0.031856961740243606
-0.0012575281778963443
-0.1297518122013574
-0.05370964913387192
0.0026745780534947576
0.009168262874514353
0.10051322819041505
0.05339002539820529
-0.03507857754272879
-0.05829341130750797
-0.08507867360255228
-0.0781960637070165
0.13245576184890823
0.08276190602111826
0.09285377773441755
-0.09287982854333142
-0.09391920998760687
0.03128465637256505
-0.05267551991077736
0.060860553091288884
0.07297788351976338
-0.0882595426736025
0.04659444090940343
-0.12048542465567223
-0.04487617108607517
0.09470737698385168
0.015078207598273555
0.11514209114195569
-0.0005247696905609361
-0.13719809935719693
0.0905555864060549
-0.12195547844926617
0.08584712221216115
-0.003532236328150652
0.026248875605518873
-0.017458965166606222
-0.13109654550113234
0.02737432941695951
0.12409054456309418
-0.028880937782105577
0.07885846120306647
-0.11682907319711078
-0.054134086033841865
0.0002655365626903373
0.014132537058534938
0.042212979047174685
0.07628759365209464
0.03070058089732847
-0.04695858726827608
-0.09321890445455912
-0.07338895173698746
0.05827410815077378
0.19899375200380987
0.04531574726942707
-0.19777103229689372
-0.11023128491470462
-0.047890724421808875
0.15747153801435826
-0.0063262962262531815
0.04280972477625325
0.009588877340736553
0.05464805095205717
-0.14452376199533473
0.0316333844514809
-0.03749817554990672
0.1228146140933166
0.0010658916220702835
-0.0010327739156439988
-0.1035252534729177
-0.08093122671644123
-0.007910358396152804
0.0940216544921921
0.07318901960199256
-0.030560825849189784
0.012797277011807277
0.037356387654770506
-0.09687113303394357
-0.007134464410539505
0.0017523779558338455
0.0822416820579851
0.02190241738950114
-0.07733552561225877
-0.05850439145934612
0.023097258413805912
0.09176864294862243
-0.05972039748368871
-0.022544358287634257
0.01868008604406349
-0.05951852879415723
0.04586570363011789
-0.0021047200560723924
-0.0005899287194044978
0.12910072277802961
-0.10248845500993412
0.046212691636985666
-0.07341047764926968
-0.03883950848648997
0.008024463158037131
0.08584837150263235
0.015295504615795494
-0.014163129494527606
-0.0631780165347314
-0.058452219421155846
0.06452684795030911
0.0382739632535837
-0.04294065611119484
0.059390618110332034
-0.14319033691215538
0.11031425165704592
-0.03551252815308216
0.077817799354608
0.04377391162169862
-0.05616857849623919
-0.007466280728759617
-0.13920884063635586
0.031811645800886496
0.0583845670441106
0.012768291286251326
0.035119387415896416
0.01311010819859706
-0.09410254505121574
0.024159331691601414
-0.010245868866957813
0.08929701264407407
-0.005915948945438315
-0.075987323751069
-0.024812335730985433
-0.010602398114391776
0.02975066442007477
0.014042780850057345
0.03428209980985204
0.03550302565787956
-0.0030515919806491064
-0.07985070240816058
-0.0449787818123863
0.07505752751829337
0.004550328432372063
-0.02915200447488534
-0.011367448632184116
-0.06558923503658513
0.07259343373577244
-0.0017018195354582405
0.06236569320249159
0.034811437380738185
-0.03485127279107818
0.005269137304419299
-0.06206866636476355
-0.008986532376890611
-0.019288693794421767
0.01461979400824968
0.010986538822770519
-0.04247866749066457
0.028605532899450767
0.033853385870410375
-0.05595955715510012
0.0011902940350624787
0.04323642735512295
-0.0013396842337223408
0.08091866872026236
-0.10547343568494486
0.06450627432927677
-0.035477145356236375
0.012985839374020976
0.018553531713108536
-0.12581303361271695
0.05163918520233521
-0.011120003539184995
0.08735371218097115
-0.007244739447267777
0.06702494143721709
-0.1733817592982177
-0.014821981204824818
-0.011261490738405282
0.046916280956414445
0.10064988574120343
0.011060670369334238
0.0035528241021222998
-0.1310832428842569
0.04794296536530673
-0.051989406948049544
0.08447836343514051
0.0035016056462550994
0.06349979306378176
-0.0675755697088045
-0.11766279948769606
0.0266242170901809
-0.01872360406595975
0.16570946649698373
0.004936279867117149
-0.05332052817459536
-0.10604808944900251
-0.01738954871990292
0.056918420493773145
0.053595512216565
-0.015490823066333082
-0.010337022816325259
0.07789332787790039
-0.07782450339485722
0.012225051388986849
-0.04712676799671124
0.10377929070716078
-0.0501348228110504
-0.007093722434700667
-0.04135815765349468
-0.1378092158907806
0.07261815599020499
0.10602881596673909
-0.02339551697577842
0.1087689472506327
-0.03614105307814329
-0.08661959585181694
-0.00697316671572989
-0.028992250980885904
0.07469379726565585
0.0840257903171484
-0.07481716557693077
-0.061532132342546224
-0.03173473405691068
-0.024826061820000717
0.046969346670362885
0.05977987820759542
0.04732135092307486
-0.12140086327392541
0.03396392994209098
0.025325211849064076
0.058520028047529093
0.023403593230113238
-0.053516441804083555
-0.09659236537691496
-0.03771290800278666
-0.021553560969472238
0.06673533329536521
0.03915445759184784
0.07075182296492513
0.06403900477123887
-0.089194416913225
-0.05449712350287042
-0.13625086744989057
0.07128222105649912
0.14736110328934598
0.014044266752570844
0.013668663833601626
-0.18784485989001862
0.04145538125003042
0.06426076579125149
-0.006710971643317331
0.06372951213457687
-0.07823801470265766
-0.11866716680465751
0.02754357749441734
0.026388845492446425
0.0420625651548881
0.058730190082011025
0.04340866093981034
0.04133823669378778
-0.050385852563486606
-0.10258295490363381
-0.050773210602002836
0.06472345359903671
-0.052546335757186466
0.003349635091229766
0.06609205006108829
0.01408531680486197
0.014851003574491763
-0.04236918408816194
-0.018524912705192225
0.048941113440394424
0.06350694445468417
-0.0549817873852902
-0.022875028334556124
-0.06986020373093692
-0.015378821798327912
0.008013017001118446
0.04338413258475412
0.04087033903352458
-0.025319215784028314
0.03158822577456462
-0.028525625121749158
-0.04414643156721089
0.11298266735411386
-0.055620346388367194
-0.004518600114520917
-0.025123009291723123
-0.05966223733259725
0.03170120064726205
0.04497186409224444
0.017874731513980145
-0.006268476433247412
0.010593898683913996
-0.04182486523893318
0.0627595730960784
-0.059844356488992424
-0.04084563240066909
0.08111212703343183
-0.06815823702467277
0.011213936405799058
0.01493794232522621
-0.01670242068009098
0.10473550634936422
-0.08011193420087394
-0.021014832714316697
-0.10775687166119993
0.056940073051460045
0.08524725686139983
0.07028617744740234
0.04125636253614335
-0.10990589889317617
-0.06063927165118256
-0.08142124264419302
0.026389410018324413
0.0834637371564509
0.05297820563509753
-0.02416823612820704
0.0006938102157754405
-0.010435648486143392
0.007605816813201237
0.06508041126902406
-0.018567167363240544
-0.03860010094593146
-0.15364117754897144
0.030870936790206492
-0.02704380286978341
0.05832537875734091
0.095044943768684
0.010942514407756176
0.039963543180432576
-0.022249070122468757
-0.024625421396237655
-0.1368580479532343
0.004218320920078525
-0.019510575681982147
0.08561273479240047
0.07863443603138048
-0.03123290694691869
0.053861066196174034
0.028968146913149573
-0.06850627508853664
0.03236929391340809
-0.12013689874537473
-0.032829054890640294
-0.0764370028046596
0.02243188472563672
0.12670455982221757
0.0471402457317846
0.006540929689412837
-0.059949947823674445
-0.057714330008344576
0.046367194708328896
0.05682221923942406
-0.00855685149240342
0.11070037788108637
-0.09473238071860372
-0.08746052786623748
-0.009427973752829565
-0.009161465389969918
0.0033371613526275816
0.03378196860846554
0.016033718334063904
0.021429417332153235
-0.07717960559483478
0.008993892225957728
0.07180806535101708
0.029921981191823807
0.007909648583174965
-0.05298902261515377
-0.046897582413431234
-0.04303602941058404
0.000940969227223136
0.04687047575935584
0.13872404679017197
-0.04765725900117314
-0.07503572550899446
-0.0658819249523191
0.022296618818113262
0.04278651967055688
0.08088393378384426
-0.03451534244072495
-0.03899851261958931
-0.017974075167423435
-0.0806962084263643
0.03769506502407213
0.06414968733885199
0.03404227254699696
0.03973382996328325
-0.10157226547509175
-0.028124967917948468
-0.04621589117578734
0.09525055223223705
0.055682456088582404
0.026113954341631107
-0.1030308818619682
0.010240271973091436
-0.10296162595706607
0.14212068723571383
-0.007279135158590071
0.051888349321313094
-0.08674153937430891
-0.019572130769759652
-0.04027121749112803
0.006857584406555485
-0.013012094238567855
0.06266385581133246
0.026470115762879835
0.08207000052949084
-0.1355480459950667
-0.013745823177977026
-0.0180142247563453
0.13206605193345225
-0.004908588708908902
-0.03373931598916324
-0.07089290888071242
-0.0013546314394206269
0.03734702893502906
0.03873744606405763
-0.09214559326512653
0.07700753153607327
-0.054943142346053235
0.059725239713443
-0.1021612784634674
0.0010815917621480424
0.12073088834135913
0.048730761403204786
-0.00942179158094838
-0.15872330064430176
0.008628989586775819
-0.07193695872790234
0.09317674304472029
0.038126617783288276
-0.03869874419881685
0.02253940819252748
0.07474231989560058
-0.016231603883814307
0.038445401068663496
-0.06210016974891546
0.05415591638229183
-0.05209087730763579
-0.0944523599975646
-0.07861718471202479
-0.013956959926648811
0.09086015546030843
0.1371215248416589
0.06775720973579698
-0.09783693329515508
-0.08935446842480455
-0.059755388732028195
0.0715411485218684
0.05965256430843125
0.06326226174703746
-0.09578164940108642
0.025430762241027555
0.007665547829961981
-0.012721903077562649
-0.01099044100504561
-0.07476527026042218
0.03166366689926843
-0.05192662024180931
0.017421114509598514
-0.008222630364474442
0.07928681457797077
0.03484630226560058
0.0628613389191868
0.04686837222709289
-0.15113782442363644
-0.02411987755361579
-0.009283289480195397
-0.012845158945094474
0.05898845343226377
-0.006014520883644868
-0.04795689320138013
-0.08305700003487967
-0.008260973836036183
0.21026137605024564
-0.06811618075328038
0.09852031245486184
-0.06105618728001361
-0.032818769194507165
-0.10079416681213663
0.007102869743749912
0.04006740842914708
0.11896478021511575
-0.04168609759181021
-0.06265976673537427
-0.08250060366025239
0.013529351153206526
0.04695105996233946
0.08684519945178801
-0.021021583483089443
0.017402614336766885
-0.049940697649314816
-0.004382273369744911
-0.03371350397068961
0.0392717441015458
0.03680854007235522
-0.03910039090665386
0.04095798030930808
-0.11290523598907176
0.006975284856520436
0.054469710507050254
0.06959907817081697
-0.07647796564290513
0.01786350619381971
-0.12710042997062293
0.03244982668441478
0.055683337438230854
0.11923456662915707
0.00927384557090254
-0.02826855885115961
-0.09930538184013651
-0.07784616499744984
0.05358038250400746
0.041336714099230676
0.11845332394037053
-0.10746657467710563
-0.02429254072443627
0.0264065849289382
-0.10862730282099074
0.18171043623526265
-0.03375383097113587
0.01536510389179483
-0.13053209410088673
-0.062076096487946014
0.06759279397650904
0.017880794908792137
0.08607349271592094
0.07542842405248494
-0.10415263284879907
-0.06938988909917486
-0.04424212652850685
0.11260342955913433
-0.052938474427370985
0.15532459870972642
-0.09290512724689881
0.026113714376121512
-0.15968159546699484
-0.04445868206860286
0.18045817592751012
-0.001155173406897662
-0.0028314022010631074
0.005936985253437593
-0.09538487661835646
-0.013036396602316792
0.030909310181698006
0.06500026291550631
0.0776873881579152
-0.05538755090419817
0.00488880100712491
-0.19700697435526518
0.05794455255005103
0.07317764837846225
-0.008351806971066855
0.08284382905299786
-0.01948052332863284
-0.003737413334728011
-0.15924576287531111
0.041935020288054
0.07145957676917403
0.0037266183148004506
-0.026303833812366215
-0.009536745673196786
0.06224389877202017
0.02413298458010143
0.003044954793284632
0.04985376910423795
-0.03776532045252266
-0.24063050741365394
0.037717335576894315
-0.005320749671275757
0.04483881175692471
0.20920028887253028
-0.030562459036040723
-0.0455741040965717
-0.08711510974109532
-0.11622257793003474
0.13630621395644724
0.026593187070502268
0.07175704365046193
0.041580473935929126
-0.1199205607238909
-0.04805509957298233
0.016757603209566225
0.0034540353071794566
0.07478395068993911
-0.08744938743488691
0.013069280663547156
-0.1249251020785571
0.09376980713759064
0.0829796083622289
0.030252680832242973
-0.05095365937499189
0.05102110664488979
-0.09985534217326195
-0.07042306274673699
-0.006930286306516764
0.12280622396636567
0.09090419637800445
0.000771629580799342
-0.030211643683573167
-0.06572879005200294
-0.12145651032661549
0.00802916251478037
0.03135819297208785
0.01243699115174117
0.07489639924724528
-0.02860295583217218
-0.03895219777678802
0.030844718838942495
0.13067198403833682
0.10185000714888318
-0.1497191814768457
-0.17908450433890627
0.00636587899211748
-0.016142070291753165
0.13517893901111272
-0.05664864994321884
0.040885062787172945
-0.05258251971715959
0.0023913429063567165
0.0005943623258509029
0.03458209919947823
0.15853320495121323
0.011583201446310486
-0.1454829314066476
-0.12685646325979894
-0.03710931348687205
0.11418792408948654
0.002117627210730907
0.09292479946587433
0.027058591783761035
-0.05932651106958655
-0.029578542556483636
-0.17453336659952698
0.15327613065362355
0.09791699149792421
-0.026625641353034517
-0.014987699146486032
-0.1912444508515781
-0.012508818664342718
0.11967819841675065
0.047222507368707894
0.06059273451829222
0.0430393802446626
-0.08621006904123332
-0.04005197481963293
-0.023378422223959455
0.1035894568145486
0.01998170413553718
-0.14445794841630205
0.0037001368685619096
-0.13121653986422682
0.12005493895501028
-0.0092284555128238
0.14169296550470772
0.03068031665784923
-0.05916718519181075
-0.05582305906375781
-0.09562138497760377
0.09436740831420869
0.04948656706943023
-0.020869365623088054
0.017608815356452437
-0.019453170452086166
-0.0489087421200357
-0.01518406723890426
-0.00821047570549599
0.08210212052077112
0.020737935980669978
-0.04971236064580825
-0.14316173189417286
-0.017532361573672835
0.17857688299252672
0.04219104114279333
0.09946595528628328
-0.16597149074542178
-0.015029002595513454
-0.06148653704339854
0.06366863819310964
-0.04854333933157817
0.10747184761596472
0.021877335267136876
-0.11974960211066474
-0.05079531376663384
0.07465792128023047
0.030101634795526046
-0.07563154300840179
0.19244849313385612
-0.11623145231797945
-0.04038985902581845
-0.012566070789726644
-0.0008354883011031013
0.11908533415116994
-0.05456416795389163
-0.003988095074096032
-0.05463489013755572
-0.021740375395389595
0.011958967527776952
-0.05275626066130151
0.084605709532116
0.07359465090376505
0.024701257185841978
-0.16378071613466333
0.1047306349456506
-0.016594942443351364
-0.03858261622322594
-0.007371335454968757
0.0578224956229845
-0.07564558137920852
0.05365557198633778
-0.028534180089587163
-0.05643840964315569
0.07574802589227268
-0.009053461457162584
0.08223504404491025
-0.12201115386722562
0.03738675825248813
0.01592804641747827
0.020553480775495625
-0.011612594881461928
-0.06797539543928477
-0.01998228730967551
0.022947665200589832
0.012799565208444295
0.05882870373501117
0.10044725028706916
-0.04923283856674959
-0.07828902455604748
-0.08099317417475868
-0.021785129978921576
0.06715093160455794
-0.0029822832487117028
0.03046668085607772
-0.009514840853935988
0.02695988699434031
0.006697402644241866
-0.021781545830263517
0.011288442965205397
0.022583016299162546
-0.09263326643316153
0.08351411184978529
-0.13628248056208372
0.11525379089606769
-0.009627142119050566
-0.050262124202959474
0.0693942519211902
-0.03390596464957135
0.05562088971698764
-0.010939536563983457
-0.033878518866044455
0.05275080675771514
-0.0642214464607231
-0.030493532779497727
-0.027175191326521457
0.03699510138483304
0.03206913246135308
-0.02703082972678849
0.052036494421809465
-0.03517680773357763
0.0021234401892118782
-0.05716510582285392
0.008276299495814113
0.06216279529990931
0.04348926893747863
-0.018734286529971906
-0.03744881119044614
0.026064971928435737
-0.11731916657957668
0.09628335062802862
-0.0874779402543879
0.11428550270492034
0.005803802489212719
-0.01977481318515598
-0.025862969711980092
-0.07015633263238102
0.06990459621474165
-0.00440624502571783
0.005684702233064795
-0.014711415428343394
-0.035970507393954465
0.041428479820698666
0.01593995380656856
0.008071914373349146
-0.056908622097196146
0.09253756973929375
-0.07580873536655054
0.03840421024753731
0.019300826490980263
-0.06037664375087826
-0.010190677114020035
0.01460515699413734
-0.007258625347614546
-0.024089956233577757
-0.06435737926306623
0.13683847490785447
0.013184177115584148
0.08395114569438956
-0.15144329909816737
0.0039036149389301937
-0.0057735184238020265
-0.04328693022686916
0.06241785680496856
-0.009418303019296546
-0.03065668538501335
0.031530326636174645
0.03558987574424143
0.01088769995044678
-0.0045062939934598575
-0.011585733410844934
-0.016445818026508647
0.015743503212079738
-0.049472262661673136
-0.010858573300621156
-0.010698504994619771
-0.0075177633280716916
0.08701080374190091
-0.04709702289352702
-0.025757633713744975
-0.029147445795895816
0.09639437813414498
-0.04097815538198457
0.027028898007335902
-0.014218679926669078
-0.0185171498613617
0.07185847337047745
0.03288784909474622
-0.04703843376523311
-0.04775365644230623
0.014346774957175665
-0.1311315613526627
0.045138033213480915
-0.01497270758097926
0.05821680729133148
0.08251009039734349
-0.08073509957843955
-0.008537634855586111
0.02621972913323551
-0.026963461925662853
0.0967731850435502
-0.03174323039540969
0.02818619397546518
-0.02240125112483063
-0.007179940412292387
-0.13032244235558357
0.07667531701784534
0.055978473616532555
-0.04163121216722436
-0.030819128357030056
-0.0613843351801997
0.054477153447633216
0.016574104208082793
0.022607653649536208
-0.0012465552355825221
-0.048446299067665406
0.05153353075747494
0.07101560249160731
0.07176708330148389
-0.09717858693087691
-0.0966896822610181
-0.012519545406381123
-0.019551101756792835
-0.005084308863138235
-0.015243722923231572
0.04572868861471299
0.0005636404766741869
0.1071753340477044
0.04784564826744616
0.0013100527767283751
-0.022902307559562587
-0.038708530862218746
-0.14026105855529003
0.0023797530981448448
0.04345552557850565
-0.009867786188594047
0.025830240753033147
-0.0495247132050218
0.028108037967284477
0.11091926152417812
-0.040671192045597535
0.017756969412109518
-0.04795595170899629
-0.0037371819416174984
-0.005873560589060498
0.05920933455055777
-0.08821909914844207
0.028727104447649383
-0.00020961528482764478
-0.021649964144429705
-0.006336955849678506
0.024596645342633953
0.06761083457117477
-0.06160379379820556
0.021071247221559626
0.008514141821533011
-0.014447523442317915
-0.027934427542364845
-0.044649944278128524
-0.009009746979629665
-0.048494785176628294
0.02789821081372979
0.11361794234416224
0.13240123178606006
-0.10982028058627746
0.04296468549211124
-0.09409947344129704
0.012326702009076809
-0.0920089139134071
0.08040989692994205
-0.06962200671849456
0.029667205115547046
-0.02777681461676183
0.015040733360241386
0.024909710300797503
0.040517825562232074
0.027917409753606726
-0.006704061780897216
-0.024135864304699967
0.028093076742043657
0.012143611784502448
-0.15349813476502785
0.08801640038695711
-0.06021350202173929
0.011423783666837557
-0.039797873253373646
0.12835662140331555
0.04629919137772727
-0.06181193009121711
0.012565831122233008
-0.021258221617665836
-0.005172610329009956
-0.0773586267786956
0.013710922781970183
0.008819261051768022
-0.04229087930936524
0.09277786298478154
0.09952569416851163
-0.10219699567830008
0.038632138656026396
-0.0631684096611209
-0.12794223254104667
0.14613762702580807
0.04599483859901793
-0.01021737864178222
0.033641819566829864
-0.052842778792622065
-0.06214788534920925
-0.03249581418910226
0.032658547213902614
0.00904622980114069
0.016891060069340456
-0.044673755963210035
0.07573655956553887
-0.07664157453392086
0.05912248605484744
0.10582960853918086
-0.10723645203525867
0.040136506733247826
-0.11267782315673028
0.047565384597474905
-0.019012494338537522
0.126781824951967
-0.07478067070515572
-0.047333511463138196
0.07178282577715847
-0.12077865466141612
0.023038792624149717
0.027518096553798034
0.017450812337185567
0.03251154034102043
-0.023410715887418793
0.002001130655063396
0.03254040980578535
-0.10958407133147914
0.05960113219541597
-0.06481879081270032
0.16701943299376923
-0.01899888738833306
-0.05967521744700573
0.01646664074206811
-0.07228431829607095
-0.012663630955233986
0.028495708934171193
0.033308432110692794
-0.009631307277241683
-0.0029079739879724342
-0.043527392552600616
-0.024601292447693674
0.14438786499332565
-0.06919876188923324
-0.0006376017677826688
-0.03504025524892736
-0.005612556346807997
-0.001119049594896844
0.0536017024277051
0.004074276709719035
0.03829858410514618
-0.02305812913465481
-0.04189506847216404
-0.04301835450586349
-0.04014376329937961
0.13186961371124317
-0.12268847809121014
-0.007456706459341586
0.03939520341853098
0.02790376307652872
0.06521911458642513
0.05744788184303865
-0.08377631512986336
-0.04018363428490262
-0.010114166453152364
0.061885101768456637
-0.10971596192188257
-0.052884520517116305
0.053859088179703
0.0685150098069545
0.05493472373134202
-0.06371266426287972
0.06572746283079237
-0.06581462320719507
-0.07349332255637513
0.08935263516137475
-0.04096628865871514
0.0774991192380914
0.03431743124754827
-0.020828949925889968
-0.05910612910777618
-0.12781435785595946
0.021919130174846636
0.006206143929822595
0.07727314576881103
-0.021599949751527642
0.03722717119785524
0.03883182614369954
-0.09948296879802614
0.14892383581143487
-0.06335753330918487
-0.022530858496887646
-0.02122364307690038
0.04225715545114532
-0.01600749461741679
-0.10764023068337833
0.041643770985858156
0.0599679852767954
0.035638855747275024
-0.005439048642329232
-0.10987827485271201
0.022295809678254397
-0.07220553684528627
0.15549416012854855
-0.01435148788223467
0.005527594660721322
-0.012102237639445904
-0.045477530578800864
0.03799484635417274
-0.02141797683188654
0.001924121718876598
-0.008646051463497315
-0.06431572665770914
0.03841494223024814
0.0544820417790986
0.022605478009679058
-0.05013370466535062
0.025045724399065765
0.09225723655108432
-0.1314801071216336
-0.13462904805140893
0.07376852362133583
-0.003485280474007618
0.17788179011460462
-0.04672605527973106
-0.04123159897358802
0.037187971989664344
-0.048133756430034494
-0.06588900077997611
0.1102386681700406
0.0002423011538604386
-0.08110287498896507
-0.021090396668312868
-0.04971008053779183
0.10359114713882989
-0.004686944454837118
0.043724488999282496
0.013897004991692394
-0.055630691993670094
-0.03962963812393991
0.01289026944247259
0.05187852618950027
0.03146470241793757
-0.03074578078860927
-0.06972304169379696
-0.05697180234968404
0.07158123027565914
0.029425321554262352
0.017333306788011923
-0.02991204742347426
0.07765203954244529
-0.17606795469934208
0.05025280413017455
0.12456203773394177
-0.0363703700744096
0.07135708142469886
-0.08922711001412145
-0.0731651849889157
-0.13718024502492768
0.11002557526518536
0.09915843633534711
0.028919501592500126
-0.004229239119942635
0.09106363115379904
-0.11223107292577814
-0.06681427549935305
-0.009069350263313864
-0.04851758335910109
0.06489679226044173
0.03696790514428262
-0.03417925574316597
0.07959425292593836
-0.14399335250381698
0.10099163053925819
-0.016651183421883563
0.06218742622073788
-0.0007240572811014617
-0.02346013873188625
0.012897328604577471
-0.03389384276293441
-0.009361561824472163
-0.03786983844845558
0.012427353901286568
0.01733736869777886
-0.10615600304888623
0.03305529964353409
-0.03356980459855751
0.10362072843662716
0.06766244190657583
-0.11675836737070253
0.0914533159783768
-0.004029101049758642
-0.006060802045833856
0.06727257199598988
-0.010998949153690873
-0.05044072622482591
-0.1614689319764412
-0.0227420341702049
0.1245937267575497
0.04309403361504226
0.024836327291921128
-0.09290192929800672
0.052915089277033756
-0.07856176582780981
0.058173092980421136
0.015461604416794535
0.0945907879290188
-0.07833502809469202
-0.021961878774871713
-0.0589434526273435
-0.006813347812732889
-0.023580353490647306
0.11628349333503762
-0.008460690457016959
0.02195323830411523
-0.06337009291174525
-0.013889273949205728
-0.017423920894668134
0.03290373997176257
0.05544353785551847
0.009029942012084562
-0.007941529693803677
-0.02116197065614087
-0.062226057823636535
-0.058349369383116696
-0.031984969076529195
0.14307842540933552
0.0006555744801653579
0.016465584807455604
0.03755689236172051
-0.11898178116070748
0.039270310833597055
0.02154903146345764
0.0518444161742689
-0.03191774713091986
-0.12718831036045536
0.01601097614850005
-0.030767945346658943
0.061850699968137635
0.1183198327446404
-0.08366521552860995
-0.00014953288115419384
0.06437826082962175
-0.021956888916071556
0.023381978730838374
-0.06251133054347964
-0.0017474753333560425
-0.07471094326700195
0.010746078848435956
0.017732248902924415
-0.008043635911406624
-0.02971044936760897
0.10982450584494871
0.081362745993389
-0.012578857789971469
-0.11129963908538028
-0.040783632117080595
0.04855447116208578
0.05037638103898203
-0.07960081048594267
-0.02038536041331833
-0.0425513682135344
0.054662656889755704
0.10193756711996022
-0.04294208735093483
-0.02045834306529875
0.026275877230761125
0.012476574645929273
-0.024481075532904337
-0.09786198101377033
0.03173246919720284
0.01669088326612523
0.013170027436803698
0.05819143926162689
-0.04237695397935029
0.04569560932474703
-0.07214981460307314
0.0009747222007897988
0.02397039712556161
0.006452689684653366
0.019019836906491974
-0.09361036355437066
0.0031485420411289655
0.06790120728225998
0.04994235486516878
-0.030376262033037175
-0.0018914289327384912
-0.05497758819491018
-0.009433446455139955
-0.07200835856915704
0.09035257507226348
0.07507967486064107
0.059883227209333124
-0.07081337911146612
-0.014669093730262199
-0.09070140965018467
-0.060007345142552335
0.027606133659819135
0.022091984640163417
0.08742337128984644
0.07132539095180833
-0.09781171100276964
-0.018568865228161195
0.046765824667925546
-0.0036093925841187346
-0.028269810489631654
0.04602549128241429
0.02149598174145631
-0.10092312903525145
-0.03224274329819813
-0.036256248237080194
0.027494122610210822
0.13222418410800907
0.049245995260292365
-0.07810781840342257
-0.0474044939278299
0.015228173344106923
-0.02964300020316014
0.050092885556498365
-0.07573953720997709
0.06660854588909612
-0.01105756256374368
-0.06160155209739472
0.0013064109471416854
0.11906946799361454
-0.03966951055698682
0.025559214640412723
-0.02023312322219921
-0.07459580267590918
-0.03881573692495743
0.043904208096363945
0.010168906349420345
0.11671197046345272
-0.012741346024121764
0.04328635115787016
-0.16819642637912066
-0.04317331631884316
-0.005031769707663588
0.09634232807962961
-0.0031021012444153624
-0.010993028432959719
0.03572576216816857
-0.010540434198379625
0.012767083209671036
-0.05397934038012262
0.004983061514626696
0.052560616894978165
-0.07761170798277589
0.018221871432780853
-0.004892759401050535
0.026322827872356614
0.06709196471167866
-0.036243849234195005
-0.04532236336145381
-0.058802188467738985
0.047068980263020636
0.1168834604700188
-0.05585940352041033
0.011810358363890869
-0.088108143505186
0.006872533094971468
-0.01803649365664087
-0.028821491746335415
0.020191667179952626
0.03391112841699876
0.09824421342759772
-0.05290903723596404
-0.008396811383569344
0.07267538382482339
-0.06507575324220023
0.003939999547278041
-0.09852038831299863
-0.021274590729949347
-0.01010788937856669
0.11499332274846218
0.028699577063629956
0.04328091377080644
-0.09784252213381864
0.008542604329319817
-0.02523990670375407
0.01901522672294538
-0.09019804449506962
0.17484773685534089
-0.07598087219658996
-0.05917487609282727
0.05572899672481194
0.015698061940061896
-0.001572379463164502
-0.027191541709249534
0.04778420904716675
-0.09163307738170559
0.09020995232355024
-0.10904226491514903
0.05739073632091389
0.03444059727142416
-0.027625810466833125
-0.005342963551729458
0.0002300653310081625
-0.06120269965541388
0.09695017050262769
-0.04665196073102801
0.10574169116934691
-0.003655092314773721
-0.0720671041234721
-0.08212319235224921
0.020148308455956197
0.004227248819855298
-0.0073300384177957464
-0.025117099487525676
0.12330225628006897
-0.011790791483498134
-0.041403953564166984
-0.023737812191836783
0.03355727389560213
0.008598589033102351
0.03674193815194573
-0.03774388524358892
-0.03181624824815864
-0.020913698957147026
-0.013195011497829102
0.02806039802000189
0.03895524303364436
0.03296490887748979
0.011805354234426305
-0.08530950376813318
-0.047942390902869045
-0.013849142168859307
0.008734925876939609
0.05952457408773828
0.12627543617949705
-0.16833424524614632
0.061078933186325804
-0.04964879271565539
0.05430998243844698
-0.01050602263359452
0.004565628946819365
0.023315139356806402
-0.041751735052819816
0.014353553725618416
-0.027235464097330374
-0.03007053234989053
0.013022124070074505
0.04356754490225415
0.012046519751091172
-0.002613371841855852
-0.033401275087739005
-0.03507119098469608
0.056608566146834724
0.0009198005570549492
-0.004716210474707957
-0.00866204511564752
-0.049476385033555094
0.04234248171697266
-0.0018994645568246593
0.04487731945447891
0.03125466382085781
-0.06196347910770806
-0.05943365796227902
-0.06555165771367367
0.11431655072365829
-0.024784816303168797
0.07431166301649846
-0.03249183807194678
-0.026901069323211305
-0.04354455173147868
0.03548999972165541
0.04193113113293313
0.003811689532494403
0.09484002044726768
-0.11219017555921472
-0.03504654823154495
-0.04073247129204225
0.0334603071112424
-0.03474809032070814
0.015742179104285582
0.06985244191333442
-0.068185986646805
0.08634438839008228
-0.10073189474974371
0.051911519926926275
0.08628409898334923
-0.07711114011726122
-0.06667419429717916
0.06400516270918336
-0.019427069891982382
0.007344288692946184
-0.0014470854496135034
0.04778913154670673
0.05365810641330501
-0.13435443286640178
-0.04905953722492868
0.09399857389834179
-0.0024455850813021782
-0.014023931663222331
-0.024968356419421876
-0.033992748992700196
0.05506713729586373
-0.019808554303126218
0.0347074050185337
0.04573532889810369
0.010590290401007878
-0.012823514388445971
-0.02924979052574578
-0.08223193871269135
0.021539507428405186
0.013721373122927354
-0.007514261604091906
0.03224082946456115
0.034899917560759414
-0.06414255542243426
-0.06810608011377205
0.01821578845165009
0.1603553869982341
-0.02478036565135329
0.02721830577825042
-0.11256796805289508
0.001691945711656503
-0.06937594913951628
0.023759350496317083
0.06625502473086001
0.04116448029659489
0.07984268669536557
-0.16551840263835776
-0.02914339540974881
0.011693229916992145
0.04438504428085076
0.05341192247127571
-0.05968076392921567
0.033651604680943845
0.012320783504244578
-0.009960957727344137
-0.08184748771245334
0.09454465262738773
-0.05545171654681798
