-0.06591809839812077
0.39656109438837356
0.567676945450037
0.49094523875690854
-0.025759012910663636
-0.4823579507929321
-0.852079042904944
-0.363692023554942
0.3807300359562613
0.9933220894043633
0.7630011122113707
-0.20615901032323902
-1.0180638862997968
-0.8243784725351575
-0.1740894743220755
0.8588263212007919
0.8830989507626934
0.30175686245996414
-0.4964137046470092
-0.6591142873946938
-0.4921067791367279
0.16152473388897173
0.5538735989848339
0.4079744232424912
-0.025833546971499075
-0.1337923993717634
-0.31260305165483737
-0.20791451681041492
-0.1669701994886874
0.22136234861382145
0.4451239548734446
0.24689947478401558
-0.028789248722715682
-0.5102325822992766
-0.5163249609127492
-0.026571289204569092
0.5966977887390683
0.6697901388189456
0.22848459818014888
-0.6708762912035253
-0.861645830052575
-0.4819824902827117
0.4894520678965385
1.2629127813949639
0.8671236051714288
-0.3691048957077265
-1.5577267687982495
-1.2813311229610458
0.28272149520754547
1.6329522695296175
1.6291555834353142
0.18803322524646066
-1.6927226629292806
-2.0392588732241093
-0.6106212506844407
1.3980935553650486
2.4045260686231247
1.1435048953840314
-1.0301282826116696
-2.34052711737655
-1.7385865424559719
0.43057563609686883
2.0607083384195795
2.2121591732344146
0.30968215769936425
-1.5970881966779034
-2.2565915606656985
-1.1633651315622275
0.7767270483093339
1.9768464434317152
1.8102074916324686
0.5059658326568118
-1.4559209698217226
-2.252176918934768
-1.6583419499096714
0.6520463524402252
2.5851504017330336
2.4225155568366104
0.07633673935820348
-2.326628505427513
-2.8029567872300527
-0.9621092949746931
1.5232584453608429
2.909896310944641
1.9733866820752406
-0.4949078553423265
-2.5904717831691997
-2.8766888050398722
-0.6986967401591566
2.15071060118156
3.4855220351940854
1.5875013641642826
-1.6898857157701421
-3.419052772503644
-2.1060797449844553
1.1149249224532256
2.8806230765210272
2.144475440332793
-0.2897025233009863
-2.0622952131245977
-1.635957341316463
-0.6188327233055959
0.5432990118265242
1.43614706051815
1.509343046757021
0.6124798840631441
-1.184758727210303
-2.023005888169174
-1.2594962320490288
0.6960624323994153
1.8637999711226068
1.7307491558464008
0.036958241403817094
-1.2406396503413775
-1.8781909314992127
-1.1675530588273686
0.6194738296530163
1.9525032136003935
2.0904406402467766
0.24503974742151718
-2.125502145515158
-2.9445279524421943
-0.8012494318898743
2.1436489056426526
3.407135232876406
1.2417625599472384
-2.0321001414695448
-3.300845292001395
-1.4827359582179105
1.5085521644563733
2.918341395351953
1.8430403896478178
-0.8430942202454931
-2.5871105068894495
-2.3765296231210895
0.33913445892758654
2.5911043949734625
2.655633036391471
-0.04451468943322795
-2.5772082408261747
-2.5149495359689023
-0.33344303209785636
2.110167232344109
2.3380754839449587
0.8884345914181264
-1.2380444434375595
-2.0267082063667026
-1.5699173264557607
0.07387950389885117
1.6150418755396283
2.153809285574793
1.1722663119692216
-0.9946595814629536
-2.533030988465756
-2.200508294651585
0.14410060242533274
2.4525041699417596
2.854531207594877
0.8564270368970763
-1.7679949679390279
-3.017160719966147
-1.9557300606563488
0.5759009248879313
2.9358400077642903
3.1430107007781274
0.6512652923540372
-2.8257458285015704
-3.892371897198687
-1.4210653289870296
2.2870418792020932
3.818730029301552
1.7023095454870254
-1.42302284819148
-2.8659371830265954
-1.628995919105739
0.617681811696261
1.780167743992131
1.2366739737916332
-0.34994408306499036
-1.127129961134417
-0.4221596201856581
0.8302547493480428
0.8276458467852137
-0.4751737655827549
-1.738612650420447
-1.0358614480732875
1.0959442659220382
2.823108822359302
1.590823419813991
-1.4922305098044544
-3.298597791577824
-2.0344505798273973
1.28945148675668
3.14590857247747
1.964942457868301
-0.6466404237711378
-2.039743913247312
-1.6971639557174119
-0.3954524112677976
0.7547518046242937
1.5795833890762971
1.2118636131370324
-0.01039689110680812
-1.3545674723709502
-1.2609767228738669
-0.0926681276675002
0.6533893763334543
0.2316355772060904
-0.1133479489907454
0.7658722474457258
1.5789488323828837
0.39737481221488774
-2.5664301339630633
-3.3703402047054976
-0.5538861512769183
3.548915600270342
4.51214683392141
1.1857763287320213
-3.287650692719228
-4.924644927890842
-2.1589944095076703
2.181725307865881
4.408870092768595
2.8442392979730884
-0.6316923614301755
-3.003300326293172
-3.064090036228649
-0.892006669908825
1.662572326802355
2.7244747683338923
1.440097344957672
-0.8075985521413919
-1.713938598484498
-0.7030622687640921
0.3250072623365388
0.18594568778094972
-0.3449399030370653
0.11325636395791425
1.0200596681396126
0.5975333668575422
-0.4152710668943565
-0.9763649763535689
-0.5417084193895607
0.14104564141546377
0.7320983543738169
1.009675638374395
0.06108802490443378
-1.2939524679368961
-1.6155574545042812
0.29345512192438494
2.4396632296824716
2.032885897139468
-1.1646779185044092
-3.840884191494129
-2.3437667597738088
2.6512506808910223
5.599575240323891
2.422277556969206
-4.671687322263873
-7.546571955578695
-1.9281177701571772
6.390614685133301
8.39426425410036
2.0904692814053107
-5.911427306141309
-8.407774248487538
-4.459404339721989
2.633409326884849
8.738535279461287
9.042135887884292
1.1361526179620807
-9.05455091574068
-12.19531321300823
-4.23803506935211
7.343572982716232
12.08158608352457
6.4352030301113485
-3.301342137644151
-8.91240390818357
-7.433703919265038
-1.7550516245472567
3.800631536868522
6.732809533688095
6.634873168189118
2.6968051948967773
-4.925921930163329
-11.13702925982815
-8.949784038025898
2.94203295738218
14.240948577784867
13.299996778402319
-0.18416880563463728
-13.587230150110374
-15.92633442416441
-6.293340309528821
8.828212769095346
19.425672387689875
16.175644682532035
-3.3123734313526234
-23.55154837219174
-23.755953862648024
0.08712619213745526
23.658384240240753
23.07957443729898
2.161711676665008
-15.622868129586307
-16.217826254395018
-5.525073850856937
5.031175043898656
9.315821462435883
6.109595470152241
-0.8031445815634692
-3.9960087309603183
0.4302301212102572
4.1033467611677
-0.8169055745706506
-9.480431106912409
-10.65136044715254
-0.1256786832191694
15.710507922417053
23.01311626381983
7.439134568910462
-25.471892559563273
-40.472871848650236
-8.199257067302273
43.473580497038895
48.99666469652166
-6.298702514357419
-55.10537251973346
-37.75405763192971
17.202331770200562
43.88568762625379
25.1744690226873
-5.584388426725095
-22.444189561688823
-24.497281651051637
-14.89413392925628
3.198909612951981
19.380004063916786
24.48786670147524
18.827972150396597
8.137378715656034
-12.821628017109365
-47.678735310253444
-65.382912480837
-23.04598480785213
81.11650000691824
165.43732515201478
71.72308021527013
-189.04212803839084
-254.83424287788625
33.26670761425482
248.91810666790207
119.75222208287872
-75.00798576155307
-106.96226266783341
-47.453710685339686
4.795070338338402
26.87560676246647
27.384917455025104
21.01969146847457
11.712144270023863
-4.024878069435889
-20.198759110822543
-25.410017300767986
-15.747833337141781
3.6122323704224706
24.79384573317538
34.57743602384504
15.681235487708982
-28.05042936177313
-52.42060398249234
-18.482315941558127
41.545716172982864
53.3170099108314
2.2113993924230195
-44.389008861557556
-34.40768499508414
7.8936439641906215
28.953685761257862
17.238247604323004
-3.2918296450059112
-12.598495343055529
-9.670352981615316
-1.3429369661995558
4.924786700036532
3.541565307304258
-2.348854860137259
-2.6262805145538564
4.330900873475423
8.517023075684206
3.8164210106546332
-6.166541086343824
-13.744636781060283
-12.0080038751118
1.871427200138814
19.642519147977787
22.371950683883394
2.3217997245012993
-22.967409212639804
-26.153097129661585
-4.541194631219823
18.50105417583748
22.148887265710844
8.188743883873709
-8.512790334172827
-16.392979126935735
-12.964996896311199
-0.2280684082129771
12.577329258019077
15.048014880659832
4.299054647906287
-9.07196035780651
-12.726356544828487
-5.513702390242168
3.936521296932165
7.7040216398806045
6.374549088009672
2.4269002921617027
-2.50000893440545
-6.8420567069583855
-7.650093579653244
-2.618651586811336
5.973761317893363
10.923302293638379
6.964791548006755
-3.712848628248302
-11.900455734056173
-9.45274714060433
1.036343046691838
9.849381651934744
9.443856548728366
2.057014077926793
-5.570309497190092
-8.12882547923381
-5.199992400710276
1.6231692631220866
7.657205175489623
6.813868242241349
-0.6485876071515734
-7.3899891528058586
-5.859772037561701
1.660979449126866
6.079848361119948
3.4502622304877018
-2.214134002048162
-4.277785922884652
-1.515443787938254
2.0426069044038933
2.8907171330124872
0.5722251058120595
-1.8314307927063074
-1.782338284535389
-0.06331318916180195
1.4017733434269997
0.9123840211236915
0.009613006851033768
-0.6801739130416202
-0.7844795608598021
-0.4207338730434847
0.4005244433671529
0.9827027015909036
0.46193810553338244
-0.3064794162572838
-0.460994789556382
0.15514284322356767
-0.21346949569275003
-1.064477469821661
-0.8160634829991628
1.0288588949092157
2.354270729693517
1.6511373993573728
-1.043001198864614
-2.9367341011393475
-2.687706475675027
-0.15376173403444737
2.666197863821536
3.9182239024501615
2.054784764777312
-2.117788019130626
-4.6995165997144275
-3.3173261540272208
1.1954426399390417
4.495003343178594
3.7020651729011527
-0.299206780046684
-3.5329613810224805
-3.1120291127257484
0.07018112997560143
2.0464585733910035
1.5026960246228998
-0.15306695826480604
-0.344806938271332
0.29989127529631593
0.15493843150177988
-0.9551318115473686
-1.392051121545982
-0.14185348548124735
1.3632844023376944
1.6486451995086113
0.5656708584560597
-0.7734824580697287
-1.5195532616700012
-1.6487954546814543
-0.43427855233097534
1.6258933868115173
2.7504469385986354
1.3453228284134267
-1.6241806018317932
-3.195454485421298
-1.68813874123922
1.3876820295922072
2.9492460825980955
1.3673895781314562
-1.0270111854111073
-2.0228638162021477
-0.7842196932138629
0.9056437423641798
1.0711033018917688
-0.20128569801629842
-1.055704332882568
-0.41239548700125
1.0422180031322088
1.5600523628120027
0.5622505352115681
-1.567732546706541
-2.408389010455908
-1.3426213872743138
1.5591606686827688
3.4558304915931974
2.2875200087937
-1.2447522061486382
-3.8752174575745237
-2.92171845355024
0.5825417509360573
3.4493774934729036
3.031480453352084
0.3407756398417487
-2.160331715709233
-2.987180923081266
-1.5310477661687316
0.9004453943252304
2.8071433361161526
2.391994711594041
0.15232843576838673
-2.356303752656156
-2.6082171568680876
-0.7795265859305138
1.3305389075614906
2.190615672905579
1.470809352440385
-0.12872805356726397
-1.760811659383044
-1.8437568393123707
-0.9017155268580901
1.0260134654652793
2.2719795504833247
1.6858508483825267
-0.290026991166408
-2.4580954277896963
-2.37319686487042
-0.1545724334064767
2.4232517774137703
2.7837136152275646
0.36303868800324013
-2.3198463643414637
-2.6484367643390705
-0.7940786710302343
1.9263504242848757
2.7663356987211563
1.2247154691939746
-1.316914663979538
-3.0166140089314752
-1.9509063229376373
1.0972939467177962
3.2164143308442585
2.2353482586062072
-0.7336790742303081
-2.986266841397136
-2.2977985539314307
0.2929089457149441
2.218329436703072
2.1596895152100446
0.41466757565732726
-1.2817209472981275
-1.8697908234311882
-1.2410884351308349
0.3478791871794943
1.6011895760537835
1.8382804427279604
0.4674697893802998
-1.1877168708219412
-2.0282564579409232
-1.1370265673813895
0.6623863078565347
1.6711091366532163
1.4411518775083878
0.32669384155022474
-0.9073026747947543
-1.616144198021023
-1.3984701347054536
-0.1601963885957038
1.7446352420601365
2.6510099887935317
0.9089828653669274
-1.8368866269335626
-3.2483890574677625
-1.6320001940590934
1.525746464238308
3.3649462808219366
2.1626862139973255
-0.6958849249602481
-2.954591544154715
-2.6000205576627935
-0.23414210589772652
2.0250985681908302
2.7469182932371905
1.3345128742523062
-1.0676198462196713
-2.621883216338481
-2.2503638853637966
0.2097961241681846
2.427571348720228
2.5673239735987434
0.6303851508187646
-1.728008751183497
-2.471621086502314
-1.3997087021897265
0.728091713896682
1.8921069822184649
1.8435635863441961
0.5034229047230728
-1.2438113051133064
-2.070555150184546
-1.3452019119904883
0.5307615057830108
1.9422016910710749
2.046032709266435
0.28670883494003013
-1.6777260747004243
-2.350423872676655
-0.9698266244997666
1.0831605898712722
2.3148573856018104
1.4281208416418956
-0.45456960147424624
-2.004546552579634
-1.7460320185413636
0.15883644968763383
1.5301713341693424
1.725105001785359
0.23656667121941877
-1.2005014149838908
-1.5464192149098583
-0.4503551953002334
0.7868210283024398
1.419277774649966
0.5180367024689903
-0.5377680159370704
-0.9526461358181212
-0.559939063489999
0.16380386088967844
0.6472224850908355
0.6582963406891447
-0.03653292079880297
-0.4909681699881176
-0.597576080880537
-0.04354194349921535
0.3951970790424611
0.3604885540068315
0.17852373122598292
-0.06306122057828227
-0.3540228870470724
-0.20570645619056488
-0.14288416840290616
0.05789692572253903
0.34139398310964264
0.3955507878545699
0.2166627460726308
-0.30254003213888936
-0.7344307448916259
-0.4689123574892021
0.30433547885893925
0.831990798751448
0.7108676242342624
-0.0648078413089861
-0.9158232122925796
-0.9050585968410292
-0.11464152276776685
0.7271433037286493
0.963825418858658
0.3843942003254922
-0.39921129035510866
-0.8838323493990475
-0.607582836159296
-0.004377779180315171
0.6184276849126082
0.7490623911398298
0.33177553312759317
-0.25185541860676575
-0.5448983749927035
-0.6583689587504143
-0.11207168804924957
0.4662223767616095
0.6297944721059345
0.443519530325469
-0.22559562649563764
-0.6629727610571026
-0.3432259321005453
-0.18972504423086212
0.19298151202887026
0.395897369273988
0.5421946972090728
0.2972478106726412
-0.3842416675424818
-0.8617183585562236
-0.4988863351433096
0.34249096100622467
0.9669059260816032
0.6622356488271203
-0.26230724035650704
-0.8797889985706928
-0.579116555171106
0.003968487753669914
0.5722377179656855
0.4949220093715887
0.13239185783813331
-0.19818188974314277
-0.2807709133748684
-0.23190271163958276
-0.047840478633763346
0.12553823437282713
0.16196008266157857
0.14473992005351674
0.05629113783301018
-0.07042546535101706
-0.13385442751079377
-0.15008950098694562
-0.18482887915218962
0.11901130311635735
0.276530503862444
0.34931551993944193
-0.0003040873134478178
-0.37175354792055026
-0.3422267258072804
-0.09005707704704304
0.2426183877996595
0.39732365357249144
0.18061694015324717
-0.1947563818821822
-0.4215131321984879
-0.17526585805155034
0.3715361910964431
0.14217799786892132
0.19028244570551728
-0.2414753184903619
-0.41536239481904424
-0.0685948740466126
0.35453628623081346
0.4926980192226756
0.07879867288280096
-0.4318394016253974
-0.5883985828785839
-0.06895573744068084
0.5060578320865466
0.5596059740490886
0.014220896975431331
-0.3247525068713168
-0.461173233335032
-0.05727114286967364
0.10414072861262542
0.2921151269051804
0.26761531967165486
-0.035737072870869135
-0.14561759684248832
-0.30673475569938047
-0.14096762778099703
0.18723264631489422
0.11570888002670107
0.2555368638928085
-0.007830163996922952
-0.1845011583411541
-0.0707825786683943
-0.09990337337466984
-0.07922365438866738
0.002070219049431884
0.2966085164684397
0.18316323580548605
0.17847071348433188
-0.3355647509127212
-0.356335994305764
-0.13514880857047565
0.1422973478245921
0.41982518461972496
0.1393413409526192
-0.09606640329355659
-0.20881616615346552
-0.27560731181427245
0.033933436193247256
0.17696525125410584
0.31334062193537987
0.008428341055147875
-0.09885193393700889
-0.21076818151019078
-0.12934544358311711
0.009109163264796716
0.13563654387339352
0.01026605505766064
0.0680936227850698
0.01078013568399316
0.17735908895580726
-0.017249279833614434
-0.23275756063247718
-0.18346328328996755
0.013408771761477077
0.19146676647620753
0.3105131307109645
-0.020982328391633383
-0.3446617557790785
-0.26887676208931854
0.11353290882373156
0.19594872877271685
0.2972798951994511
0.08043163221231292
-0.14161016240856422
-0.3098907944831953
-0.15757671569349951
0.03919826483352372
0.3447856885361513
0.10363572331532278
-0.1242256104483063
-0.206728042142368
-0.07633470225530094
0.17365593800348078
0.2795398399092049
0.028178548695426617
-0.2588490901798358
-0.2240610217042935
-0.01920832801602026
0.20911532412928216
0.1611885590351024
0.029779449865789214
-0.14996925898844496
-0.09698458923510547
-0.01750848929663157
-0.06157831603648794
0.08159428956653034
0.23328203795284233
0.16043860017204728
-0.05942522047804089
-0.26177899959885625
-0.33622060306277946
0.1268350666798486
0.18300103499912945
0.29700939362939366
-0.0619024104524679
-0.07121619079642284
-0.16342225697238943
-0.10984272210290472
0.012546200316326035
-0.024742648814671482
0.2575839661776662
0.10337253712249511
0.0068901442016329915
-0.12426423090568132
-0.23576581270819155
-0.09967756758022459
0.21020030952147428
0.24919696374824668
0.09399240016596433
-0.10651035097772768
-0.16369305223170952
-0.14714247617441772
-0.08101513047508441
0.05553806640522921
0.12942012159777505
0.1565248607415485
0.07003469898117361
0.009742891597763863
-0.3133005407876692
-0.011571612098514115
0.13032721953535586
0.10695547216195804
-0.05625200110794836
0.08370093997743355
-0.10723707877061135
-0.11961676811820435
0.029029981123672003
-0.015257382556394472
0.0391699097568046
0.13626756405783438
0.07380184125772575
0.008588144253456574
-0.1482387016469309
-0.11472437196317385
-0.04599555282684021
0.006393213307347545
0.15844961936536564
0.03105749360097598
0.08265407714154642
-0.016290673938729034
0.0075787449043862205
-0.04012255107771746
-0.18278408834426607
0.03022040124300505
-0.02064413136295496
0.10289287375681548
0.06726679559726671
0.07670910032480442
-0.0696308761888556
-0.12372987633185985
-0.1733311891851807
0.1801691957047592
0.2753988423705554
0.022098592148239914
-0.07443675409922612
-0.2703478385859205
-0.2348189118131725
0.0772248963001046
0.24495054310938844
0.2692451545716372
0.08993450277671819
-0.19760797241542047
-0.3497377811186614
-0.0233027076168034
0.029890925266287123
0.32433480179699015
0.17554805653841313
-0.11751585639916459
-0.18387803344424844
-0.09480685554278515
-0.04169706611881169
0.053545294576329824
0.2031835748675022
0.062191393673082226
0.04169445116499983
-0.21825564332870534
-0.14100028048073365
-0.06837566626023625
0.20366504421490533
0.1389417788000803
0.062339014579391436
-0.14430640680641768
-0.1527051304822299
0.007920069991875512
0.11869869992488441
0.16570141600419952
0.008579964330445848
-0.15905111996249044
-0.09719259303670517
-0.09260341159337775
0.1126732651369972
0.1977439473736688
0.06150881388297119
-0.032383987258224264
-0.19362738096339308
-0.14983114794890537
-0.09760751412188051
0.24393364130781975
0.27545546631180773
0.0465187478263239
-0.10626674406526271
-0.2615417416548777
-0.14400917960616916
0.07634673302517929
0.18425452710183787
0.1756827022085667
0.007176260681063376
-0.15328250726771012
-0.15076109420165498
-0.1093671003723051
0.0894139400418921
0.2017870331066695
0.16803343940526114
0.005723586498298482
-0.1934350275454638
-0.20795492434223992
-0.003446275290446858
0.10060169707455008
0.17134178256238536
0.06100732211019605
-0.13452248166299635
-0.10989860023305723
-0.027208138212267526
0.06313919562917146
0.10445807679919135
-0.03797884465966534
0.05835622654255593
-0.006546734407411409
-0.09035837293170693
-0.08704819259373256
0.14008444731372738
0.05299481867169754
0.041575116758527646
-0.005838889331494386
-0.11338732745168312
-0.04199889161391275
-0.05076602875395927
0.07591198163345665
0.07650024794120391
-0.0003710560886579853
-0.06821205056499473
-0.04276426266311617
-0.0002807871606542861
0.0054040079852152876
0.17520623476403394
0.04772990076925407
-0.04017450065029267
-0.0915056399095181
-0.06984586432592904
-0.13430824862719115
0.14185302035982944
0.12132372035766939
0.022321128919774464
-0.02951695346781998
-0.11987304036045222
-0.09674530659261985
-0.026432117947481952
0.15602029822106384
0.23926950756134702
0.08337811402595689
-0.0997718160184919
-0.2614740196919667
-0.19411482657755014
0.05014431374389253
0.21444602363668286
0.17250276379097124
-0.01976539895049726
-0.102493592063535
-0.14954938724830863
-0.06847784209210939
0.07735318637418431
0.0861399133512432
0.15873098473985325
-0.013014544202908042
-0.039379579022809134
-0.1190823218257199
-0.03471700746188409
0.03242777310418221
0.08134300347910428
-0.014853931718645002
-0.002127836052584037
-0.10029734272339624
0.06696320072526604
0.08035934595513178
-0.05515328586009049
-0.048045801475682964
-0.02997777585255798
0.07444519871803515
-0.017198468726152508
0.002071363476756908
-0.020787318781680143
0.09417662782261894
-0.05521848936835531
-0.005078575599257867
-0.05789643637672391
0.18895413048481896
0.05818621768704517
-0.027342599806176184
-0.1681904712375953
-0.12856156808412605
-0.1068044800561576
0.06398853102807117
0.15003054730370483
0.16080582235177845
0.07387480596438822
-0.11149252512162387
-0.06871518955865724
-0.0957198712046033
0.03819952965165117
0.08097714790185388
0.03335513837484275
-0.006219126139092724
-0.04436107936169055
-0.11121178194311115
0.03652839643618071
0.05844404946877953
0.14101804497858272
-0.03709900942730499
-0.1423552052949579
-0.014600313398405023
-0.03829121691948874
0.14049653205227994
0.04754670871554017
0.06336854681406742
-0.12219892876674765
-0.029606777175587563
0.003426739895094303
-0.16721247571194858
0.1187470190487248
0.053042481793220825
-0.00917394083620802
0.05958606379290028
-0.009353076704556394
0.052395514702911
-0.0276229994892052
0.008086592880978525
-0.02504168965913329
-0.02882418392778374
-0.005090746672647985
-0.03385750574585812
-0.0018905221671079303
0.06650868647545002
-0.02815555616760208
-0.05934797391548079
0.06867745299175222
-0.01115309433332815
-0.047789053714192044
0.05175017072069311
0.12242666948872855
-0.04003619466919507
-0.004244856453317375
-0.1056536696243351
-0.02705283669488257
0.025029887781577352
0.05482304877563551
0.12379567361020938
-0.043532502071904094
-0.08794356114809082
-0.09769530300589457
-0.04183227542812114
0.1165746493913566
-0.019598820521565696
0.19573986557644987
-0.06299031689289733
-0.08546069630959557
-0.011590528556899926
-0.03356662910609502
0.01361161564519751
0.09365342423500526
0.07647432198260405
-0.0691594518383509
-0.05291765847447925
-0.06939328322139804
0.02836351964450185
-0.0022518641880488466
0.026671579903255326
0.07835295447459396
-0.052762733669326344
-0.009001454148503516
-0.01074529745490026
0.043724231608941316
-0.03011741961186365
0.07746644721969159
-0.13166275739001151
0.058273597783438026
0.019833952275052653
-0.04151530478090478
0.0332411182916183
-0.01016794365964211
0.11519300172740429
-0.05949525941863949
-0.09357096914354414
0.00411545438062718
0.04912072477070076
0.0033524212168515727
-0.008261022542656595
-0.02969111588446477
0.05489870329690248
0.003047171819609878
0.03752662852548222
0.017751830504971526
-0.04619120085389371
-0.07974325037808236
-0.0035773784619134927
-0.014760242501348641
0.05985077931969077
0.06548436132490928
0.0765696734040794
-0.1180750840817988
-0.027509976441649445
0.09198825095362717
-0.16892489743703684
0.12522225404422913
-0.03277368562041038
0.06182321937001149
0.0353753622424969
-0.11467494979860571
0.009650277810816545
-0.002993949093909159
0.027482245245122366
0.048373660744075855
-0.0045371488305703395
-0.002258146348143572
-0.06761592292828515
-0.09280396875715366
0.05762709617567616
0.1342342093406942
-0.0032164104782542446
-0.007315156484750014
0.04970641429144995
-0.06743133046722857
0.006923145431756772
-0.004504332771235877
-0.07919559834104035
0.03686937357023435
-0.028731282191367294
0.0005182087614593114
-0.00736528705122742
0.09214775766382688
0.02358157220135927
-0.03353941313496567
-0.06903483867059174
0.012932312031656193
0.04750658580614801
0.09588315598918684
-0.06877763647080291
-0.0067932074628561
-0.04378517071350276
-0.02099771647782207
0.012101027094449181
-0.035281350240933415
0.11529421346628
0.05034055068295053
-0.0749291880875929
-0.006043434880245287
-0.08455513052008887
0.057981687287675915
0.013563845486163231
-0.07661230423476564
0.10124837553749955
0.016513102296173338
0.03656604665951009
-0.02047708473393802
-0.10286840114408226
0.044787034828619954
-0.02437446473923635
0.09815619028422155
-0.03821927686447932
0.026743473995132716
-0.13687112728019557
0.05010694118969458
0.003448841977092894
0.09954017180681982
0.007849432512168512
0.01278963451720917
-0.042329525811656485
-0.06157308664666723
-0.13607882822111073
0.08689998042520114
0.08644595409808084
0.11669383494974447
-0.04848333369285053
-0.020195562124753416
-0.04397728899245897
-0.015634620397686604
0.011324471531990517
-0.012187068297613029
-0.001732317255600034
-0.021440154355404466
0.01275763238035707
0.025002073073445222
-0.036292542207453246
0.16146576221719514
-0.012768061068024639
-0.14598931249761646
-0.01569432542830936
0.0022647685636258165
0.06977669085217972
0.041883183373429736
-0.015314994205224086
-0.025683245396890025
-0.01725799062467252
-0.039495248632310714
0.07524894349869563
-0.042388952806603826
0.07255485503089285
-0.007896258513869103
0.028305930326491674
-0.10524009487473561
-0.05276982366364456
0.013168037547178742
0.06754311658712092
0.1638034588775528
-0.06775245136392481
-0.059892100231416986
-0.1354125312950483
0.10900122470484101
-0.029437828707990978
0.07257175328611931
-0.01632656861107197
0.004768261013016674
-0.030497863971757955
-0.0052659143515187655
0.089051540472666
-0.08898065158391844
0.0274665691675183
-0.00608899757564358
0.005089160360871676
0.03525217737560666
-0.0997136778044749
0.02065778672492994
0.0838456637435978
0.026768062125699345
-0.06414837035361313
-0.029632650009206944
0.025842653220502144
0.1248742203165808
-0.08605641923632058
-0.026163567441691044
-0.11587960898026031
0.0827618169994592
0.08181500445467986
0.0210955432511786
-0.10195224655921205
0.06628888219512521
-0.087506058591295
0.02023244788249054
0.021333563110318456
0.004066564792882692
0.08203743618520515
-0.006681375106963511
0.11729620485336063
-0.18244255458733558
-0.010143232226285636
-0.0743612472278039
0.014755758785470644
0.04185184567436959
0.09831568857501431
0.02156637966420738
-0.0537573500415733
-0.013434864011511814
-0.04613198324242582
0.0101977758768023
-0.0004682691310075385
0.07246535681353918
0.046949583369005274
-0.047554920957897796
-0.04215139072009786
0.011556147002733722
0.07063073884014281
-0.04448260342807539
-0.06444155681020393
-0.04908103241551649
0.060328107281150595
-0.03792555320195433
0.019685332375254355
0.09176295539017279
0.07520603973716976
0.012312846285052427
-0.05524157115156442
-0.09644040067472491
-0.07103932156884721
0.12917288960161338
0.03429274115776968
0.023083430883136774
-0.11380673262014579
-0.09606506268945145
0.08173587933223048
-0.012833191946350526
0.1533019541720605
-0.04212935863878082
-0.005470587296250941
-0.046474163823578274
-0.03079162006515603
0.0554429636714526
-0.021327126439422094
0.014940097605905
0.03991486234014568
-0.026586652335450225
0.0908166998380266
-0.12788028087012132
0.037958280713677156
0.025568504102513177
-0.042116380360378944
-0.07301699220214697
0.011146561904461519
0.034857414525477984
0.01328487499795111
0.049904903648662916
-0.014168951569628344
0.10667551723447564
-0.033518782326547494
0.0014870721459924428
-0.07102992660626214
-0.09483429062370403
0.06257977729746055
0.025427184459528195
-0.04175647468365247
0.021763092885532357
-0.054948459913812094
0.09912874390462716
-0.0038682890954976
0.0787180806738943
-0.04817093255490836
-0.05097177234969823
0.06830604839916996
-0.07767343709517376
0.028061867115684615
-0.03253002612146402
0.0819353649810821
-0.01440460977278692
-0.0497272701632379
-0.010562800565598279
0.004480335045437731
-0.014336913244631586
-0.01597824196373046
0.15938561625663616
0.025612149023655047
-0.1368993120859294
-0.03193676984845112
-0.08171878636292168
0.12037064511907251
0.10990056829438966
-0.06917024821962926
-0.01696302032909034
-0.03637877264492712
-0.03966933558745485
0.04220554111819641
0.11767175240695518
-0.06355130590859415
-0.06570601191752332
0.04754153305589901
0.047089916980870915
-0.04864825542865575
0.0004302227452731809
0.06462237452857558
-0.030839702001915943
-0.06718110364235387
-0.06421086734654816
0.04639778571517715
0.05060159166705675
0.010657980406947373
0.039045953230836906
0.0025608068527116657
-0.015529385562624507
-0.028766729916657054
0.023435927521874695
0.05302241729941035
-0.02315275686779507
-0.05677500517454476
-0.04095147719558198
-0.1054598624342068
0.06536957600011821
0.07228814899572958
0.09881886155426237
0.11470704957970138
-0.1269704731550296
0.03213238860675235
-0.144210882260697
0.02117436845576707
-0.03106655755522262
0.08287782401927866
0.04600090679788836
-0.05589772219322405
0.03167271579161893
-0.10272253662815513
0.02341025551012139
0.018207276266430646
0.09879866650117747
-0.03172492500341127
-0.1083113909961734
0.00971017935809123
0.059485525856333245
0.025038583838703582
0.12160197442222326
-0.07432083752915015
-0.05937214387843749
-0.03990931706269022
0.0127989846843162
0.13367512972595724
-0.08641681571017443
0.060743736233552365
-0.14480798110192997
0.0011480246563537744
0.016636628343319172
0.05801910750373705
0.06040953572533912
0.026672076638687394
-0.10119490133781726
0.024678804353867018
-0.23246647420398672
0.18114038153263062
0.0897126243305321
0.11979178740553817
0.02542738882668276
-0.2262813019407739
-0.05103567503324377
-0.008061240532385104
0.1360516805659442
0.03953856832342973
0.05898257990224562
-0.0888180171775181
-0.07340583482604135
-0.06297135823303718
0.02084962600727236
0.05868124397525551
0.06472842957495614
0.016630660791857918
0.003942656351747221
-0.1081132349440145
0.003650381087765402
0.039617692099654996
0.04199458017478286
0.024440207136593832
0.01206288347416478
-0.0800039864894285
0.03225161328627063
-0.05937532443145345
0.02224592197150948
-0.01825727931688008
0.09161686786632625
-0.043475073710761244
-0.03204629419071167
0.021068218720297766
0.09451044433726435
0.02686815703831313
-0.03687427126187032
-0.06588759433956651
-0.10439572070034892
-0.07160108760651186
0.05345410820235934
0.1670886343102723
0.08906754935553421
-0.07692755275247598
-0.05951945099441444
0.11814840144121609
-0.08215872886256484
-0.042147465302859274
0.004849177383418366
0.025740301120503836
-0.026578838990198556
-0.11862864193729498
0.05034434819279881
0.013352223595866184
0.12127203198058495
0.1847432679106078
-0.06570870039308085
-0.12369727564548277
-0.08759341378077061
0.03233200676193554
-0.027583562286096014
0.004573239047413652
0.005328174854238607
-0.03421181527210279
0.020125941839151958
0.05158255873255077
0.061300436185774965
0.016167227904803006
-0.06860202262240916
0.014755492065984876
0.05131860277976714
-0.06977969128015905
0.062178989545938666
0.022782919344428117
-0.05245117173780372
0.021992311555874527
-0.21635364382021513
0.09377350612108946
0.022682294109636784
0.1074691444257243
-0.04229756640971702
0.04704690797171542
0.03423401670095849
-0.10271850992309908
0.04575840228058918
0.007161286163593036
0.06534487392882873
-0.012509798154633343
-0.13087178456353932
0.022159405999785997
-0.08872572802119735
0.07628978468391424
0.031714735287499525
-0.017225087826959275
0.09444871986038697
-0.05848667845588902
0.10855723183774711
-0.07714912005952107
-0.0012383323508970857
-0.04798562199773253
-0.025737807781550534
-0.009546391255823038
0.07343052990444235
0.02878815860285796
0.05799456110747816
-0.06193121160851649
0.03492049864316263
-0.08242917400325533
0.005730969802135264
-0.0805969775621325
0.0004477012121941251
0.053621036554589496
0.059189346288014665
0.030537487254539152
0.0017882976776179872
-0.009328042053923617
-0.005893398298708507
0.022354936839865006
-0.0152182289302092
-0.059886718363294254
0.04263908617636918
-0.07311262787157995
-0.019858358380861058
0.11811582412509862
-0.005639330949545551
0.07690599554535546
-0.2067636490647024
0.08541515936470585
-0.13235232351195422
0.20959211526550378
0.12618095365080478
-0.054724848615053764
-0.06746037289851546
-0.10323954873232133
-0.036579154040647405
0.047669621807939024
-0.0277934909594811
0.05806231469003624
-0.06270580651385402
0.06447227048752094
0.05940521763278252
-0.03778496027778965
0.09719672842815671
-0.004431492522607033
-0.11967797495193327
0.03682334087131113
-0.05411223440429798
0.04140918845044825
-0.0488839477509696
0.05914936200311552
0.003463415829345312
0.02341428120789108
0.03064779415832413
-0.07447609080609773
-0.05651910165091703
0.06783349076793754
0.013748651830871718
-0.0006387751785559594
-0.008960802925275155
0.00889938184195651
-0.021450855399328103
-0.009389104207368514
0.08302729629150896
-0.017611412667632716
0.03962316048806899
-0.06070513951565147
-0.05749383619376542
0.05769969686536863
-0.059486654129716654
0.12905322730478191
0.015176696613352105
-0.13856177488311228
-0.0859177765681377
0.0839567434529041
-0.012132090988661323
0.11576686143344171
0.05231299499861147
0.03396063251526566
-0.054975452787271936
-0.19741557497501822
0.024581416144896086
0.1608316905267459
0.02838095093588213
-0.06073051242592315
-0.1078357672992139
0.04989416983965792
0.08436179775097609
-0.09546173445334638
0.09859435617500603
-0.04584765625025679
0.017805851126166308
-0.03684141751060772
-0.04802742703403445
0.019188559067583398
0.04811408347773919
0.04051161780531591
0.02816352978035244
-0.00039131926877047224
-0.059807139944142204
0.0518318989730142
-0.10159382330140927
0.011245647141330698
0.053430053649587576
-0.02933837763406859
0.004688418081338023
0.04532105833451727
0.019129216629992493
-0.024599857286585296
-0.02779825462603544
0.018996190070137933
-0.06628626851847327
0.004796904479025758
0.0014533823816141418
0.043512877424602886
0.011792867888562104
0.1340956437093016
-0.11935605643939201
-0.006818595001927613
-0.02505187992271053
0.0040206769106331045
0.018727781289293515
0.04752962272347243
-0.0732362115567705
0.040893101597999616
-0.04029701706180117
0.018674455426412096
0.07143973820383535
-0.06129413985703151
0.02290102509397429
0.016050561624670966
-0.07375471553798764
0.03360473666201887
-0.006679923578526668
-0.011503646979908952
0.07091565664614438
-0.015240960990976125
0.011328147553164608
-0.03019502350669017
-0.008854669125321065
-0.028073610173476315
0.03493478193702876
-0.05136002801942581
-0.07135944037581275
0.09127892672701349
0.14025320816220066
-0.005204778741093895
-0.02024292094936558
0.02693280687199273
-0.09288118942416748
-0.0062080677091777975
-0.052699486362352166
0.0423522334031249
-0.058363317335571756
0.009295138273611961
0.06664795548763602
0.02880532938808828
0.001174365925284658
-0.07621498542060859
0.09154599208139425
0.006689487160866585
-0.01264026548953968
-0.07652928391329758
0.05032596912641121
-0.06510834918709843
0.07499261029774804
0.08439576307409703
-0.11580155779067908
0.01688766023393899
-0.062379737210432516
0.060314962047529855
0.008913453523813213
-0.02653384937427887
0.10922740742263158
-0.05652697140384812
0.017817094098240338
-0.016046988895742277
-0.015624265044948113
-0.014344247853121488
-0.015522446195619391
0.05915543348181191
-0.12368024812741064
0.006458420296765483
0.07186754403964472
0.02960409288387075
0.08055034467391006
-0.04757905521586117
0.013006185586463062
-0.041289973756247746
-0.016644616081365138
0.01760940673469087
-0.03649735718485575
0.0362993173325532
-0.05202202088965262
0.07476921092542246
-0.057957870311830556
0.05272429879543015
-0.09480695873017275
0.11782757485119974
-0.038900387380811995
0.015606146375439996
-0.01963443855483172
-0.07307387686272446
0.04779177534111443
0.11156141509264733
-0.01595676870547745
-0.08028040517590435
0.06271944997170412
0.017573907364185973
-0.007857542692833563
-0.017572490496397766
-0.16591310404401738
0.18191548702542165
-0.012363040200098652
-0.145677531430303
0.032177568711577544
-0.024106689995924233
0.14926060753467715
0.003883125876422703
0.04292755939328459
-0.03513219320618967
-0.00734451305107733
-0.04775114228253271
0.04408062228619032
0.03795994287852699
-0.02435802649235412
-0.1161370463105081
-0.009937663064184954
0.014207007567832376
0.06011474801958781
-0.03211338883330005
0.050471560780279895
0.05489488080136502
0.03068045658444355
-0.0684615448715192
-0.025774408496076023
-0.024771729900440617
0.06255468735277395
-0.054964295710398334
0.03425039148610987
0.030856347241297925
0.017656806015990324
-0.10550286158088373
0.03511746416013501
0.0012426854608460127
-0.0022825131368011883
-0.0026913887865054192
0.11248908309777803
-0.030453656254190498
-0.06419416268935972
0.022510986735288133
-0.07572851076528476
0.10991166500725909
-0.07241982164435828
0.02056103280926991
-0.036591889576678846
0.05056493436052241
0.06012198514688876
0.013617437528515509
-0.028881760580150642
0.0006976329517168721
-0.10039897989653966
0.024499135939524668
0.03450252908687659
-0.05116353619749045
0.07812496230075991
-0.01200883419429943
-0.015989873727568635
-0.009811963054231961
0.039135345979707456
-0.023867290422850004
0.09988124425256123
-0.04442279410370354
-0.04305768618066499
-0.013506100873478158
-0.0147501431141112
0.03005526190360413
0.013623173701096516
-0.055910098436336535
0.06360078988222255
-0.0537973534431172
0.020457452183835923
0.0319822734657585
-0.08623653732792662
0.08630356751160351
0.02517144541233811
0.022029102027320627
-0.004307978281644628
-0.06812718327840965
-0.006565721313258223
0.03036185143653366
0.04612190549184205
-0.03831537779447708
-0.02819062270744923
0.00784855993481161
-0.03707696266459765
0.006978216655986197
0.028737565375566418
-0.023147149405995018
0.06493768834452895
0.03700066824152095
0.05586510419230991
-0.12218727378344854
0.05906536343900727
-0.057818465016816645
-0.06211984248937136
0.07817543700014451
-0.02541615073937539
0.03624969931787111
-0.06685353055257924
0.04733329662108231
-0.03579035407849099
0.08291760429000043
0.045926673583082105
-0.03752422781526931
-0.04372834929409321
-0.1044887986043397
0.04003731091413275
0.0895906139940035
0.13619941048921738
-0.08412524531606086
-0.1560097638909051
0.0976137448958688
0.03303939279380733
-0.1083396380466489
0.026317692175347802
-0.024385454799188085
0.14926291511933842
-0.1123401264457852
0.04192082937290494
0.03817000245878492
-0.059853429201665774
0.0179893041968841
-0.04885279839709801
0.09758150805495447
0.06102609026188785
-0.18207539295280234
0.13177036639990417
-0.08893597747131436
0.02622371194438598
-0.01817392020136787
0.0011750934994639532
0.0763692363272387
-0.06501221455452258
0.013197698333733462
-0.07592889988631168
0.09508004454494035
0.030802811167793903
0.03603323489079161
-0.013546386561904645
-0.10791034620807069
-0.01349916319776384
0.01638605297753938
0.04497809653782896
0.05693688210165744
-0.03031182885797961
-0.0038288392740085954
-0.10451713563789777
0.06352114710417679
0.04132223654533258
0.09690246895407603
-0.026852217338061604
0.017156130866554264
-0.12774414183840815
-0.1016513919918965
-0.039063345007136735
0.0901556363384739
0.15967903635932662
0.0025040875608114826
0.009595439363752439
-0.07842954864892539
-0.08061425470453373
0.05068738959620617
0.01807466518569449
0.0964086035084232
-0.026577592963621693
-0.03877778163651461
-0.058535621401465954
-0.007883519061044838
-0.02409154236425133
0.10339767875693452
-0.011420766600380135
-0.016503947372518587
0.00818299414717795
-0.048529574462094834
0.02918188602399599
0.10267437210113556
0.05582217276684166
-0.09583776476363351
-0.12700890515535673
-0.008144472724308892
0.011306896641308486
0.023994992798569512
0.0675581564957029
0.012803726039938321
-0.002187653449907224
0.019748309821119768
-0.07893712155422412
0.02130976418913856
0.10980175285761751
0.0073578828946263275
0.05818154974459999
-0.11411794049378853
-0.13957178614906368
-0.03401852289168364
0.005338984513765095
0.18585077301463662
0.10174862018135362
-0.15834820857951676
-0.04593107636566386
0.03706607260580496
-0.027135095981815453
0.09135760574252
0.0665492554967412
-0.032547703696029585
-0.11611937959277718
-0.022399950277604604
0.009837405097309307
0.02818302312440425
0.06198343462637622
0.0486614828256638
-0.040852218933725516
-0.10962922089018615
-0.0037696732084149375
0.04156699236049415
0.08618732776285985
0.04719895341911206
0.01795022391291675
-0.07324363263877
-0.03470687953067485
-0.041494394860853816
0.03285898915586105
-0.017797685859168404
0.023330940995863275
-0.05470673739656896
0.025740387555887742
-0.017543102741008083
0.050138999917718294
0.029855473622937306
0.09376968849456949
0.0050634955209275575
-0.13846561252017361
-0.025800877691274503
-0.1148188440955677
0.19104989587379811
-0.02632375220417503
0.09853645450997878
-0.029526938729589974
-0.0010123823976208764
-0.02830193072194495
-0.08238680954517803
-0.03442944034081949
-0.026386725088001158
0.11313527149137907
0.04149917968252104
-0.007022748678000842
-0.0005366345956667878
0.01313227260668601
-0.016624951428567823
-0.10043365043639843
0.094001736843871
-0.0658871745890547
-0.010059506064236029
0.10116949048169022
0.011612106219433291
-0.04940668264471029
0.07308859475938459
-0.037044197964415354
-0.029858429154559284
-0.12339710016004021
-0.046295915629197035
0.12641837055351177
0.21075027418518955
-0.12469561238872987
0.054592104565108705
-0.0785434141919692
0.05846679439042256
-0.06599397956735852
-0.015982545957257066
0.04716345211562209
-0.19044454722638637
0.006918984775298367
0.04815220339051243
0.09966186558954915
0.12833341124550438
-0.024969777193407657
-0.0684633163217227
-0.0051135834803052
0.034326254673448256
-0.0687373887910945
0.03044208842980356
-0.08910121347035324
0.10922034406773985
-0.08930174293645311
0.04807296261881394
-0.008045665766128494
0.07530785733561896
-0.08460823063167265
0.06367044554236773
-0.02301712629222207
-0.009087051279687522
0.04556977315020434
-0.06504540926872497
0.052189254586209724
-0.14812617017896984
0.08394042940395993
-0.018157704216452894
0.1286077341727507
0.026611458862268123
-0.026106783795208297
-0.03240772092072154
-0.05521372552289108
-0.06630049040473142
0.14030441726689594
-0.11000672812371073
0.11642727751927726
0.021493210564022504
-0.03181304637837307
-0.08608881406286475
-0.13089592970137104
0.027842230556153022
0.15356227586769527
0.09635994071025503
-0.041592087654799714
-0.025666694572027398
-0.06663228193693747
0.03741836486759835
0.07337748736021438
0.03098692265390713
-0.06841059001579489
-0.03455018127676057
-0.07231201823827302
-0.02650301988944618
0.03177312493842021
0.05630708992142258
0.10697305928906647
0.013720261890988628
-0.1084117026180344
-0.037294872198710576
0.0170704391994061
0.020178980695690837
0.042705877818024415
0.12903941104976563
-0.18854985251471407
-0.01668752515921456
-0.05235056821931891
0.006659810150322715
0.11351705776285262
0.07132114851029825
-0.05459748122569909
-0.02856799654873629
-0.013631210737496423
-0.024723952793602316
0.053621617782651954
0.051637206254150365
0.030924974503701023
-0.089671697615568
-0.037181837302075665
-0.014840950010442173
-0.010176087302799378
-0.02018115390002239
0.10052124968163685
-0.008426744481335069
0.03198092193614227
0.002387632433864681
0.013214446852917665
-0.0199624786385078
0.01390882020116557
0.018736773110282105
-0.11339051871403044
-0.04600786101547255
-0.044667958347325426
0.07869804104203347
0.033571389584618666
0.1411802283362935
-0.002981854369697494
-0.021447515389018672
-0.13642674029729787
0.0368946829267731
0.07696511855635314
-0.05836965225793458
0.12811255230853774
-0.14823817633593256
-0.04794538619903605
-0.00978562339758051
0.047016406230464845
0.0005006010889469364
0.05345887314330211
0.040175226418456646
-0.03625282145031623
-0.05193246885518209
0.03039318895385459
0.10051787030063056
-0.011567011680100128
0.02421538511604228
-0.13012850821303057
-0.0361289317481376
-0.04289233587705462
0.01672396077773179
0.13393424092735762
0.007159304836734395
0.06661868739396448
-0.1022840082322656
-0.08090581427168525
0.04386766777671136
-0.018597282934452425
0.07879578227786367
0.03719843969649138
-0.009118502798663726
-0.0499189420989951
-0.05887122802107493
0.007236677778362442
0.06911196648813461
0.08329372583512007
-0.09121025172952354
0.020043314307695452
-0.010540803069445857
-0.09128988109478027
0.031195372527271115
-0.00654542644410892
0.06536020509499521
0.056779303405491637
-0.031783028849590014
0.022844633996204025
-0.10743806098990336
0.11342385024932056
-0.013860197710019999
-0.03547775282376407
-0.1270190481405681
0.06825770299758985
0.05539271865599667
0.0008677069434039758
0.05062626759174056
0.008196203199576306
-0.010381874560052793
0.0005880028295618678
-0.10004384452299919
0.02833889532077153
-0.012850448347782097
0.11255327858762391
-0.04232198779898888
-0.04338254900561095
-0.06414313263867202
-0.0267928221062598
0.07841497344418702
0.13830241166707882
-0.10423663202633839
0.0631678242449015
0.00123343321091067
-0.10551809669328452
0.04943087814507531
0.04777842273993248
-0.0051614786471709025
-0.011218534811613588
-0.05885746364040065
0.037325451158154915
-0.13676151216073246
0.06542499492935583
0.08396180108853714
0.018213748203589994
-0.060726768373483675
-0.03207175084574231
0.034102724861387254
0.09345323973729477
-0.010253949867121206
0.035463425702770134
-0.032667277253366
-0.07140829190084293
-0.008962399011270581
0.012909062713412823
-0.03827231648884699
0.0182323495115507
0.02684603126656021
0.029847089657948474
-0.0305836154354882
-0.036765087223001494
0.08625618400112153
0.012265542065662372
0.013862665156984446
-0.04552330707194452
-0.06157019589600786
0.05104303519472102
-0.07519386709603598
0.08561804814291497
-0.024705799602872718
0.05347066725587266
-0.045122001034609394
0.0012237340408607356
0.0017131150602451295
0.021173704490754307
0.07703752011246912
-0.0021188139349854057
-0.03450979927822373
-0.0973732059245984
-0.07786005712311816
0.10390337811929118
-0.050466789066053244
0.1185335615706522
-0.03714053520312659
0.003950207000912899
-0.04862918032231958
-0.004757770842552255
0.07684614780732635
0.08720038307910229
0.0639891105861244
-0.12898527716884906
-0.06797367983374614
-0.09133077290367367
0.02300394005826468
0.011823889930744451
0.08956489966665869
0.06808438714435974
-0.06676216175581581
-0.05135920129241783
0.024550401353342025
-0.004828335687092705
0.015625302043267713
0.12295339278602437
0.016227247920210908
-0.08845089204350928
-0.06031446005823439
-0.04889661447851874
0.03885946218872416
0.0555214666805885
0.05548057239131683
-0.13824207986676762
0.010414199147864752
-0.07577463304693939
0.030159360658315468
0.19946683559702882
0.05187587886204382
0.01624808587466225
-0.1604816560440075
-0.060258954587073005
0.058322746870728547
0.014625878737193255
0.01157984178105706
-0.02975284002119407
0.05551717986272504
-0.08695532798334826
-0.07066595901407453
0.024013414391413693
0.059497083274129545
0.12907701495544102
0.005338200544370297
-0.05806046953530695
-0.0597447999587859
0.0054252774257075205
0.040903701604302525
0.07018027338534871
-0.04183316485049317
-0.08588476166537873
-0.06251097656114185
-0.04724951866702638
0.05721583820970304
0.1359452984462167
0.1314744153376096
-0.05222443805456137
-0.12935476060702442
-0.07780745082907077
0.01461419818001507
0.11925517586197387
0.08327342101868689
-0.10586996978223273
-0.06061154077893485
-0.0582848674274217
0.08646010781817495
-0.011334876913864598
0.018773366102473273
-0.004780848043543357
0.07824026502091258
-0.06661446401789595
0.07631936731988513
0.0036368513776147346
-0.03275012739259946
0.01063356255940387
-0.10441051466892587
-0.040131159868719096
-0.006536160805615547
0.023541163571143515
0.05804229087392393
0.11965017521595037
0.004333388354981293
0.04014221401450549
-0.13751655495293735
-0.00866513699521287
-0.067979429810379
0.06940760167803726
-0.0513008806598815
0.09728717208069321
-0.052458288278507
0.07478284562083645
-0.0586163243209442
0.02225484530945737
-0.01635021748362639
0.014340559144355933
-0.030991158893062528
-0.0002919557033158292
-0.08430716823796591
0.1409875523939627
0.10954265166237004
-0.07407540131305308
-0.06809532330430927
-0.024125700260598543
-0.03424240782401418
0.05985143644534674
-0.01248344562439702
0.029420016432977335
0.036775176138787086
-0.031289254914532535
-0.07777893754883744
-0.017121466352733726
0.02867190480608109
0.1958805236470762
-0.030840422144557487
-0.028773025523965427
-0.1654168557886849
-0.023024745413514316
0.07253385560225649
0.06631767859841338
-0.045896667794921464
0.010307636538117497
0.03541506174125193
-0.048543646651913526
0.03640710906012916
0.056725716684692964
0.041966391181470775
-0.02074188588928006
-0.0649987064761082
-0.1713913856186363
0.004741022135572627
0.07715689998904608
0.048796431545382137
0.08346222252493576
0.08680472363603375
-0.0526525829996483
-0.08303969556586227
-0.06471110702422603
0.07057337563380012
-0.021020496799166257
0.04890299631573704
-0.07415870630016103
0.0002737075963667058
-0.07746546992077917
0.06232042411300881
0.10998991142127534
0.031936835880583735
0.03690762905496044
-0.07395555079923258
-0.10649285174198561
-0.07182554512579493
0.1557442559601574
0.1294917127087103
-0.1235616458598617
-0.05823250583580239
-0.04921864629275105
-0.0706964294120779
0.12871436430898658
0.06485804654556263
0.044745218108080076
-5.707558305714788e-05
-0.04488641943062048
0.018083794333878866
-0.15180995764367733
0.1072449067702315
0.07952444232892185
-0.03913136905854822
-0.10856215891217715
-0.00794515684917366
0.05997412371208715
0.0013509853544687346
0.0693791047328513
-0.11884591093088137
0.02567564679874277
0.07552939328410162
0.019325940450686023
0.013277688805186427
-0.061657268894291836
0.070179561237366
-0.10606764449719173
-0.03900033832668201
-0.02245019664841898
0.016279700624509667
0.14996892726767905
0.06730801460791329
-0.07222871271575237
-0.12251613113178528
-0.02595793566921646
0.05628023178689391
0.07993793436768767
0.013611515865002945
0.04328719823148605
-0.07799297547482498
-0.027417793520080145
0.007592141146718596
-0.018564667462277085
-0.02969839391403578
0.06437475702764883
0.00850073407210596
-0.089662498195898
-0.03847794503919844
0.017399258664949402
0.12901914183144214
0.11798023820695044
-0.043348355687620445
-0.11590090183625375
-0.037283966549434965
-0.03925491096405581
0.06906607271000345
0.08141903348211786
0.07707994806706303
-0.15311192731860063
0.01835813066198996
-0.08089500012798204
0.04561871963221062
-0.007831001532861584
0.09080912762428109
-0.06416320649413003
0.025192582658440654
-0.0396153088191671
0.020619201721717016
0.027311502124708578
0.08117650041233436
-0.06047317134861019
-0.05483826898462374
-0.010032176899973225
-0.005578742346477287
-0.04370171062442101
0.18708929930052717
-0.03019998539805118
-0.04146198608660767
-0.014548654435778612
-0.02866624308128647
-0.029077004402892043
0.03740331135311026
0.05723329192648838
-0.032640987437892545
-0.015071861364697677
-0.07682728259906793
-0.05428237137745417
0.1359748589626338
0.08003572553921276
0.0031309985075307946
-0.0361696066259539
-0.025397904450113497
-0.10680306874689013
0.05346441404333464
0.04033284173134036
0.09462394209815553
0.04776686153891142
-0.18323841276422959
0.08696016212939506
-0.175352222495621
0.07192013510555617
0.02901842523680485
0.01952493331215151
0.006701358650557538
0.002522762789786688
-0.025520554545069865
0.11897650150543976
-0.056177879534098044
0.048844170339132284
-0.02024223369769875
-0.11386684296806023
-0.032937045807860194
0.04358658320168269
0.09750391109664377
-0.00543833765561556
0.039420694801145954
-0.12881467757895204
0.010085008117379687
0.01901951309262362
-0.012691108397390552
0.07502712317422003
0.017259076226254486
-0.02013898726340405
-0.06950065571094229
0.002742710410231256
0.006368650008184562
0.008550723044605957
0.019155580796536505
-0.01871580366477997
0.009898585537932221
-0.012777034261691887
0.045132932721821534
0.071025281931793
-0.01951461223197077
0.10854502112776168
-0.15197215336892977
-0.20559808877965552
0.00047809310559267584
0.1868851540133757
0.07684210202110864
-0.03860922701343658
-0.04658451768666032
0.018897702450094242
-0.07921600495576694
0.07013640801231352
0.008358698661029871
0.09487988606656045
0.026398067807688504
-0.14132831518328587
-0.0923667175186303
-0.0010562217056455173
0.01863255370527632
0.21396704058988472
-0.0643219038710729
-0.12549188832764183
0.07126656062661721
-0.009356231891081005
-0.02673516304146804
0.08416251151869401
0.011118461644991078
0.09550765217414782
-0.16160019322704908
-0.004153148722057024
-0.06001475242533634
0.017046023274725382
0.09431588459348327
-0.07241171294488208
0.02802319880160795
-0.013594050024604577
0.04729644306690328
-0.008073477509780377
-0.025318917360268513
0.06838003321448186
-0.013818329333847237
0.0030949641370589935
-0.08668472802573492
0.04316750246683633
-0.03620220272126455
0.08687464316728963
-0.013407234716442071
0.014774018250507708
-0.08045838368916815
0.025514717953711512
-0.09223811373891395
0.10877196982814802
0.06632624420080563
0.030411527496111267
-0.11016511627623626
-0.06994869256424771
0.0316568760534039
0.0890783470427571
-0.0013457336852726355
-0.046690198213980204
0.02033066668345878
0.0003374291743628924
-0.021226810722362457
0.0881112659094931
-0.04492407579530213
-0.053479816583036056
0.06900426694512082
-0.06968775367572447
-0.015361264679241454
0.00745530804397616
0.0421964408101933
0.08467568973996756
-0.006268201892186003
-0.08448725783358549
-0.10501184059312413
0.06289686616178584
0.07560287833214584
0.005062494907634087
-0.0043888377395130745
-0.0291085357158678
-0.031553592432786645
0.0441573916870274
0.06264020975389528
-0.061971195640994806
0.05427374905838934
-0.03703754231820094
-0.03188722243678629
0.013354704721679676
-0.037271135704775596
0.024750942371269968
-0.021699712293822823
0.012378759987741184
0.024378928413343347
0.006659759708236257
-0.03148165853433099
0.13009877448031223
-0.033209216939380184
-0.015334081944931612
-0.09618813386807157
-0.05147030900277492
0.05374237733902314
0.03388308679223652
-0.023312610455427193
0.07421585975532669
0.019995563611751435
0.013051111657450556
0.002737575901763635
-0.05522609462694608
0.016504194955091887
-0.08525274954317137
-0.055156743995595475
-0.011491813869858612
0.08898760213326931
0.08927293975404711
0.002809033515178458
-0.04168332661225149
0.019268209485949588
-0.036817690429942554
0.10534422228366928
-0.0016653924208234056
-0.08016848134432335
-0.03414434997337866
-0.0687297680071107
0.004805177606019543
0.06563421138500564
-0.027034635621047545
0.08798512859802243
-0.04775148322154692
-0.014071259972879903
0.05449169025512449
0.0038924475650342393
-0.002887509587728293
-0.04241780202304821
0.04715612691241241
-0.019988854942361925
-0.0050736957996903136
-0.08505665374824388
0.061613741651805276
0.10253870196340933
-0.055766502789173125
0.022400027962047545
0.004600409175805363
-0.11374462075818216
-0.08762473105731255
0.10502238381328965
0.026278626871831166
0.07235232051728294
-0.013555221942836818
0.02459918671097234
-0.05659237734092802
-0.022158663930736344
-0.014654074268248368
0.06019959880071501
0.0011212890034013705
-0.019355711901856962
0.05720046590032385
-0.05404030074063538
-0.06254639556490181
0.040239797916788694
-0.030834961925367027
0.009211306394560647
0.066870206573632
-0.008858749916527731
0.007881484365182812
0.009613773304719329
0.0039010900038699003
0.003182460349485379
-0.07292862694931868
-0.00858153298094759
-0.04123316592764527
0.021435518232249245
0.054211936720125975
0.10189371797876451
0.0060030473473739465
-0.057530793828109356
-0.06981901765848927
0.04674308247698537
-0.1033585353131006
0.0762756735045508
0.05466587389133366
0.011937904612652765
-0.09858966242912107
0.0703303323888684
-0.05098859148954629
0.12558180035913108
-0.06566841703754059
-0.07502773829241179
0.02961482596936913
0.016546236787645364
0.025743864559976976
-0.039301625220986375
-0.026471669418306917
-0.024657527818898517
0.07549538485462216
0.041519158705229556
-0.004479811059924509
-0.02916982735418562
0.06669750776783047
-0.06955125558873998
0.046815719775419706
-0.08986300855857425
-0.06114842511985169
0.06281706812259942
0.025153052624064445
0.021371661127618288
0.03173821959828445
-0.06234168622186961
0.14268456068257107
-0.04490329547341722
-0.08525283570466498
-0.0494478098179191
-0.008342197006946953
0.09224391365484963
-0.09994441150295014
0.06158027022744829
0.08901375885680451
0.04490472308820895
-0.09979918474404015
0.05160416937912857
-0.13075002298203303
-8.789627167114789e-05
0.060663656957329726
0.017233455102104122
-0.012937300048012045
-0.05342533736456062
0.089437593684084
-0.008992746445165747
0.07753337820617491
-0.10689677844737852
-0.017388558897647035
0.06881708721245715
-0.06859386778932242
0.04930770821486122
-0.030166536234411876
0.022688577143189302
0.009530212042742174
0.023787715974222922
-0.006004966966601955
-0.03764145646132999
-0.0750956338179684
0.06209262279499453
-0.019649770354781333
-0.029617227772139085
0.06280060591574348
0.057825697171593866
0.022301370963937115
0.029648440881978037
-0.00016362845914388163
-0.14344898232769698
-0.0021974411792908717
-0.054612159544312935
0.03817981202876534
0.03507341049646863
0.030545927575680094
0.051616291596389634
0.02587726858117985
-0.029799597363104568
-0.05039022210353977
0.01225579737825053
-0.03023312608961887
0.052830105897490535
0.012669776678735978
-0.08343915622929869
0.025943306443272706
-0.02430090760475906
0.06632878723195491
-0.06546175017905209
0.028551003948247833
0.0928789819643415
-0.05137599559739568
-0.022642445948866018
-0.055476567466485785
0.03377948721203533
0.051826711980800064
0.025369953121141178
-0.0715248555878171
0.020468976299823798
-0.04085010839760038
0.06648933236573613
0.011159940939562782
-0.014751898322384821
0.003835656263597875
0.037349219367113363
-0.06212196901394469
-0.08607708837645361
-0.029782069973988197
0.03854885131331225
0.11426400398910894
0.05360896299495796
-0.06917057640896149
0.02170101939419478
-0.012849476584630306
-0.013847824077745027
0.05672008776337252
-0.01631319422155722
-0.0005518360650087935
-0.14838804435598676
-0.02394464198426212
0.10105853610682482
0.03504040533459326
-0.005673404444311914
0.005261163034424032
0.003136468658314899
-0.0007985637243692065
0.05703255702737296
-0.015964611699888744
0.038970672855355284
-0.15196609971506414
-0.018811419410266816
0.02482165996054933
0.04753442532576175
-0.014056650717951126
0.019162659976384833
0.13706163239539487
-0.022992637525623763
-1.9870593243112578e-05
-0.013910558070765376
-0.15497820119185
-0.017366250431590624
-0.06905632130547351
0.13277806661158006
-0.027181763294946117
-0.027670070744601875
0.12427667663153395
-0.002806375297328502
0.01422546010893034
0.010903671157128515
-0.05811482104156597
0.04230694972641627
-0.04782946212815526
0.012255292699734101
-0.025241114013948133
0.022977888272748652
0.021490329478770887
-0.027740355074641676
-0.014138053674793802
-0.02458721127619516
0.0385696186314957
-0.02260376578550458
-0.011284466312323375
0.03475831539533933
0.023031497567721326
-0.022098019573891712
0.12410464146747735
-0.1733905529814158
0.040463373955179585
0.011582775133786777
0.06669903111840725
-0.05426840103075646
-0.050247475868034554
0.03410470674583272
-0.034003529754572534
0.009649298007632291
0.10317274968505327
-0.04771545287925358
0.034664527916349386
-0.09023733290869795
-0.04948350939456554
0.06638810443082302
-0.03944761649748681
0.16672326827772685
0.020063791858910544
-0.048716550247986073
-0.047261079978314045
-0.1736909673500433
0.10458926285417149
0.007558267873753036
0.0039879987223737905
0.032955631857675416
0.009952814062511098
0.05545785015377961
-0.0016906002245218772
-0.07484512822011469
0.004050821792440443
0.0357428534134176
-0.01325474723536661
-0.0742849307970757
0.0007580148077288712
0.07047255243855818
0.026055017391671105
-0.019081555836704553
0.07992960725773586
-0.07354300224183488
0.03799837128597316
-0.13032927503796463
0.046318809005860835
-0.047683287020194344
0.03930070263527577
0.059236401435268454
-0.012454325734508848
0.05984739803696704
-0.09143820017901183
0.06786671285917749
0.019384448715835403
-0.07376511677963114
0.05601808316373684
-0.11641360778748092
0.049892541537824804
0.022413683648374455
-0.04743199693139594
0.13258109761711612
-0.15324186502060572
0.08542407522019382
-0.03968456828136302
0.042817757028788275
0.03815101390675368
0.05092280817831372
-0.07596581649554829
0.00430916644298187
-0.04507248683497854
0.0040560884773077205
-0.06663143422117664
0.08018261322434905
-0.04208125369958214
0.0862157906580931
-0.030596492693716074
-0.05356858805882319
0.004977542507959244
0.06529225370254735
-0.061608435034821295
0.09415880095684298
0.003830768525098978
-0.07195113179330612
0.03995402125756489
-0.024540969209011835
-0.03040573793048547
0.03065552317040681
0.04739130336613781
-0.05992232579892266
0.0070849269438236166
-0.04697338953453366
-0.006106749917375181
0.04868623344978588
0.0723422137301373
-0.0035828518327675925
-0.05555549115236784
0.01816137743986139
0.05521575650930474
-0.0922291876335534
-0.036567013210953236
-0.04239088323377627
0.16870939182855
-0.07171698830201331
-0.01169873284907744
-0.060237797963498624
0.09556727518738481
0.06499404174042632
0.000322346828376412
-0.061900016063118776
-0.08464110756857268
-0.031947132829848554
0.0654751736804463
0.10266525066861096
-0.017253888955353666
-0.040045163727755274
-0.004890784989528454
0.03791378105252349
-0.006185849431178791
-0.04730295507997377
-0.05038831107183187
0.09605892876830245
-0.03958234828979537
0.011212761837319899
-0.02599695422223179
-0.1046611769149495
0.07363444035056965
0.05118589991800296
0.054396370834538854
-0.03995977699986468
0.05859100810829669
-0.029998422596953782
-0.017033064400364957
0.026624113796516767
-0.019284881925651642
-0.017874126752531264
-0.021373720976629738
-0.009912131918395867
0.0158902894929831
0.062116054969491755
-0.03497707945223949
-0.0002321581207710456
-0.08979623847592605
-0.08203768231009666
0.08796159866999062
0.054222361450644546
0.08373334751290468
-0.0685215502873645
0.042099381466055276
-0.007913573965967959
0.045834687080444095
0.011880661637196019
0.05918305614855822
-0.17303755427345338
-0.0591330651553606
-0.009740070933627073
0.032418213277600944
0.049137421586488386
-0.011120492790761674
0.04283057454920513
-0.028774211319570992
0.042491280815519665
-0.03777101331688637
0.08308507400437462
-0.05616956394237736
0.039994456709732173
-0.05112505256145097
-0.10147055656022946
0.04771468709485377
0.04397148222998963
0.05786724223067925
-0.014923049624958409
-0.022335872163828725
0.06192559262130275
-0.12473359327949565
0.03351935111266759
0.046652584963226294
0.0017013000603582837
-0.01473019262391596
-0.08160785806260516
0.05186894922915697
-0.07783616461035088
0.07323839160098675
-0.047432001852228546
0.1757820450135453
0.00440887215006068
0.03387918615137613
-0.12105313118594241
-0.11803264960213261
0.0331304069174131
0.06981847861191924
0.0045960250453194115
0.011324222443168993
-0.05079200099564671
-0.0003239231965515635
-0.001977386463556833
0.03201347969767264
0.037399678875999404
0.023474789765500284
-0.01015161996045838
-0.05157248666562667
-0.030882640619677198
0.0330929127497063
0.05232347506029297
0.05091185608363783
-0.14390592111884615
-0.0035035336761624764
-0.10401697699602593
0.05466446406532443
0.12317569902402233
0.1825836494972734
-0.09180469016655719
-0.06489722274340044
-0.1321230304168559
0.07252870125693447
-0.019917760496463398
-0.018845373343314546
0.047540884355685084
0.032165529581977215
0.01296498536535447
-0.044743153307669814
0.022011061184140018
-0.03451019907477307
0.03744361127335036
-0.0022579608876352976
0.05005808181322051
-0.05557328607049135
-0.0751185484951382
0.048670471611282365
-0.03333347632234026
0.12893572059268293
-0.06459544989644178
-0.002553398411268306
0.0019185025793719617
-0.057256167281784495
0.08987970660716448
-0.04723738294577812
0.05048041385843712
-0.040090706129741374
-0.0025028428019187796
-0.026621803072292956
0.013338034194370192
-0.05939101947671432
0.11895661569514979
0.03728402206047013
-0.01611873106845302
-0.08280032944973273
-0.0029634806110499182
-0.02742550118774633
0.027175544779880288
0.06833982215399166
0.04603624578953376
-0.10793426529355062
0.014215129607334714
-0.06676685720593202
0.037650426298507705
0.020970237293931184
0.04703564901004412
-0.006087980663768005
-0.014123699907947615
0.025832018498453277
-0.04896537788341328
0.04843831025783536
-0.0010616039674238124
-0.012809825713569378
-0.04047152080640547
-0.08794614702494367
0.10875683322003213
-0.06668022658615591
0.09965752572263491
0.07377222322105761
-0.004934934351273727
-0.08018537468828017
-0.06679760521859167
-0.07645042137942556
0.06666284551091765
0.08393166429632343
0.0509665735014833
-0.022535903974360345
0.0012740589732311708
-0.05667359544400499
-0.009714109411163841
0.008573595930260712
-0.0660417768829885
0.06417808721040706
-0.002534029772728651
-0.019605485017148476
0.047502784405358454
0.0725717866639296
-0.04472494819168889
-0.041551949861515274
-0.012668348181485344
-0.00513371765020898
-0.03790175913894883
0.06357843320965575
-0.005363438487170937
0.021270618752373467
-0.03475976625317195
0.05446619695484632
0.050816241305809036
-0.1512504902228338
0.00335958099800299
0.12035580524249072
-0.024251929883470677
-0.01645013831802853
-0.0715173217774269
0.004158532695493065
-0.038562098762507206
0.10654979483009189
0.07733256665993478
-0.1018447169829979
-0.0004088457613365716
-0.05752105589674354
0.07747060057755722
-0.0019022652843704822
-0.011247450968314025
0.08721646826791317
0.014964881074172891
-0.10359432524652509
-0.012584952939343176
-0.08625897725071027
0.04961997997803703
0.08982450632506236
0.025625108537024426
-0.06914173771658796
-0.005671598922435767
-0.021943896641577747
0.03125010524608886
0.02442578414936189
-0.06787896355103738
0.09822186278785741
0.0214707602478211
-0.03772717442339596
-0.039582052813561606
-0.06569374321241778
0.05665619050960838
0.04116476213199495
-0.0037472909325136916
-0.041069202500936416
-0.024234643702195965
0.0574078803939067
0.009390232853796372
0.08134675770446237
-0.06045930066989701
0.0029747416919996754
0.03628227514685775
-0.12128440565366505
-0.022873254665868648
0.013134302602508068
0.02951758059272245
0.02422125511786211
-0.024708008012107537
-0.028739181993161205
0.10815551286994982
-0.05043533818435247
0.028362694467969372
0.026112643979694906
0.0029397121043616657
-0.1038235233191319
0.03766407186813876
0.02280445762175457
0.08456160657396804
-0.1532972277701154
-0.009145277678965821
0.050167597776580905
-0.027277196544972678
0.08278466406137697
-0.053299946890703526
0.018396107538630878
0.014808138662582713
0.06269340229739473
0.018775987138011558
-0.07866183445629146
-0.019809826663227118
-0.05321605767251415
0.02236783609278775
-0.042363375894291434
-0.01372176919926093
0.07151265203604072
0.07485553319919111
0.05504846589591801
-0.08482648677109579
-0.07983318959111878
0.1351321790533436
-0.06126696616204377
-0.007593082920535045
-0.10093751380681268
0.07598760586936573
0.03387366365063411
-0.11532962737948596
0.09048978863026835
-0.026888417539382793
0.10616796988135943
0.0182650723506246
-0.03510770812873089
-0.04547518762276142
-0.0422926247878963
-0.0050016404329758304
0.03270269437231947
0.03759614118553565
-0.004801236625332321
-0.007654047272844473
-0.05715349573723839
0.011102808238360126
-0.036738792905060644
0.03672488361800788
0.062746286202486
0.058093413136597494
-0.13146720962289735
0.06511632517253707
0.021205393075812484
-0.09691760893560503
0.05220285813688396
-0.014114635980095653
0.04713583624735941
-0.031352441920933595
0.02222896041938842
-0.00836531911216436
0.020119667009193917
-0.016775361934317938
-0.01076720696138711
-0.07237433408348937
-0.031739254080315554
0.04417735012672832
0.0486892368110272
-0.013784950813947407
0.04651442055218875
0.061479154088517354
-0.00228162092274886
0.0029740982544095834
-0.0614966796805471
-0.04078787559078498
0.02572878208199804
-0.004365397543438523
-0.05140520192998804
0.03568057522908793
-0.09929380935335272
-0.011445197213100274
0.09697592853270665
0.11311757097149885
-0.022220750845535497
-0.03736598465029621
-0.06689048658281749
0.05326661228986973
-0.03305693666478349
0.061466014550098196
0.027626440549979012
-0.038561860460660624
-0.05853885485373696
-0.04357057659947257
0.06880463791352273
0.04532591826226824
-0.042862735358923605
0.05488550724425936
-0.11517567713321639
0.0981223600767732
-0.04924542063191117
0.04418070872132417
0.017994064418587467
0.014087685782999806
-0.06899287386379956
-0.18856855342143608
0.11370909675988958
0.041629646035781745
0.08785575610952605
0.002946119977278505
0.019939748869178816
0.01075927197199785
-0.037058375189607244
-0.04840006771008992
-0.047140714056367314
0.08395519739441162
-0.025912565103060017
-0.011533282847744582
-0.05681856309536324
0.020781333815298834
0.07075128254328325
-0.04298692677685934
0.06356770712610604
-0.03440048387695825
0.03335324289269541
-0.06624837294058152
-0.008247875980807891
0.007176472741551839
0.024268326205683005
-0.0050612555115970865
0.0890754809875262
-0.07686661117053369
0.003820799561112564
-0.04923363172510052
0.016998873326918205
0.06114078463346277
-0.010469694965401274
-0.018329185362848825
-0.027245029200476827
-0.07185251318519192
0.01880458673965165
0.13749229281228567
-0.010452273141146485
-0.03662791038761669
-0.0036711558144038973
-0.01657342743287309
-0.052064185524261695
-0.03270784410057137
0.0185995016105773
