547.0059604912
547.5859290324637
548.165891205379
548.7458471099687
549.3257968459448
549.9057405127112
550.4856782093659
551.0656100347011
551.6455360872056
552.2254564650665
552.8053712661698
553.3852805881029
553.9651845281559
554.5450831833225
555.124976650302
555.7048650255005
556.284748405033
556.864626884724
557.4445005601092
558.0243695264375
558.6042338786717
559.1840937114902
559.7639491192887
560.3438001961811
560.9236470360012
561.503489732304
562.0833283783672
562.6631630671926
563.2429938915071
563.8228209437642
564.402644316146
564.9824641005637
565.5622803886591
566.1420932718062
566.7219028411126
567.3017091874201
567.8815124013071
568.4613125730889
569.0411097928193
569.6209041502923
570.2006957350434
570.7804846363492
571.3602709432314
571.940054744456
572.519836128535
573.0996151837279
573.6793919980432
574.2591666592391
574.8389392548246
575.4187098720613
575.9984785979642
576.5782455193031
577.1580107226033
577.7377742941477
578.3175363199771
578.8972968858918
579.4770560774527
580.0568139799824
580.6365706785664
581.2163262580541
581.7960808030602
582.375834397966
582.9555871269193
583.5353390738373
584.1150903224068
584.6948409560848
585.2745910581006
585.8543407114563
586.4340899989277
587.0138390030668
587.5935878062002
588.1733364904331
588.7530851376483
589.3328338295082
589.9125826474557
590.492331672715
591.0720809862929
591.6518306689795
592.2315808013501
592.811331463765
593.3910827363709
593.9708346991032
594.5505874316848
595.1303410136289
595.7100955242389
596.2898510426099
596.8696076476298
597.4493654179801
598.0291244321365
598.6088847683703
599.18864650475
599.7684097191399
600.3481744892042
600.9279408924058
601.5077090060083
602.0874789070758
602.6672506724748
603.2470243788755
603.8268001027508
604.4065779203796
604.9863579078464
605.5661401410418
606.1459246956649
606.7257116472225
607.3055010710315
607.8852930422183
608.4650876357214
609.0448849262905
609.6246849884884
610.2044878966924
610.7842937250933
611.3641025476985
611.943914438331
612.5237294706313
613.1035477180577
613.683369253888
614.2631941512191
614.8430224829683
615.4228543218751
616.0026897405008
616.5825288112293
617.1623716062692
617.7422181976527
618.3220686572383
618.9019230567108
619.4817814675811
620.0616439611886
620.6415106087013
621.221381481117
621.8012566492627
622.3811361837969
622.9610201552102
623.5409086338251
624.1208016897975
624.7006993931179
625.2806018136106
625.8605090209361
626.4404210845909
627.020338073909
627.6002600580612
628.1801871060576
628.7601192867475
629.3400566688198
629.919999320804
630.4999473110714
631.0799007078353
631.6598595791519
632.2398239929203
632.8197940168845
633.3997697186336
633.9797511656017
634.5597384250694
635.139731564165
635.7197306498633
636.2997357489888
636.8797469282139
637.4597642540617
638.0397877929053
638.6198176109684
639.1998537743276
639.779896348911
640.3599454005002
640.9400009947303
641.5200631970911
642.100132072927
642.6802076874385
643.2602901056823
643.8403793925719
644.4204756128787
645.0005788312322
645.5806891121207
646.1608065198918
646.7409311187539
647.3210629727755
647.9012021458865
648.481348701879
649.0615027044078
649.6416642169906
650.2218333030088
650.8020100257086
651.3821944482008
651.9623866334621
652.5425866443351
653.1227945435295
653.7030103936216
654.283234257057
654.8634661961485
655.4437062730784
656.0239545498991
656.604211088533
657.1844759507729
657.7647491982833
658.345030892601
658.9253210951344
659.5056198671665
660.0859272698519
660.6662433642206
661.2465682111775
661.8269018715023
662.4072444058502
662.9875958747534
663.567956338621
664.1483258577388
664.7287044922712
665.3090923022608
665.8894893476291
666.4698956881778
667.0503113835881
667.6307364934216
668.2111710771215
668.7916151940125
669.3720689033012
669.9525322640767
670.533005335312
671.1134881758632
671.6939808444704
672.2744833997585
672.8549959002382
673.4355184043046
674.01605097024
674.596593656213
675.1771465202792
675.7577096203818
676.3382830143522
676.9188667599103
677.4994609146651
678.0800655361151
678.6606806816492
679.2413064085457
679.8219427739749
680.402589834998
680.9832476485683
681.5639162715314
682.1445957606255
682.7252861724821
683.3059875636267
683.8866999904785
684.4674235093516
685.0481581764553
685.6289040478943
686.209661179669
686.7904296276764
687.37120944771
687.9520006954616
688.5328034265199
689.1136176963712
689.6944435604019
690.275281073896
690.8561302920378
691.4369912699112
692.0178640625
692.5987487246895
693.1796453112656
693.7605538769159
694.3414744762299
694.9224071636994
695.5033519937197
696.0843090205877
696.6652782985059
697.2462598815795
697.8272538238184
698.4082601791379
698.9892790013573
699.570310344203
700.1513542613061
700.7324108062054
701.3134800323453
701.8945619930781
702.4756567416642
703.0567643312702
703.637884814973
704.2190182457571
704.8001646765169
705.3813241600556
705.9624967490869
706.543682496234
707.1248814540318
707.7060936749252
708.2873192112713
708.8685581153387
709.4498104393078
710.0310762352718
710.6123555552368
711.193648451122
711.7749549747606
712.3562751778985
712.9376091121981
713.5189568292338
714.1003183804976
714.681693817395
715.2630831912481
715.844486553295
716.4259039546898
717.007335446504
717.5887810797257
718.1702409052606
718.7517149739324
719.3332033364828
719.914706043572
720.496223145779
721.0777546936018
721.6593007374584
722.240861327686
722.8224365145425
723.4040263482058
723.9856308787748
724.5672501562698
725.1488842306322
725.7305331517257
726.3121969693353
726.8938757331689
727.4755694928575
728.0572782979548
728.6390021979375
729.2207412422069
729.8024954800877
730.3842649608289
730.9660497336047
731.5478498475134
732.1296653515792
732.7114962947517
733.2933427259065
733.875204693845
734.4570822472958
735.0389754349134
735.6208843052799
736.2028089069048
736.7847492882245
737.366705497605
737.948677583339
738.5306655936485
739.1126695766842
739.6946895805263
740.2767256531836
740.8587778425954
741.4408461966303
742.0229307630883
742.6050315896988
743.1871487241228
743.7692822139522
744.3514321067105
744.9335984498522
745.5157812907648
746.0979806767676
746.6801966551125
747.2624292729838
747.8446785774997
748.4269446157106
749.0092274346019
749.5915270810922
750.1738436020338
750.7561770442143
751.3385274543555
751.9208948791143
752.503279365083
753.0856809587888
753.6680997066954
754.2505356552024
754.8329888506449
755.4154593392957
755.9979471673632
756.580452380994
757.1629750262708
757.7455151492151
758.3280727957855
758.9106480118783
759.493240843329
760.075851335911
760.6584795353369
761.2411254872585
761.8237892372659
762.4064708308897
762.9891703136002
763.5718877308076
764.1546231278624
764.737376550055
765.3201480426176
765.9029376507227
766.4857454194847
767.0685713939585
767.6514156191414
768.2342781399726
768.8171590013332
769.4000582480469
769.98297592488
770.5659120765416
771.148866747684
771.731839982903
772.3148318267372
772.8978423236704
773.4808715181288
774.0639194544839
774.6469861770514
775.2300717300913
775.8131761578093
776.3962995043554
776.9794418138255
777.562603130261
778.1457834976486
778.7289829599217
779.3122015609595
779.8954393445877
780.4786963545787
781.0619726346519
781.645268228473
782.2285831796563
782.8119175317627
783.395271328301
783.9786446127277
784.5620374284482
785.1454498188152
785.728881827131
786.3123334966455
786.8958048705585
787.4792959920186
788.0628069041236
788.6463376499215
789.229888272409
789.813458814534
790.3970493191933
790.9806598292355
791.5642903874582
792.1479410366112
792.7316118193943
793.3153027784589
793.8990139564072
794.4827453957943
795.0664971391251
795.650269228858
796.2340617074029
796.817874617122
797.4017080003302
797.9855618992949
798.5694363562368
799.1533314133286
799.7372471126979
800.3211834964242
800.9051406065415
801.4891184850378
802.073117173854
802.6571367148865
803.2411771499852
803.8252385209549
804.4093208695551
804.9934242374999
805.5775486664593
806.1616941980574
806.7458608738749
807.3300487354473
807.9142578242663
808.4984881817795
809.0827398493906
809.6670128684598
810.2513072803038
810.8356231261956
811.4199604473656
812.0043192850006
812.5886996802453
813.1731016742012
813.7575253079275
814.3419706224413
814.9264376587176
815.5109264576887
816.0954370602462
816.6799695072394
817.264523839476
817.8491000977234
818.4336983227066
819.0183185551101
819.6029608355781
820.1876252047136
820.7723117030795
821.3570203711976
821.9417512495506
822.5265043785806
823.11127979869
823.6960775502415
824.2808976735582
824.8657402089241
825.4506051965839
826.0354926767427
826.6204026895676
827.2053352751868
827.7902904736889
828.3752683251254
828.9602688695088
829.5452921468137
830.1303381969763
830.715407059896
831.3004987754335
831.8856133834123
832.4707509236187
833.0559114358016
833.6410949596735
834.2263015349081
834.8115312011448
835.3967839979847
835.9820599649928
836.5673591416978
837.1526815675926
837.7380272821333
838.3233963247408
838.9087887347999
839.4942045516602
840.0796438146348
840.6651065630022
841.2505928360058
841.836102672854
842.4216361127196
843.0071931947413
843.5927739580234
844.1783784416342
844.76400668461
845.3496587259503
845.9353346046229
846.5210343595598
847.1067580296605
847.6925056537896
848.2782772707793
848.8640729194282
849.4498926385007
850.035736466729
850.6216044428121
851.2074966054158
851.7934129931734
852.3793536446861
852.9653185985213
853.5513078932153
854.1373215672716
854.7233596591616
855.3094222073253
855.89550925017
856.4816208260718
857.0677569733751
857.6539177303932
858.2401031354077
858.8263132266685
859.4125480423954
859.998807620777
860.5850919999708
861.1714012181034
861.7577353132716
862.3440943235408
862.9304782869468
863.5168872414948
864.1033212251602
864.6897802758884
865.2762644315942
865.8627737301639
866.4493082094533
867.0358679072892
867.6224528614684
868.2090631097594
868.7956986899005
869.3823596396019
869.9690459965443
870.5557577983803
871.1424950827329
871.729257887197
872.3160462493395
872.9028602066982
873.489699796783
874.0765650570763
874.6634560250316
875.2503727380749
875.8373152336047
876.4242835489912
877.0112777215783
877.5982977886813
878.1853437875882
878.7724157555607
879.359513729833
879.9466377476118
880.5337878460779
881.1209640623842
881.7081664336586
882.2953949970002
882.8826497894838
883.4699308481571
884.0572382100407
884.6445719121307
885.2319319913958
885.8193184847796
886.4067314291997
886.9941708615485
887.5816368186917
888.1691293374704
888.7566484546998
889.3441942071707
889.9317666316479
890.519365764871
891.1069916435557
891.6946443043919
892.2823237840449
892.870030119156
893.4577633463407
894.0455235021914
894.6333106232752
895.2211247461354
895.808965907291
896.3968341432374
896.9847294904451
897.5726519853613
898.1606016644097
898.74857856399
899.3365827204783
899.9246141702271
900.5126729495668
901.1007590948021
901.6888726422172
902.2770136280711
902.8651820886012
903.4533780600214
904.0416015785227
904.6298526802736
905.2181314014205
905.8064377780861
906.3947718463719
906.9831336423566
907.571523202096
908.159940561625
908.7483857569557
909.3368588240781
909.9253597989612
910.5138887175511
911.1024456157734
911.691030529531
912.279643494706
912.8682845471584
913.4569537227279
914.0456510572324
914.6343765864686
915.2231303462122
915.8119123722181
916.4007227002202
916.9895613659314
917.5784284050442
918.1673238532302
918.7562477461412
919.3452001194075
919.9341810086398
920.5231904494284
921.112228477343
921.7012951279337
922.2903904367305
922.8795144392433
923.4686671709624
924.0578486673572
924.6470589638799
925.2362980959605
925.8255660990112
926.4148630084239
927.0041888595712
927.5935436878068
928.1829275284656
928.772340416862
929.3617823882931
929.9512534780355
930.5407537213482
931.1302831534708
931.7198418096237
932.3094297250107
932.8990469348139
933.4886934742
934.0783693783154
934.6680746822892
935.2578094212316
935.8475736302352
936.4373673443744
937.027190598705
937.6170434282664
938.206925868078
938.7968379531435
939.3867797184481
939.9767511989588
940.5667524296263
941.1567834453829
941.7468442811437
942.336934971807
942.9270555522536
943.5172060573468
944.1073865219333
944.6975969808425
945.2878374688872
945.8781080208629
946.4684086715491
947.0587394557076
947.6491004080847
948.2394915634089
948.8299129563931
949.4203646217338
950.0108465941108
950.6013589081875
951.1919015986117
951.7824747000147
952.3730782470119
952.9637122742021
953.5543768161692
954.145071907481
954.7357975826889
955.3265538763292
955.9173408229226
956.5081584569742
957.099006812973
957.6898859253931
958.2807958286938
958.8717365573181
959.4627081456946
960.0537106282359
960.6447440393407
961.2358084133913
961.8269037847565
962.4180301877888
963.0091876568276
963.6003762261956
964.1915959302027
964.7828468031429
965.3741288792959
965.9654421929275
966.5567867782887
967.1481626696163
967.7395699011323
968.3310085070455
968.9224785215494
969.5139799788245
970.1055129130366
970.6970773583373
971.2886733488659
971.8803009187457
972.4719601020877
973.0636509329885
973.6553734455322
974.2471276737874
974.8389136518115
975.4307314136466
976.0225809933218
976.6144624248536
977.2063757422453
977.7983209794859
978.3902981705521
978.9823073494072
979.574348550002
980.1664218062738
980.7585271521473
981.3506646215344
981.9428342483337
982.535036066432
983.1272701097031
983.7195364120076
984.3118350071946
984.9041659291001
985.4965292115477
986.088924888349
986.681352993303
987.2738135601966
987.8663066228046
988.4588322148898
989.0513903702022
989.6439811224809
990.2366045054526
990.8292605528317
991.4219492983215
992.0146707756127
992.6074250183852
993.2002120603071
993.7930319350343
994.3858846762116
994.9787703174723
995.5716888924377
996.164640434719
996.7576249779153
997.3506425556142
997.9436932013925
998.5367769488162
999.1298938314391
999.723043882805
1000.3162271364464
1000.9094436258848
1001.5026933846312
1002.0959764461849
1002.6892928440358
1003.2826426116612
1003.87602578253
1004.4694423900987
1005.0628924678142
1005.656376049113
1006.2498931674202
1006.8434438561515
1007.437028148712
1008.0306460784957
1008.6242976788878
1009.2179829832623
1009.8117020249837
1010.4054548374064
1010.9992414538735
1011.5930619077199
1012.1869162322702
1012.7808044608377
1013.3747266267279
1013.9686827632356
1014.5626729036451
1015.1566970812327
1015.7507553292639
1016.3448476809949
1016.9389741696731
1017.5331348285347
1018.1273296908086
1018.7215587897128
1019.3158221584571
1019.910119830241
1020.5044518382558
1021.0988182156829
1021.6932189956946
1022.2876542114547
1022.8821238961172
1023.4766280828281
1024.0711668047243
1024.6657400949325
1025.2603479865727
1025.854990512754
1026.4496677065788
1027.0443796011393
1027.6391262295197
1028.2339076247956
1028.8287238200337
1029.4235748482931
1030.0184607426236
1030.613381536067
1031.2083372616564
1031.8033279524168
1032.398353641366
1032.9934143615114
1033.588510145854
1034.1836410273859
1034.7788070390916
1035.374008213948
1035.9692445849219
1036.564516184975
1037.1598230470593
1037.755165204119
1038.3505426890918
1038.9459555349063
1039.541403774484
1040.1368874407385
1040.7324065665762
1041.3279611848957
1041.9235513285878
1042.5191770305362
1043.1148383236168
1043.7105352406986
1044.306267814643
1044.902036078304
1045.4978400645284
1046.093679806156
1046.6895553360189
1047.2854666869432
1047.8814138917458
1048.4773969832388
1049.0734159942267
1049.6694709575054
1050.2655619058664
1050.8616888720926
1051.4578518889612
1052.0540509892412
1052.650286205696
1053.2465575710817
1053.8428651181482
1054.4392088796387
1055.0355888882893
1055.6320051768307
1056.2284577779858
1056.8249467244714
1057.4214720489986
1058.0180337842717
1058.6146319629875
1059.2112666178386
1059.8079377815097
1060.4046454866811
1061.0013897660242
1061.5981706522066
1062.194988177889
1062.791842375726
1063.3887332783663
1063.9856609184526
1064.5826253286216
1065.1796265415041
1065.776664589725
1066.3737395059043
1066.9708513226544
1067.5680000725836
1068.1651857882932
1068.7624085023806
1069.3596682474358
1069.9569650560443
1070.5542989607857
1071.1516699942335
1071.7490781889571
1072.3465235775195
1072.9440061924781
1073.5415260663858
1074.1390832317902
1074.7366777212324
1075.334309567249
1075.9319788023718
1076.5296854591277
1077.127429570037
1077.725211167616
1078.3230302843758
1078.9208869528227
1079.5187812054571
1080.1167130747758
1080.7146825932696
1081.312689793425
1081.9107347077236
1082.508817368642
1083.1069378086524
1083.7050960602219
1084.3032921558126
1084.9015261278837
1085.4997980088872
1086.0981078312725
1086.6964556274836
1087.2948414299606
1087.893265271138
1088.4917271834474
1089.0902271993148
1089.688765351162
1090.2873416714071
1090.8859561924637
1091.4846089467403
1092.0832999666425
1092.6820292845707
1093.2807969329217
1093.879602944088
1094.478447350458
1095.0773301844158
1095.676251478342
1096.2752112646128
1096.874209575601
1097.4732464436745
1098.0723219011988
1098.671435980534
1099.270588714037
1099.8697801340616
1100.4690102729567
1101.0682791630682
1101.667586836738
1102.266933326305
1102.866318664104
1103.465742882466
1104.0652060137186
1104.6647080901862
1105.2642491441889
1105.863829208045
1106.4634483140678
1107.0631064945676
1107.6628037818518
1108.2625402082242
1108.8623158059854
1109.4621306074328
1110.0619846448596
1110.6618779505575
1111.261810556814
1111.8617824959138
1112.4617938001384
1113.0618445017662
1113.661934633072
1114.2620642263291
1114.8622333138069
1115.4624419277714
1116.0626901004866
1116.6629778642134
1117.2633052512092
1117.8636722937295
1118.4640790240264
1119.06452547435
1119.6650116769463
1120.2655376640603
1120.8661034679324
1121.4667091208032
1122.0673546549078
1122.66804010248
1123.2687654957517
1123.8695308669508
1124.4703362483042
1125.0711816720352
1125.6720671703654
1126.272992775514
1126.8739585196975
1127.4749644351302
1128.0760105540242
1128.677096908589
1129.2782235310324
1129.8793904535596
1130.480597708374
1131.0818453276768
1131.6831333436664
1132.2844617885396
1132.8858306944915
1133.487240093715
1134.0886900184
1134.6901805007365
1135.2917115729094
1135.893283267106
1136.4948956155076
1137.0965486502957
1137.69824240365
1138.2999769077478
1138.9017521947649
1139.5035682968753
1140.1054252462516
1140.7073230750639
1141.3092618154812
1141.911241499671
1142.5132621597995
1143.1153238280297
1143.7174265365254
1144.3195703174467
1144.9217552029543
1145.523981225205
1146.1262484163567
1146.7285568085638
1147.3309064339805
1147.9332973247595
1148.535729513052
1149.1382030310076
1149.7407179107752
1150.3432741845022
1150.9458718843348
1151.5485110424177
1152.1511916908946
1152.753913861909
1153.3566775876013
1153.9594829001132
1154.5623298315834
1155.1652184141506
1155.7681486799518
1156.371120661123
1156.9741343898006
1157.577189898119
1158.180287218211
1158.7834263822103
1159.3866074222485
1159.989830370456
1160.5930952589642
1161.196402119902
1161.7997509853974
1162.4031418875797
1163.0065748585755
1163.6100499305117
1164.2135671355143
1164.8171265057085
1165.4207280732194
1166.0243718701713
1166.6280579286872
1167.231786280891
1167.8355569589053
1168.4393699948523
1169.0432254208533
1169.64712326903
1170.2510635715037
1170.8550463603945
1171.4590716678229
1172.0631395259084
1172.6672499667714
1173.271403022531
1173.8755987253057
1174.4798371072152
1175.0841182003778
1175.6884420369124
1176.292808648937
1176.8972180685698
1177.5016703279296
1178.1061654591335
1178.7107034943008
1179.3152844655485
1179.919908404995
1180.5245753447584
1181.1292853169566
1181.734038353708
1182.3388344871305
1182.9436737493425
1183.548556172463
1184.1534817886097
1184.7584506299027
1185.3634627284598
1185.9685181164011
1186.573616825846
1187.1787588889142
1187.7839443377259
1188.3891732044017
1188.9944455210618
1189.599761319828
1190.2051206328217
1190.810523492165
1191.4159699299798
1192.0214599783899
1192.6269936695182
1193.232571035488
1193.838192108425
1194.4438569204528
1195.049565503698
1195.6553178902861
1196.261114112344
1196.8669542019995
1197.4728381913803
1198.0787661126153
1198.6847379978342
1199.2907538791667
1199.896813788744
1200.502917758698
1201.1090658211615
1201.715258008267
1202.3214943521493
1202.927774884944
1203.5340996387858
1204.1404686458125
1204.7468819381618
1205.353339547972
1205.9598415073833
1206.566387848536
1207.1729786035723
1207.7796138046347
1208.386293483867
1208.9930176734142
1209.5997864054225
1210.2065997120387
1210.813457625411
1211.4203601776896
1212.0273074010247
1212.6342993275678
1213.2413359894724
1213.8484174188923
1214.4555436479843
1215.0627147089037
1215.6699306338098
1216.277191454862
1216.8844972042207
1217.4918479140485
1218.0992436165095
1218.7066843437678
1219.3141701279906
1219.9217010013458
1220.5292769960026
1221.1368981441321
1221.7445644779068
1222.3522760295007
1222.9600328310892
1223.5678349148493
1224.1756823129608
1224.7835750576025
1225.3915131809572
1225.9994967152088
1226.6075256925421
1227.2156001451447
1227.8237201052045
1228.431885604913
1229.0400966764614
1229.6483533520448
1230.2566556638585
1230.8650036441
1231.473397324969
1232.0818367386667
1232.6903219173967
1233.298852893364
1233.907429698775
1234.5160523658399
1235.124720926768
1235.7334354137733
1236.342195859071
1236.951002294877
1237.5598547534107
1238.1687532668932
1238.7776978675477
1239.386688587599
1239.9957254592748
1240.6048085148036
1241.2139377864175
1241.8231133063507
1242.4323351068379
1243.0416032201183
1243.6509176784316
1244.260278514021
1244.8696857591306
1245.4791394460071
1246.0886396069009
1246.6981862740636
1247.3077794797482
1247.9174192562127
1248.5271056357142
1249.1368386505144
1249.7466183328777
1250.3564447150688
1250.9663178293574
1251.576237708013
1252.1862043833103
1252.7962178875243
1253.4062782529334
1254.0163855118187
1254.6265396964643
1255.2367408391553
1255.8469889721807
1256.4572841278318
1257.067626338402
1257.6780156361888
1258.2884520534903
1258.898935622609
1259.5094663758496
1260.1200443455184
1260.7306695639263
1261.3413420633858
1261.9520618762124
1262.5628290347242
1263.1736435712423
1263.7845055180912
1264.3954149075971
1265.0063717720898
1265.617376143901
1266.2284280553679
1266.8395275388268
1267.4506746266202
1268.0618693510921
1268.6731117445888
1269.2844018394608
1269.8957396680619
1270.5071252627472
1271.1185586558765
1271.7300398798113
1272.3415689669175
1272.9531459495631
1273.5647708601189
1274.176443730961
1274.7881645944651
1275.3999334830132
1276.0117504289894
1276.6236154647802
1277.235528622776
1277.8474899353703
1278.4594994349602
1279.0715571539456
1279.68366312473
1280.2958173797192
1280.908019951324
1281.5202708719564
1282.132570174034
1282.7449178899763
1283.3573140522064
1283.9697586931513
1284.5822518452405
1285.1947935409073
1285.807383812589
1286.4200226927255
1287.0327102137605
1287.6454464081414
1288.258231308319
1288.8710649467473
1289.4839473558843
1290.0968785681905
1290.7098586161317
1291.3228875321756
1291.9359653487945
1292.549092098464
1293.162267813663
1293.7754925268746
1294.3887662705852
1295.0020890772857
1295.6154609794687
1296.2288820096323
1296.8423522002781
1297.4558715839107
1298.0694401930389
1298.6830580601752
1299.296725217836
1299.910441698541
1300.5242075348149
1301.1380227591849
1301.751887404182
1302.365801502343
1302.9797650862054
1303.5937781883135
1304.2078408412144
1304.8219530774586
1305.4361149296012
1306.0503264302008
1306.6645876118212
1307.278898507028
1307.8932591483922
1308.5076695684893
1309.1221297998982
1309.7366398752001
1310.3511998269837
1310.9658096878393
1311.5804694903613
1312.19517926715
1312.8099390508082
1313.4247488739436
1314.0396087691668
1314.6545187690945
1315.2694789063457
1315.8844892135455
1316.4995497233213
1317.1146604683056
1317.729821481136
1318.3450327944522
1318.9602944409005
1319.5756064531297
1320.1909688637936
1320.8063817055504
1321.4218450110625
1322.0373588129971
1322.6529231440247
1323.268538036821
1323.8842035240655
1324.4999196384426
1325.1156864126408
1325.7315038793533
1326.3473720712777
1326.9632910211155
1327.579260761574
1328.1952813253622
1328.8113527451978
1329.4274750537986
1330.0436482838904
1330.659872468201
1331.2761476394646
1331.8924738304192
1332.5088510738067
1333.125279402375
1333.7417588488759
1334.358289446065
1334.974871226704
1335.5915042235586
1336.208188469399
1336.8249239969998
1337.4417108391413
1338.0585490286073
1338.6754385981878
1339.2923795806757
1339.9093720088702
1340.5264159155743
1341.143511333596
1341.7606582957487
1342.3778568348494
1342.9951069837216
1343.6124087751914
1344.2297622420917
1344.8471674172597
1345.4646243335364
1346.0821330237698
1346.6996935208101
1347.317305857515
1347.9349700667453
1348.5526861813678
1349.1704542342536
1349.788274258279
1350.406146286326
1351.0240703512793
1351.6420464860319
1352.2600747234785
1352.8781550965216
1353.4962876380675
1354.1144723810266
1354.732709358316
1355.3509986028569
1355.9693401475765
1356.5877340254062
1357.2061802692826
1357.8246789121486
1358.4432299869502
1359.06183352664
1359.6804895641753
1360.2991981325195
1360.9179592646396
1361.5367729935087
1362.155639352106
1362.7745583734134
1363.3935300904209
1364.0125545361216
1364.631631743516
1365.2507617456072
1365.8699445754057
1366.489180265927
1367.1084688501905
1367.7278103612234
1368.347204832056
1368.9666522957248
1369.5861527852721
1370.205706333745
1370.8253129741959
1371.4449727396832
1372.0646856632704
1372.6844517780264
1373.3042711170258
1373.9241437133478
1374.5440696000787
1375.1640488103085
1375.784081377134
1376.4041673336567
1377.024306712984
1377.6444995482293
1378.2647458725105
1378.8850457189515
1379.5053991206826
1380.1258061108383
1380.7462667225595
1381.3667809889926
1381.9873489432891
1382.6079706186079
1383.228646048111
1383.849375264968
1384.4701583023534
1385.090995193447
1385.7118859714355
1386.33283066951
1386.953829320868
1387.5748819587131
1388.1959886162538
1388.8171493267043
1389.4383641232857
1390.0596330392239
1390.680956107751
1391.3023333621045
1391.923764835528
1392.5452505612711
1393.1667905725888
1393.7883849027426
1394.410033584999
1395.0317366526308
1395.6534941389175
1396.2753060771427
1396.897172500597
1397.5190934425777
1398.141068936387
1398.763099015332
1399.3851837127283
1400.0073230618955
1400.62951709616
1401.2517658488543
1401.874069353316
1402.4964276428896
1403.1188407509248
1403.741308710779
1404.363831555814
1404.9864093193976
1405.609042034905
1406.2317297357163
1406.8544724552191
1407.4772702268046
1408.1001230838726
1408.7230310598277
1409.345994188082
1409.969012502051
1410.5920860351598
1411.215214820837
1411.8383988925186
1412.461638283647
1413.0849330276699
1413.708283158042
1414.3316887082235
1414.9551497116818
1415.57866620189
1416.2022382123266
1416.825865776479
1417.4495489278377
1418.0732876999016
1418.6970821261746
1419.3209322401678
1419.9448380753988
1420.5687996653915
1421.1928170436745
1421.8168902437853
1422.4410192992661
1423.0652042436652
1423.6894451105395
1424.313741933449
1424.9380947459633
1425.562503581657
1426.1869684741107
1426.8114894569117
1427.4360665636545
1428.0606998279395
1428.685389283374
1429.3101349635708
1429.93493690215
1430.5597951327386
1431.1847096889694
1431.8096806044812
1432.4347079129207
1433.0597916479408
1433.6849318432003
1434.3101285323648
1434.9353817491071
1435.5606915271062
1436.1860579000474
1436.811480901623
1437.436960565532
1438.0624969254793
1438.688090015178
1439.3137398683461
1439.9394465187095
1440.5652100000002
