-0.2957775076561625
0.19218192996508987
0.7056638951427501
0.6118361654754989
0.17529980479376844
-0.5287678869555329
-0.8185588987632924
-0.49460865486042344
0.12978086455839316
0.9743542972974916
0.8953938313875094
0.12141084253040553
-0.9536170882982065
-1.0250925159847961
-0.3190141533779489
0.5832000688493983
0.9646779524132023
0.6111756074660467
-0.3326429912227752
-0.7292679078251192
-0.5776391482413512
0.05473473438264251
0.5502903523164606
0.4064339773361796
-0.008821898536850614
-0.16773932804040512
-0.2372123674032493
-0.21418848433162127
-0.10746375848053791
-0.01905818640918406
0.48254845043459405
0.29770864727781277
0.10544958374885717
-0.36560726749584377
-0.620273450842062
-0.11716402452360301
0.394188568049733
0.7362330961306551
0.28870207779872736
-0.42707111807004616
-0.8761547598003095
-0.5905213339225455
0.23577993379449627
1.2113216983020463
0.9770711444671054
-0.06188555811432166
-1.2854202481304327
-1.4971427827413337
-0.27232331718259345
1.3913984878079484
1.8115844167594304
0.609547273973565
-1.1885615336696698
-2.060135339848756
-1.1303888727424105
0.9011308269984735
2.3232260238200055
1.6409650183655962
-0.46010397185604057
-2.2727928690613783
-2.037201056041998
-0.3384607724669827
1.8906421094984664
2.328569565709035
0.991893912771745
-1.1455355994251972
-2.227865696403275
-1.5314145931867054
0.20740786431829092
1.742060101931691
1.992040496730652
0.7916714750420584
-0.8763658685194595
-2.2990317697407145
-1.9764578717004477
0.06686428831845098
2.288475033259994
2.713890492879602
0.8116447956323372
-1.7368225042360739
-2.9407319106573633
-1.693951183421236
0.9167450935941496
2.59250812150934
2.4423479015269765
0.22456732033111365
-2.067270987223969
-2.976721634668218
-1.4681907494611415
1.4576681720613025
3.374630293939729
2.4310422476955473
-0.9676107443642541
-3.283211381906086
-2.6869239146859907
0.20449202822554263
2.7009511469317866
2.5907829098095205
0.37713662697958894
-1.6796109915812174
-1.930374791910706
-1.018046803322679
0.29418438498713095
1.2514735674512871
1.6166609538019459
0.8678177349637968
-0.6313543273168585
-1.9081541632943704
-1.6437332102841353
0.1260560980100774
1.7474463925373513
1.860922500887918
0.5563102087706036
-1.0113786078785625
-1.8429641935618883
-1.5359401750801154
0.14558625673674924
1.711238030265608
2.362255822618641
0.8747897880616793
-1.5289788055553348
-2.9798746894649866
-1.7169367303566598
1.4213277705646303
3.185818437203192
2.170695240344044
-1.2517769537202514
-3.190602917965637
-2.1173195376988865
0.7537298612809031
2.816623474089673
2.2762350595500003
-0.10563504500368472
-2.353371500489341
-2.6439417921312702
-0.511638127955429
2.283724032744904
2.8917267872929386
0.8243526179537297
-2.131530095212818
-2.9194018580154495
-0.9955611213793427
1.5392232988238423
2.580111176403321
1.2889519973903045
-0.54373961198686
-1.988433581007354
-1.7719533690175
-0.5433703412388884
1.2785922935062788
2.1826949809936367
1.6014775966801673
-0.4517514593678509
-2.2418848521822277
-2.5036828981982358
-0.5196110792501645
1.8863346061717075
3.023801673891591
1.5414893013894262
-1.221098338527741
-2.8318820296170557
-2.5056933972636246
-0.1157829370701797
2.3639464197445395
3.4479589866526723
1.612238794104085
-2.020546434419624
-4.010563132973238
-2.246979523892511
1.374991790329565
3.7043402250815873
2.436561343509865
-0.7202563754173079
-2.65054864182796
-2.2245581759088466
0.06478129077468474
1.6561323573881992
1.5698792834502653
0.058724119788500076
-0.9685848427995016
-0.8119329104821347
0.47621795237820574
1.0791379311966998
-0.08024150302964175
-1.4366762980035577
-1.611483558974919
0.6305314458417297
2.4773889492198604
2.345315117270902
-0.6569425650690447
-3.3280932780230716
-2.668712854354599
0.3820670811860916
3.079597973933911
2.529411673575945
0.06390392454447001
-1.9641612223395706
-1.8364360956732768
-0.7645432981525881
0.530304407730631
1.3129444831009605
1.384527068608027
0.3933874383503295
-0.961312885747093
-1.4915256148662495
-0.451778846713781
0.645085118076459
0.38070678650762246
-0.25418334283213706
0.47235329375207735
1.526725155772218
1.0157166458986788
-1.8996280572242616
-3.4327593499586477
-1.5685833322124394
2.577510809577536
4.625148835078311
2.3537831206362254
-2.2684249163658925
-4.869483300372519
-3.220329443412325
1.2165486079847354
4.189880938505336
3.512627310988367
0.39054313456147133
-2.6991046875944287
-3.373874699879818
-1.6483336115737184
1.0730606214400265
2.679521040789142
2.046043454863872
-0.17767160110421046
-1.721201777482038
-1.1670945119860798
0.25249428952445874
0.22671747888459018
-0.17378097328707987
-0.16921101537937133
0.8166403912290948
0.9485349181397595
-0.23978531508686707
-0.879319809228718
-0.7252687789825438
-0.04574471016179209
0.5073578462690765
1.0060036435380604
0.47675738501522064
-0.9192725729695264
-1.7924949662552239
-0.22774423807603314
1.9912939577789859
2.355481532414359
-0.2833277362537584
-3.362262057117186
-3.2070711058220267
1.2835885490059264
5.33086747764858
4.009061904768039
-2.847841819757767
-7.719353686777131
-4.1595467858083115
4.583463166722359
8.765894413146064
4.208898575033126
-3.979263941670056
-8.399802748554421
-6.050140359833849
0.5997630436629197
7.534692137538343
9.660189404801526
3.955272337444328
-6.728288359249634
-12.417498781472213
-7.162692366417491
4.551105323462407
11.846381491965875
8.711713593896496
-0.6988698818675081
-8.281201654470305
-8.43426770394372
-3.4596582795920146
2.5902767485184928
6.325475301986417
7.028988892282985
4.124582135551416
-2.839996962571429
-10.027412608993039
-10.635053392468059
-0.7696547299894628
12.264259092100424
14.945684367808695
4.033671703771239
-10.854941433636704
-16.656106139770632
-9.762467413892393
4.830270666065427
17.86251531413279
18.647581564419802
2.905009333220761
-19.618274296500097
-26.44977447733009
-7.422228195827234
19.24415420835995
25.983356595630454
8.256915175736562
-12.49490798831965
-17.58405347701484
-8.63282006653957
2.7720138785361588
8.891237767290379
7.582537417670649
0.8343862137838278
-3.831855270049831
-1.1913888937666688
3.7998588314358264
1.3199853918495237
-7.541238615412746
-11.693574074524047
-3.628339691231158
11.892282848362598
22.789589265452907
13.856648196975128
-16.90291655102471
-40.4538924899179
-20.786034591501647
32.01167166241741
54.48532745000659
10.875823513781857
-47.62363872854389
-48.586263637651
3.3426354300878796
41.860878214369265
32.84974144295924
1.6748006421331774
-19.787942862762073
-24.98628821876805
-18.521397800369467
-1.8183565715935635
15.917935633514224
24.307497558492067
20.964676109030414
11.462847180815336
-5.528883943223962
-38.192790544625176
-65.13004949196949
-41.393447185900555
49.76216689486191
153.68780994790012
120.8648112457388
-119.46581105351707
-277.69395217673554
-61.05641029055998
226.01163922745533
177.96156850038608
-36.0983225451071
-113.19460704072957
-65.43640792704215
-6.404733542079432
23.674337374654783
28.59083489892834
23.0887697032442
14.650592195007263
0.7345124084526062
-16.460211734456202
-25.598041790621444
-19.528253001232095
-2.1603455787341757
19.390687593256597
34.10013541054728
24.18952638333794
-15.708753158191344
-50.95052953263421
-32.96628580628577
27.347438728251554
57.380579943112906
19.133021649514212
-36.73434808686068
-42.269327206772346
-3.1794668053864923
26.995902404875416
22.38929257192769
1.5106417431141084
-11.430818044876546
-11.411784162241734
-3.640859110911876
3.9305836950753754
4.558968183898974
-0.8685883056296861
-3.3556203285644957
2.2905017215367214
8.182017824685186
5.84121256477229
-3.570660730050472
-12.427432292858528
-13.564965901167593
-2.577260788930818
15.510235530067487
23.858097420745217
9.165700796737623
-17.516558579668477
-28.24579816654512
-11.509305015100267
13.948051535817108
23.48679912395258
12.76990442066404
-4.766607460473488
-15.638658441850406
-15.001159916462543
-3.92425757360355
10.033303827806805
15.908469766213898
7.84207181742258
-6.34858453816954
-13.070184626499923
-7.9301455237720155
1.8685351344735215
7.430676675844552
7.06279252311762
3.448884375423339
-1.296498680984093
-5.809444267695833
-7.952491382077556
-4.347564321627872
3.704195154205397
10.34547474834743
8.853773497300292
-0.6875237233626925
-10.545834919305733
-11.110286458562982
-2.00921807224319
8.197583318619468
10.49602305356861
4.192672952520705
-3.938780603749303
-7.985878938977325
-6.495664978367205
-0.20047338681908491
6.404830320863951
7.9201872762593295
1.739927264124884
-6.336940183149839
-7.108124329000063
-0.44203702226415936
5.628322804790625
4.716353243429589
-0.8937000656099793
-4.289163137925385
-2.5103059609714187
1.2971975666071067
2.969950263658261
1.3317955560511248
-1.3096286873027754
-2.005533025336357
-0.6742046293126187
1.1581316806213153
1.3238484092486953
0.15134526960923322
-0.5882220541607451
-0.757044012700038
-0.5779502081476885
0.2637000575235408
0.8545224451481638
0.5749989584613722
-0.18754861764567005
-0.4410317100276308
0.030712737811602844
-0.03250733528989652
-0.8340525994509165
-1.055114497643332
0.4989440756891047
2.2956395264208407
1.9136329659799207
-0.3450236862185282
-2.674474859153089
-2.9992064572112143
-0.8951286178852635
2.0151188695344233
3.903432591487366
2.888786855894007
-0.9453062998267943
-4.369072366366581
-4.132579643800579
-0.17181365524486558
4.05415588564919
4.233586351529043
0.7953380266210934
-2.951995432005394
-3.450270335251953
-0.8203805232633175
1.8090319995911728
1.8107305490660752
0.1889349797449688
-0.5755334407793189
0.238734154670529
0.3057231018233224
-0.5785350574615233
-1.461732837258184
-0.6483399489264416
1.0683870704419047
1.646264487519276
1.0774584357224553
-0.492371110788787
-1.3203907882475283
-1.7446552773365707
-0.9211973725395852
1.148664346939099
2.5994844489812277
1.9263891324456657
-0.8523410621807492
-3.18378301999138
-2.3853756351968953
0.6999137541859826
2.9153193194018923
2.116488214927511
-0.4903310000565163
-1.9790765825205112
-1.2684498411846696
0.4025622172716815
1.1196960156859528
0.24022628011748032
-0.8556067731934562
-0.7307316230765559
0.6189420394752363
1.615131217777858
0.9355015230157138
-0.9024553556136017
-2.4277260211943466
-1.827171243328548
0.7350393274026619
2.999633090051375
2.9841821810235887
-0.2448677892041919
-3.323589357047739
-3.5224815954727475
-0.43320217431760744
2.94393299756988
3.4252955512534022
1.2035230098631537
-1.7053369233894933
-2.998463999111234
-2.0947687252403115
0.20244784177469355
2.50044824324545
2.631164412303103
0.9303735000138608
-1.797907799693519
-2.724985892406729
-1.360619522318712
0.7168433065479658
2.173133597250196
1.892472755683043
0.2587865727099071
-1.3232897984702883
-2.1107559369261897
-1.2488122666596635
0.5192565868434584
2.0256455700396785
2.015287195616905
0.2750278910375652
-1.8662369166375843
-2.736281619263375
-0.8514623224132649
1.8970395197942331
2.9824955600579974
1.1265970675282162
-1.7069410159170681
-2.8330902336624137
-1.3886566414036683
1.2779119937659418
2.7100655599475685
1.803539194239803
-0.6974213937284365
-2.7546023115212606
-2.4495410385968945
0.21984598024266402
2.91605961710403
2.711970579769014
0.11195645636902815
-2.642700161557525
-2.667888140248654
-0.40512349049751195
1.8444912629108576
2.3996734388919143
0.9305270756428832
-0.8443685687653102
-1.9441215850318272
-1.530656608641833
-0.06658523489586407
1.35790397299421
1.819227114232482
0.8827200980541856
-0.6727363550907205
-1.8880945392496375
-1.4926873587471146
0.1965301096024037
1.441595780136548
1.5586108006693578
0.6422016085877349
-0.5580504187047978
-1.4938937839538289
-1.6394579661237176
-0.5596141230545546
1.3012993433737874
2.651405435337707
1.7124988052720775
-1.2369058407032345
-3.163415967640611
-2.346572746868664
0.6000742633673136
3.2261194779728797
2.7444497844092686
0.008178194687647557
-2.536934215931442
-2.888779531179618
-0.8798844279832705
1.606922332144902
2.7384159171534583
1.8176123193922553
-0.46201907190647395
-2.486265377843175
-2.5234334297420165
-0.5846756081106785
1.9794206009064361
2.752975006942782
1.2968792186503433
-1.191181258620918
-2.418185381799143
-1.760884712634343
0.2324739249405729
1.7140564104548885
1.9219297123050176
0.8950286852205527
-0.7836356390234175
-2.0095964886166864
-1.755774300633787
-0.044723031979721925
1.7449497461133912
2.153487937236954
0.7324815217955398
-1.0984916585053286
-2.2290048151704696
-1.385376654561084
0.5067184200156094
2.0786027381760546
1.7963133054797393
-0.060436946498066135
-1.7252734651976134
-1.8725403755178007
-0.42625620180108253
1.4002759144758306
1.6686738003034085
0.6933962983646581
-0.8190519950954762
-1.6168044460215802
-0.7360671856541605
0.5083246411203532
1.2531032017005086
0.7751512649984255
-0.27885371819641414
-0.8180861780535287
-0.8062543377689411
-0.023213354541125417
0.6695005335359058
0.68687015360876
0.1673658835971332
-0.4334974771317948
-0.6353862831701149
-0.19781814626692917
0.2841509009983153
0.38668086488048803
0.22557719244767177
-0.05625149729214417
-0.17991853616168899
-0.3066774663806664
-0.10465936883435234
-0.019152119776676378
0.28143888497762015
0.32380050234401
0.33712724097222035
-0.19330710109707547
-0.5861520431918199
-0.5520628672265548
-0.018481394616633465
0.6771688278528896
0.8465566985013427
0.16562481020112377
-0.6935592085295545
-0.9403239355969295
-0.45611270426317063
0.5339136579005114
0.9251430253847756
0.6387344216659654
-0.18649757225640068
-0.7488961931532601
-0.6766956407733308
-0.15028388476948415
0.45595375676185235
0.6599445155097612
0.44612050136299186
-0.08729170946789744
-0.6088770164972357
-0.5862099302104584
-0.3176200794424718
0.29242658387067355
0.6770751962621866
0.5467703043305312
0.028603366671693775
-0.577524451282198
-0.5016607398487035
-0.2661878135569281
0.1718211456428888
0.33319366241832626
0.5623167289603153
0.3736901004701801
-0.2666255017811592
-0.8053113159999963
-0.5829125437282973
-0.03229482609605264
0.8562977516799457
0.8160018533491163
0.1248269989935257
-0.7698148722189817
-0.7344964357485044
-0.1800823731749157
0.4718128612136739
0.60345036695277
0.15453236781744256
-0.21356209622221123
-0.2686621390848964
-0.15379173147522196
-0.08586575998692936
0.08267215575736486
0.1143405596087611
0.12734418790108193
0.12521072828866786
-0.0050065725453261045
-0.04766483939183774
-0.2222464780856228
-0.16786034763516428
-0.06458419931334597
0.22354075674697096
0.3076388274147735
0.0819077098537841
-0.20634584448890345
-0.3248611583406242
-0.16889855886868746
0.1842307443336198
0.37311895262013817
0.3244946297296855
-0.16647863140238212
-0.44442638886652647
-0.2495148786313642
0.09230803303308463
0.32926724712441935
0.1945351065384583
-0.09793478791754595
-0.33655180822666453
-0.10638917341094015
0.15135395722797446
0.3775378658420081
0.28374592185568415
-0.3330144945735801
-0.5037244251818218
-0.31993426718662277
0.41554380207027986
0.45898710713319296
0.3159993194203714
-0.31817786181725094
-0.383646982653142
-0.2976389571143525
0.1760900958073518
0.30406695580512866
0.15278755408801428
0.10458820769998788
-0.0470751500965822
-0.35849256882285807
-0.19410473741125603
-0.0570211299138091
0.24949817353492076
0.2825157177129623
0.04614865196654744
-0.032544438473942366
-0.1626051138966032
-0.1858905437560005
-0.05687271202940686
-0.019058346272217697
0.21865844430305512
0.33912118992932944
0.14863897413073873
-0.26493104647363286
-0.37332170552977134
-0.3216478332083517
0.14414755920257408
0.35728540692766586
0.22354557912639975
0.055370821850621685
-0.32485862551504924
-0.29662799535941103
0.017638144561253497
0.23761837887564052
0.25380662559257827
0.09913239959984044
-0.047348239311864604
-0.14625666599083173
-0.1194663831956146
-0.11437548909539436
-0.03047996969476706
0.06594442316853051
0.11467213200242932
0.00648852538320871
0.07669315103482091
-0.032760349461202876
-0.11319916523749207
-0.1746029522676712
-0.03250361255963652
0.27529542395346673
0.23660410497832393
0.19133477315598635
-0.32750022620199803
-0.30595799624034103
-0.0907040652953037
0.026837760743145034
0.3097649366844821
0.1918299136212185
-0.14156106627567794
-0.16122044425872073
-0.24523114032896495
0.09526900056480503
0.2540711678722122
0.20980396912451504
-0.061855168982426906
-0.21403647154353816
-0.2237696508104582
0.05097129219543017
0.30766979456407717
0.1496130703099765
-0.1713516618955292
-0.2635701424192345
-0.05796715222126081
0.11305887750484875
0.18756673611678343
0.005209920799414736
-0.07240975124369908
-0.07814318349113092
-0.07269778269237903
0.034762356815281066
0.046440275624832716
0.16876393302649795
0.13748847290926647
-0.0868666115892319
-0.1712929692300283
-0.21999664786876622
-0.010350380170965956
0.13924824887123974
0.14757057918900074
0.09672590434433848
0.037259084240667484
-0.16082322756345002
-0.13802473771788226
-0.14080670589909516
0.01221574668962866
0.2437687250412508
0.1502837620825206
0.14792155654247163
-0.13067559934350648
-0.38252311761923075
-0.11355738080543187
0.21459978314756167
0.32518562391747974
0.007562754742101843
-0.1437829000074512
-0.16228778503310237
-0.10529791052966697
-0.017385610033635646
0.035913313934317986
0.11680129876221301
0.178809838901553
0.014484962545202318
-0.041908717066904695
-0.06967460781166152
-0.18470696990207136
0.09379412252834912
0.09226630524812496
0.027007492242030917
-0.020128956793845743
-0.0896604822711714
0.046188640654336366
-0.07920366760275055
-0.07728361201163836
0.012738134283675762
0.21111762030773917
0.07917829655556763
-0.053659835258118516
-0.11964933246986656
-0.06998736561896027
-0.028812560092738193
0.043588803977144555
0.041895913656293915
0.18162543916698648
-0.07450823803682388
-0.010131812370699642
-0.07977202604851162
-0.11326351959935123
0.03466759297769334
-0.035581404645500275
0.07838017809343176
0.10201905179702042
0.10543382522486537
-0.04788043536479314
-0.03291696070440325
-0.29528728078858996
0.0006751052089559728
0.1594861431071769
0.23079308435452195
0.049653046917638666
-0.08466284103681604
-0.24355390584647724
-0.15131626495320974
-0.07358586801629974
0.22884021592067233
0.2991982887872351
0.005592110174790554
-0.02930036526869484
-0.2103257464058095
-0.22446966775732613
0.043861895063978196
0.1666709303490504
0.31534205194621495
-0.0626946790245104
-0.20377581170727005
-0.20102243832395147
-0.06309758253669388
0.11716974824529486
0.24792531765930242
0.05725445724234407
-0.042929458106158114
-0.11403960129477264
-0.08472087151356456
-0.01861055940438114
-0.005888619641102322
0.1707083697328713
0.050298095768825477
-0.15706360629161664
-0.09032282060902741
-0.09750883853384462
0.21412970716120602
0.13464397564674296
-0.003145611426146444
-0.0686018219905052
-0.13456309569726793
-0.031148476465584718
-0.02969320149099218
0.06111055363951551
0.1620419546104372
0.07163594433837758
-0.10115520137305911
-0.11702213117121357
-0.02443025967241682
-0.028698542526301385
0.08437589502541959
0.17434446441918433
-0.043711529596213355
-0.11101443331484227
-0.2143451231848693
-0.0058713442350906975
0.1366727383051865
0.26809740068583615
-0.008721600806006799
-0.08353878569307159
-0.20756379752277362
-0.09349441898679808
0.0903198011609358
0.20594732072770608
0.15618911223472637
-0.05102399070805286
-0.1742869181892733
-0.19195529976417589
-0.16227759660457436
0.10155225879869928
0.2965666313072869
0.10717546830722974
-0.004677617035918041
-0.13116635804540194
-0.08175116196409016
-0.10821286623323992
0.05415418094895699
0.06412321368496282
0.14917173515696475
-0.02466076188544236
-0.11155636701659799
-0.10416677666210897
0.180008752590398
-0.05917714155078474
0.04376878755077426
-0.06583710891633755
-0.052737180512632376
0.03882881872092425
-0.056616600559939
0.03779472816550336
0.0983993548756544
0.06893721766628257
-0.14072196939032228
0.011996882086007854
-0.08255912984773081
-0.019921416475015843
0.10410455052727874
0.09249934111486662
0.06738184984399281
-0.07488618735342155
-0.17777024068140146
-0.0844864292325216
0.04628262649516325
0.16839114393260818
0.10343151446115409
0.07462063781293848
-0.1200718896826561
-0.3077076979465669
0.008679379288618269
0.09155844428692467
0.21620212819679685
0.02060263136908224
0.0020564987217430164
-0.17232457799714082
-0.12965444445939492
0.04330690095876952
0.07541218342319
0.2048444881838637
-0.04010349874538491
-0.028902770454525537
-0.12978243509282117
-0.015372518562436627
-0.12987823543119792
0.12594020099354492
0.21316590728923135
-0.08301646297392344
-0.037443074767113935
-0.05084681258784508
-0.023436945750835922
0.020273917819280673
0.03418524436588627
0.004618311350059148
-0.06577640334558602
0.07399914731701931
-0.025973117659698366
-0.019347503098983698
-0.010091750781602432
-0.012675045858148562
-0.00982045725020192
0.05630425905613401
0.07336050532907029
-0.016887196727328246
-0.08710713843151266
0.04173125470314265
-0.01979670899220061
-0.1342404545759842
-0.001733644710038923
0.14345256337356582
0.06747600023082587
0.12335702550078417
-0.11612691931778693
-0.1378574924412574
-0.09463748555487592
0.02287896265022689
0.06536899395541955
0.10552035891004645
0.061215389594310055
-0.07139367883364015
-0.012054549586899437
-0.13431227244293595
0.05835296214221557
0.06759713333680487
0.12243238587310112
-0.0343090333722359
-0.15389156424046002
-0.13494720719324996
-0.008142746040456783
0.09014708800052118
0.25456281483846444
0.024951877801585087
-0.1543361202286788
-0.07810379025514229
0.006626021096383161
-0.029027749105860923
0.1303219605582887
-0.02860021779129346
-0.07227738349708543
0.0387280381133466
-0.013137833889827755
-0.047788637553636104
0.06587237368464707
-0.10206601383695926
0.13535283880756283
-0.024194546502378775
0.008855599067206843
0.0011434473977963155
-0.038419932540041515
0.0538484479134506
0.05540773295844534
-0.06253368437781162
-0.1438419793806542
0.025234751298684327
0.06961163360132369
-0.029918410370664922
-0.011784512309355372
0.06354462432158073
0.05002269027346322
-0.13063699584829563
0.0008384816357336344
0.05951304322376472
0.0769552423739622
0.13243035434639983
-0.16469664081969798
-0.0672694695753125
-0.17739752931522196
0.10664220257866355
0.07501696492251617
0.17199845937916042
-0.001222194267900864
-0.15323231411920102
-0.08267734582899969
-0.049197316085492084
0.021364151263486064
0.08636598525648415
0.15195412725009882
-0.03824800934059419
-0.0440261438618188
-0.08525566513188804
0.0026932463898053094
-0.06390970346429861
0.12310195618645614
0.016836544319468676
0.023914350799601858
-0.03574497367503621
-0.07477427704656574
-0.02174714318418039
0.014678848813078182
0.10146468696066971
0.010153021317098512
-0.053342690456030906
-0.042127820428998014
-0.07075107729207422
0.08342997399914556
0.0052029774132064666
0.014253773912943968
-0.004138654413564799
0.055789935410306496
0.018747462809276277
-0.07250085194101909
0.007259099537872016
-0.06423356119004925
0.07712082721017739
-0.09152615726807163
0.13414275407058399
-0.04255410551606749
-0.0037204266814000464
-0.049595654088572416
-0.003961273103283661
-0.013186506756756172
-0.01975613520296321
-0.03620162569917154
0.0863346153996126
0.15586466241422442
-0.0885064222463085
0.010593277443102664
-0.0722277188680247
-0.0014174966955149138
-0.0009041703356788278
-0.04933530706851432
0.026734102613123617
0.04934947930330585
0.010024708357078575
-0.042143096476914624
-0.02177615657185121
0.06508119559509482
-0.050143257162580904
-0.0030053239402988985
-0.01864383165284722
0.035405172573956464
-0.017382639815433525
-0.0052669006083042764
0.020548836204283633
0.07249573021465057
-0.06938266658295211
0.020052520180859186
0.04373189109694271
-0.09899287793673699
-0.009699668509010453
0.019634488769334005
0.017964071510447446
0.0281942188970129
-0.029935691905043416
-0.046146008285433304
0.056001666236253134
0.025834116980895605
0.07200104405053337
-0.09101803489717192
-0.1411396873831922
0.08407439945547462
-0.01152962175781691
0.0851501400776048
-0.0538310737461038
0.020465142802517072
-0.014595957265803317
0.03364842656000544
0.06038898303260053
0.00027896914317634275
-0.05287946503217303
0.02145514433236846
-0.1318198283525523
-0.020963028244725596
-0.02320466818061904
0.10386281675500925
0.005602581383318761
0.04936119756551863
0.04646610599894507
0.011446345237006883
-0.06429939957381281
-0.028195938045503022
-0.05199879078605807
0.07736792949596462
-0.04955976501174264
-0.013613083048058167
0.00781420382688705
0.018010582821071423
-0.06231658495335832
0.052099105369096316
-0.04122796734927105
0.12583169824419443
0.04881779332881361
-0.08037670633384875
-0.09782512002602606
-0.008449922876428234
0.017854959098330722
0.09097870304898556
0.03151548022667511
0.02775445471012207
-0.11942561792601952
-0.004458946462450208
-0.06937987769378393
-0.013366991405278805
0.050222878656599024
0.009929315587340892
0.053573142468377466
0.05450279712768302
-0.0588588285936818
0.048710571559190396
0.024451256073871774
-0.017937046217527897
0.05688635792396429
-0.23092279686980483
0.05957997886988803
-0.05117195604146091
-0.07771648218558097
0.18072625249354274
0.06283268155251837
-0.021282845928834865
-0.01131312681294755
-0.0848889040063823
0.09000357769619424
0.04608044426005441
-0.04850201088316129
-0.11086359130860463
-0.01437650910995461
-0.040990065210870064
0.07736711462353124
0.10334235081583629
0.010417971876914206
-0.032152038968402546
0.030060446111753465
-0.004441144846457704
-0.060435652752192114
-0.048253648357948875
0.04503523517225061
-0.05568787883270729
0.03518109659374674
0.0025184493584328727
0.014183851195841896
-0.043979660796285514
-0.0025071493423802216
0.002035742868904483
0.1336729368704559
-0.0864932551061407
0.05490648041498086
-0.08101923319086757
0.0022339435959812803
0.03305685166823147
-0.02161200552056064
0.07482210167829961
0.03559428191899833
-0.17461128806652915
-0.028925249435147626
-0.03254710509209929
0.13858522788665295
-0.010721867577191624
0.02738446882461454
-0.045076497901518464
0.08615288783764141
-0.059836116055045796
0.05281761680032926
-0.02037362378644514
-0.07210547156647484
0.026012672016360622
-0.015156667234003995
-0.0008660853721995654
0.0011779026833749762
-0.012070831579728658
0.006830687536655389
0.044988210085700975
-0.09879010688651602
0.0652438824610922
0.02907692310149046
-0.03375292772304417
0.04523931559911054
-0.07891030417476497
0.0013221675474759387
0.11847049026490158
-0.09459135841319011
0.07960376536367386
0.032677294967917714
-0.10278148863689784
0.04440211744511702
-0.1152965308823668
-0.02807977781309795
0.055937971992608304
0.032062416399432525
0.11945443831572755
-0.06163993667832335
-0.04586742163364299
-0.03844969468496262
-0.02760769172849087
0.017550727185168924
0.06417770585809679
-0.016867762555745403
0.08963422131742016
-0.03678063758119232
-0.04757268220763426
-0.0936961917175893
-0.0003279810833339003
0.1380488763031985
-0.01612521776136769
0.02030376278066648
-0.09022711341802037
0.0156991849870044
-0.017047940358249525
0.006556542083557826
0.062072456069833803
-0.025299627312531214
0.013279524221483818
-0.022656396425365433
-0.035291638822514404
0.02719596157806503
0.037412665581820326
0.09206038979243303
-0.14066542997512688
0.006798106516012703
-0.04701908851768888
-0.08631217184104756
0.06445306227317166
0.04764139987635607
0.040452425337378806
0.07337779423003754
-0.038877723727930524
0.04074408255286066
-0.09437226449455594
-0.06428042877945694
0.08677518795869688
-0.05149227663611666
0.02790338771849754
0.025235717016984793
0.015587652974282662
-0.0021038424880091
-0.04340003868724551
-0.02181202239389357
-0.02449652208302666
0.022808055929637305
-0.021697966448764205
0.01589292352094418
0.04950884293362634
0.05938060998932837
-0.0241104729451731
-0.03456322092669062
-0.09421041033924304
0.03961348817174137
0.009290421728564091
0.08509847642252799
-0.03336551105643615
0.00995198049944189
-0.04521200490274824
-0.07964526228450275
0.08325468897686061
0.01795075750177738
0.00751767544164883
-0.052777856899083986
0.043704180656498615
-0.030836364234476
0.10146992936155819
-0.07330090793940602
-0.06945464618102237
0.07809460549302916
-0.027377257633138807
-0.01120190324710979
-0.11598019482761757
0.04535216262267716
0.14318608729523152
-0.023260802693850113
0.07756303321837846
-0.11556955808478997
0.0014044246626241375
-0.09812802028406348
0.09530702329596002
0.025235475718228595
-0.007451606638177788
0.05378405155196553
-0.07559366087660663
-0.08849447236949426
0.07640239067523735
0.06444126600344746
0.02993450490391103
-0.08865207361321148
-0.05391677807485212
-0.033834456981774785
0.04620715782641449
-0.006149976687188863
0.10211208947460726
0.017396233525128757
-0.06578074004491197
0.05817127948901479
-0.029199217623915086
0.00520938206087318
-0.06650064397311461
0.0015055696815531316
-0.040780116464617766
0.05741244397912726
-0.012685396378997238
0.018519061445103624
0.07320383138975806
-0.06717513568726674
-0.029229742124594837
-0.06598206918954141
0.07872579519632253
-0.01935804882385339
0.059884148636260015
0.06104415640640898
-0.020327709535185784
-0.0647498992233726
-0.02842909489035239
-0.09398497217872237
0.12898782615890259
0.05911485322887522
-0.018152202336819245
-0.048739087633145495
-0.1149104328072943
-0.011401679943053411
0.0059567125106700924
0.09844708372502953
0.10412893012139546
-0.009015767929550167
-0.041706193874043285
-0.09613311063509655
0.07647820388683002
0.010691312838514353
-0.007405624459781102
0.02758989712279658
-0.09324174808501404
-0.042531347618617765
0.04188716542426718
-0.02594803793995374
0.09695841504693592
-0.018691780620912368
0.0595180206177293
-0.023851209782557836
-0.13542186485608537
-0.03519088763755174
0.05052895335037044
0.055859685578579676
0.08942812832444816
-0.04633957637861835
-0.05747433783201776
-0.03454461357716812
0.05463648031315688
0.061615367024729806
0.01554262349298785
-0.03210105027307458
-0.06958923632598135
-0.048362583799779965
0.01852740537979622
0.06742567495374162
-0.01638609223825052
0.03524398374255494
-0.07206687042949249
0.009392811097875556
0.004488640177984615
0.006573261828623306
0.05980943698607264
-0.013509668875231862
0.018507669100302826
-0.15572046928995587
0.004166164258726901
0.046501835618865284
0.10370509830723239
-0.025303190896691058
0.031450579916802
-0.0061521161962003745
-0.004687285646527373
-0.08204276117486253
-0.07296201779500744
0.11392087198440129
0.059984204726794166
-0.05827395893529441
-0.12307216723972188
-0.004078443636055695
0.1775615169787919
-0.02299557836135896
-0.007556000655475015
0.015300349640986838
-0.11406163339559594
0.03245404295871167
-0.009702795078378249
0.07315883158626074
-0.06810134010563906
0.12313718314413202
-0.07172549166348487
-0.10087236274563416
0.0003642458657232839
0.11969085168656626
-0.011573145183645592
0.09042333812110731
-0.10425579842252541
-0.09558462918561952
-0.0064600611195899105
0.021732040476163117
0.07307292776197963
0.04751671271421866
-0.005509433913301887
-0.08741783119833108
0.008979767361171814
-0.056156733121208446
0.10889137077803898
0.028060520080926535
-0.029331893328226
-0.018999263964453478
-0.03557351939666804
0.03905274574131243
0.0023052340224796464
-0.09542157034745129
0.07090380669136485
0.06031195456449963
-0.08551210849043703
-0.02620786283746318
-0.01418955738645751
0.12659892354269336
-0.1278029200514801
0.09706389015804485
0.053606589505319435
-0.028896114434199094
-0.11453985088421506
0.05226047597522515
0.05168046563473094
-0.01620127955187886
-0.0729738142778556
0.004747613958838104
-0.010828282404280687
0.03507059654467465
-0.02140323873768135
0.07498811437427388
0.017583307029454945
-0.0927112496888467
0.0441554134658359
-0.007991101938562256
-0.05137979782687724
0.055629862868545266
-0.011105680447923733
0.0751364649119018
-0.05643731654496709
-0.11217274345726752
0.02254438169287613
0.057909036337275066
0.06606687274688167
-0.04520265856404332
0.018482390544281482
-0.10018719803288725
0.08934965895013972
0.03978011086584306
-0.09747585038359866
0.056944049730232316
-0.0615612736422743
0.09028389910744733
-0.060678871593432104
-0.028131127945026535
0.027245154530350202
0.015631783096201113
-0.0053656895624859535
-0.03744088870695292
-0.02916431352022919
0.05614786786671644
0.11477879096139611
-0.06497470683299622
-0.01278361902066072
-0.10976131573885622
0.04862403783858277
0.0812728417089007
-0.02483267439806777
0.031094816961154237
-0.10590650061127216
-0.04983267809019224
-0.030669583504833703
0.07667311923064468
0.05235694730030978
0.1641011389994994
-0.0791823549542032
-0.07340388561635844
-0.037978302599477404
-0.12418979063514679
0.042162411575565495
0.16594479172865695
-0.0314842215902478
-0.001890906688202243
0.05058001153450545
-0.10099900715024634
0.014670698725859993
0.04821104678902888
-0.029543395110029402
-0.03107256209183236
-0.10480800380144825
0.10344609699273441
-0.014665447982558921
-0.00435330986957605
0.030290497196357735
-0.04107336404768841
0.10222177580796013
-0.10555745711362796
0.02802983721514668
0.033636052647354336
0.015028238035730335
0.015156058688455154
0.0682934461061777
-0.12308517168745409
-0.049345259808462716
-0.03430626759675642
0.05169266515973675
0.023061745129291655
0.058603315388620764
-0.015157384049456019
-0.030535526311588013
-0.11530234141801121
0.07038002461049189
0.06038474825492096
0.004055987131328376
-0.010889862311002058
0.04532452061260189
-0.060311015765368625
-0.01816440942469072
-0.010001028509845189
0.029040664223146773
-0.02935627776782551
0.03138518979174093
0.016033518204008182
-0.049534147418870494
0.018158044325129408
0.0018911336285057784
-0.016392354187050456
0.0565834619099278
-0.012463196519697392
-0.05016466935471231
0.02523602893974447
0.010995698206518828
-0.009302391472526927
-0.026656120912020187
0.07418817386941448
-0.10657507871146216
0.03873934775018109
-0.10793697972107341
0.1301560332800243
0.039742986753855625
0.06636930966717006
-0.03780837122101145
-0.09538699400992927
-0.04782081442044234
-0.06051488483441092
0.0871868609787963
0.06524144698120027
0.010008835939819952
0.05459187936532846
-0.017543293889106137
-0.1194376036552437
-0.08219844116954289
0.06840706204214198
0.09895580943559819
-0.014060533413366744
-0.04427924792468076
-0.05441362604564894
0.07438341456594061
0.04410738111274175
-0.012267511447355633
-0.04238440025960788
-0.06881470388748488
0.11290911754745445
-0.07016681762857967
-0.002611546865296346
0.01789078706670953
-0.03570234437874617
0.0892301363818297
-0.013358576923828025
-0.005545909661405973
-0.028461685897731348
-0.01662682655050579
0.019989143224000264
-0.059846406165123045
0.026033618884934828
0.014977814520900634
0.016866443613328008
0.06713122398383753
-0.056024467388942956
-0.04658865040280352
-0.011528444140410155
0.04708615756086887
0.001840475030171762
-0.0008112344444952124
0.00953465211550339
-0.05594990195227002
0.02253012937684251
0.007597930627257027
-0.025100369985905938
-0.01174766124521509
0.04137176514178886
0.0624635499961374
0.025982255642208574
-0.07292223912238077
-0.09739263993669212
0.020500504456929636
0.01232900499553416
0.06293705919834497
-0.0201691719398098
0.019799899893195305
-0.021975105084801327
0.029096130724384238
0.04459761180112726
-0.09526692685146357
0.006944818164417499
0.05224737883024788
-0.03832937861729632
-0.008723868251525949
-0.15350155757084064
0.15793453638411045
-0.06777058529454616
0.08278601064793897
0.07491618382084239
0.01847899334355249
-0.0558215798744206
-0.052309733230637645
-0.046795457220310324
0.03792854627127626
-0.07309170123577169
-0.002426816494938089
0.0876188548148139
0.012837649779775306
-0.006522293171891569
-0.004242520789935478
-0.018488030699693514
0.04860582116888862
-0.08904910661367715
0.09058751302580892
-0.007254616826546767
-0.019654176798475087
0.020545576105121227
-0.07234307963230473
-0.02052915045595355
-0.020850273941373176
0.09707408505926188
-0.029352042236279574
0.03329178903490242
-0.09339550142842956
0.10173249363370623
-0.06996301147071002
0.041504230295329694
0.0429449158164861
-0.011293580027332939
-0.04095045195307523
-0.01633994229054858
-0.025615665258413856
0.017420501267579047
-0.08394848804889299
0.14410237412429316
-0.016452205094898975
0.05462417004056802
-0.13620170874330334
-0.021835413373262155
0.045459819400337775
0.04674588770119209
0.055502435759904836
-0.02463025274318198
-0.07857788281601844
0.061506679739120176
-0.02785727447004735
-0.004855407532313519
-0.019562646574873638
0.05333241631713307
-0.07162817541121906
0.017892469795950328
-0.017299752025382822
-0.08873212050955612
0.0753958044136291
0.06293937242858606
0.053397208041731196
0.03874628626427895
-0.10662437341270595
-0.05916090213315357
0.040764790655875405
-0.0030201355857836787
0.0639929371157113
0.04651117821681841
-0.09605215407208983
-0.08550751751960824
0.09589218774326005
-0.07673181082585795
0.014081083772289282
0.004917127205811805
0.07951914698888057
-0.042341932117666486
0.02114222597159522
-0.02842004525482994
0.026120459941924773
0.057972113731797184
-0.0005851880862902809
-0.06836614914660352
-0.04728634010680455
-0.020617492756528244
0.04570137846140873
0.04270211770383987
-0.06260007171120824
0.007073431892037671
-0.07089283122832819
0.12177037690480419
-0.01866023738634842
0.017511226129948404
0.06708208285541695
-0.038254306857534615
-0.08614956518557794
0.07871939423081709
-0.09972160031357358
0.011419247575626762
-0.02249356046338702
0.04548175639564456
0.021976547641901253
-0.007599166213535902
0.019341917014033094
-0.00403658105017031
-0.017505519915978845
0.042604949170184994
-0.08242119762687611
0.10196102119369857
-0.07596465542387
0.005421918885775451
-0.02061999366072921
-0.04879829021101298
0.051392657924345164
-0.049809418631641234
0.06875539911165474
0.10770000543171232
-0.06372162151723648
-0.09118000464941411
0.09767254303916562
0.00170455947916337
-0.07835975828786321
-0.002512869977497001
0.018091282659363106
0.0072798593862595205
-0.05407480443917223
-0.008132228161631283
0.09067418804585337
0.0006236585695494345
-0.028501605445866107
0.05861071995133238
-0.13868288643699014
0.0734298418860107
0.01447332790128536
-0.018152735428880795
0.058702646512555884
0.05431297804606754
-0.12289496498155228
-0.06908558180832802
-0.07604736426608172
0.09094748697183275
0.0933142998111105
-0.005416203602953473
0.0563242922931626
0.0613450351015592
-0.17268911016478383
0.010446279343591769
-0.045204848827987476
-0.02277813737829104
0.0841457210781984
0.013292841150036594
0.01594550558222567
-0.008143845526309756
-0.1012782246804822
0.054653792383581035
0.014099926656446604
0.09336682113281604
0.07934362505044878
-0.0735546639654806
-0.13504890506499917
-0.10272511768014567
0.019668890087351232
0.06381746930878585
0.041064093656569656
0.03091978948346008
0.02165448729700037
0.08166196875434262
-0.04312647382799717
-0.13848496612380834
0.0705250206645196
-0.11875335946731125
0.07269685261334591
-0.00843780389553879
0.07852733739396967
0.024639134956372544
-0.01689470562626761
0.07102868684862221
-0.12254731069678887
-0.0487526228921777
-0.06547724049879095
-0.001828944476194569
0.16976374449608916
0.05201415344931802
0.014965500361499087
-0.10387672975076233
-0.09193015514463038
0.008956583496975173
-0.009092626786441599
0.08868967851694631
0.07290245989859388
-0.012819585512546472
-0.06417235240936853
-0.06349583027441426
-0.11314281871688747
0.09886852320453487
0.10079268327408442
0.09462191342880816
-0.03448648206351018
-0.13235913908665548
0.024904291440519838
-0.03485528563009854
0.011586957242649076
0.11348913414534291
-0.08248447777962487
0.025900298055595683
-0.06755377199952381
-0.10364011118437354
0.09233568199939679
0.02768531033000904
0.08006052717442871
0.07421387094326368
-0.16628403952959941
0.07401951994572906
-0.08154622026816408
0.018454464854805563
0.05313429296221445
-0.015983244316805367
0.033997973983054375
-0.13677113155385268
-0.020911780161185556
0.1301033497460234
-0.002236736658372873
0.050636221823795124
-0.045356132107012656
-0.11685857863078553
0.02605130889007512
-0.018453866974671662
0.059517892550485924
0.04654807213714024
0.07508840321335775
-0.05509531074796176
-0.060054105871659436
-0.11411472737312323
0.042907336894172185
0.15141898247671376
0.14737560678164635
-0.20088921544806315
-0.10575002642874254
-0.10844122193152311
0.1574454044745095
0.01413652239348051
0.04229488136984863
-0.0038564703828436464
0.08074960717699631
-0.1278841717457277
-0.004306097025099154
-0.023846957045528694
0.08262151025138081
0.05096029301459731
-0.017718547208546168
-0.06137646852146792
-0.11424073322442337
-0.014648309764454366
0.05989957403928647
0.10561038785821714
-0.020882516062492765
-0.005312525183371684
0.04949655842710214
-0.07096575415947581
-0.04367692904826334
0.013557707550950256
0.04801043707696053
0.06977940863064763
-0.08028838040146338
-0.05405550757155406
-0.01997866763786979
0.10996784428969353
-0.034202776897028275
-0.04274883718119943
0.02011421270086519
-0.04154151033242873
0.0017382270085872231
0.048055128688217236
-0.05540794990851941
0.15479914956280144
-0.07786297822409441
0.014730360530140398
-0.03319212637612373
-0.06579591851951311
-9.32600407554246e-05
0.0706705462585068
0.042612445567883656
-0.014796973320965384
-0.04579277329166684
-0.07396838905899977
0.03131040545279948
0.07599174444922283
-0.06015400943154235
0.07009319383642593
-0.11963214646628573
0.04283123249593852
0.03262509342787341
0.0017119686527474337
0.11436381613842907
-0.08616720666329383
0.024869304215307628
-0.14274706683144756
-0.005895982597573415
0.06149946332464753
0.02867680808704895
0.013337723413433367
0.04854365368219246
-0.09810717188320023
0.0061588345812801926
-0.006647751430628485
0.06523020754274617
0.038757651660159154
-0.08209883840398108
-0.03155231733322755
-0.018276652921366487
0.024127030490039447
0.018526572350824666
0.02598107020317414
0.04063185345012216
0.009967690288685112
-0.061582633742056525
-0.0728448981538587
0.057506680540836366
0.03541775483871479
-0.03988422808591452
0.0014760230467084912
-0.07204185440962596
0.04505683602984495
0.027076715527243445
0.026597110496229426
0.07224391667843566
-0.044695458384313935
0.01309949979256761
-0.05642072762827366
-0.02143298510841038
-0.014336207562384129
0.0007915568484455349
0.024200075537686716
-0.03879749414318187
0.00554386977467497
0.048973606492163764
-0.039274560482762094
-0.029176065884719327
0.05601428177393476
-0.012280343280614114
0.0848305396969733
-0.06981730889623909
0.004727008415429418
0.02801429232694358
-0.050758720696485946
0.08061427246362121
-0.14850840381221986
0.039381808009430586
-0.015100058773473507
0.08303739987883596
0.000619438460588817
0.06914873809954515
-0.11830153460754045
-0.08632644542085588
0.026519095728372577
-0.008008918463894177
0.13270991294306045
0.0015140720116639805
0.04068126387643767
-0.13774709689914189
0.02218638665129613
-0.03142181239852565
0.04478797609587937
0.04120876950236285
0.02831246124809564
0.005289095484609652
-0.16210658574495684
0.02962950467431444
-0.0380621379032724
0.1405925608484988
0.05911659646091261
-0.05495241764280234
-0.08969043773906549
-0.059769881346455445
0.059401009009671074
0.047793563569385245
0.01892390285477985
-0.04737013791644484
0.09488281382525915
-0.06179478824954421
-0.0025404931257067
-0.04265584451217325
0.07122055229398705
0.007451257023799229
-0.0516955030024695
0.008722268526372812
-0.15435075375813678
0.020609515082325336
0.12792033388942892
-0.009031710150424033
0.07250331951652389
0.03267905898047803
-0.11830260055564013
6.42962617540821e-05
-0.04250524845674131
0.05403619428628392
0.09503577854687562
-0.028935138607975475
-0.09410190681949815
-0.013668129890405112
-0.05267418809049662
0.051076654048687276
0.0373580677358758
0.08777236966023372
-0.11310496284690383
-0.002424083799397514
0.035215997841261726
0.04734262615737317
0.041104523852422026
-0.03303579788695965
-0.09870936623977211
-0.04963239389713858
-0.030108453458562723
0.046976442720489286
0.055168113277874964
0.04780807932063309
0.09301299568121268
-0.06702924358125695
-0.06206283296701079
-0.11800475156452289
-0.01247940995856811
0.1835817797848257
0.015250368640083223
0.04532257347261204
-0.16613095184190318
-0.03290871416867763
0.09840751369655942
-0.015311080673710897
0.06036609212224309
-0.031037970543037696
-0.13934858491893243
-0.0008707583989084888
0.035483555813156764
0.030369793414957158
0.0624482830228974
0.0425661202623796
0.0495007007383812
-0.024781973873864382
-0.09768107814956907
-0.0778417366410582
0.05168713833784855
-0.014967010422405141
-0.03935972015697664
0.07877986655365876
0.012745560643696585
0.027194455639199422
-0.038029239828388794
-0.02456510634525716
0.022667148540226223
0.08557474365639339
-0.040808422062003746
-0.027745126191094538
-0.06028200208118051
-0.035213018978464516
0.007981663274869877
0.030065969451213315
0.05381062903752154
-0.016490740746564425
0.012208238545637212
0.0077753583322290876
-0.0774594828752515
0.10283897308812442
-0.011687701899827596
-0.03834864148275141
0.005319070055287423
-0.07602746242660663
0.018165226103931564
0.04218451488412267
0.03337806778899488
-0.013537181263105769
0.02056858057465516
-0.044557867413049346
0.04370730099001052
-0.013041721048620447
-0.08291670215723101
0.08228794714064536
-0.034702294134989264
-0.03011304334867848
0.0456782247892108
-0.04480458092841477
0.10746122169670169
-0.04308000280355505
-0.04122620334831306
-0.0820776652562536
-0.010376152636338468
0.11704328371925016
0.045539205079504486
0.08545895665733205
-0.10137009876511471
-0.06418285196025814
-0.08653956289964981
-0.002760130942979555
0.07680909237485428
0.07104097074317117
-0.012808645324365653
-0.009634864102418983
-0.0004504877659456952
-0.011331875308659534
0.06746165667734788
-0.0022647416138621423
-0.024511502095150517
-0.14082870399067648
-0.02443041398831236
0.015742573201341203
-0.0028859987273630594
0.13372740004691053
-0.003134316446182228
0.06010434234147455
-0.030828118366765495
0.004875455209262081
-0.14004804067226062
-0.02083272082027629
-0.015540546410110101
0.053925329091704666
0.10130431250907132
-0.013313173560252883
0.01650360490523295
0.07115796466647717
-0.08120269898604471
0.03356471036597486
-0.09195006983813259
-0.062286937460021896
-0.05401531385175762
-0.029297918205330786
0.129455992641478
0.06367346737527724
0.0190490698244854
-0.04576141138025602
-0.06817880593848535
0.01534092926614572
0.07860066626895229
-0.017305862180724496
0.0985633102336474
-0.02978425040533983
-0.12656171634577706
-0.006547341789534533
-0.018679591397149586
0.006338989864889705
0.020952044728174357
0.028502127394407606
0.016917595253513357
-0.0439010423384085
-0.04437515357805412
0.09158379148084211
0.019345113033529926
0.03637272098484079
-0.060364967869690256
-0.031775863787619096
-0.06614933168859416
0.010942973074580961
0.005162708716271225
0.1559708994152853
-0.013334423899189207
-0.06944035726914466
-0.08421715431722954
0.012777657632000422
0.027209051819483188
0.09113686199185467
-0.011255560878797671
-0.04486732263333226
-0.019325370138475906
-0.06305944056121715
-0.016758458883972427
0.09713365128482421
0.005892149812382286
0.08175278362948335
-0.10501365270680862
-0.023211355656822974
-0.07184871029968853
0.08586426215372533
0.05101767491389353
0.06684673213201986
-0.11401334931516072
0.017245889698440542
-0.11283894063079947
0.10390717357512536
0.03228355471595945
0.03597179380243487
-0.049091896742217145
-0.04894304448161346
-0.02796030788859527
-0.006165911216899467
-0.013045596674059468
0.0517251379104367
0.0252468275117268
0.09163901065534041
-0.09318593598373148
-0.057615602651919895
-0.011716889098200678
0.09326805790081005
0.054061509760905846
-0.05119273575963135
-0.0510777883336182
-0.034808321439359524
0.038251766229260076
0.050312874974222765
-0.07548665610591954
0.03386155169352634
-0.005501151036269469
0.007275389384382436
-0.02103225835061906
-0.09451965732879808
0.15808890096972306
0.025224122046097364
0.05718288401306704
-0.18096881064144732
0.0010986102663359532
-0.07425800778053704
0.05927806690585591
0.0666840449924262
-0.02646226590898948
-0.01173848541843725
0.0913539431192607
-0.014463815424264226
0.04092049613684279
-0.049906236674823745
0.024882455403790527
-0.004789307909919882
-0.10737056453035576
-0.07323582558488129
-0.047601922978505185
0.07718946079380395
0.12338787871600987
0.11147474071701158
-0.07660755524437368
-0.09140835380748058
-0.08229442579740365
0.050072564649925155
0.0627103453104656
0.0764315372491211
-0.06438978713001653
-0.024154086455203228
0.0434486670583496
-0.03562397919916105
0.017519695051824158
-0.08918578294408164
0.024476684489615375
-0.03748862076649573
-0.002300347597348207
0.0012952715611282972
0.04919267528134519
0.0660977671809242
0.02799659286708689
0.09418905657163923
-0.13369181442043576
-0.06023068715104962
-0.00012262844843213827
-0.020509595896905708
0.0417818433656425
0.029074395099634387
-0.0600927373291924
-0.05067621940241551
-0.08357916677321242
0.22260237100033464
-0.028108632477270135
0.05834858820090005
-0.006145925987254941
-0.057405946781713624
-0.07522656928765059
-0.03775595281861399
0.044454499111544976
0.1002619284667361
0.017437882327833165
-0.0842414272490628
-0.06537507747550819
-0.029831301855548276
0.057532394841974366
0.0709165761809265
0.020577241747947728
-0.01501274632346572
-0.007828417714252467
-0.04728867169169426
0.0066787872956257655
-0.022085378274585565
0.0948165271996082
-0.07672129822783269
0.07221603367591278
-0.11237743801917688
-0.009617401046615015
0.02588739470352941
0.10615322634388136
-0.07754499579496255
0.02108070850426813
-0.11009853864763741
-0.0119587558116232
0.056695594713971786
0.10845742176437412
0.04625556199242431
-0.029703190439847482
-0.07271892129682733
-0.10892689168017022
0.03646706362290253
0.039690975707909804
0.10970796447236669
-0.03307740228650391
-0.10363054146979289
0.08582678178779801
-0.14619788150390933
0.1536071558775849
0.017641032427443193
-0.003043681708260415
-0.0827654503876345
-0.11350795795221824
0.05900522123466345
0.03129768091354812
0.05154286418546583
0.11718767571401578
-0.08731352494228517
-0.06802096146009351
-0.08149118548358558
0.11440799621879716
-0.04070629023508854
0.11981347612964033
-0.020401118994582745
-0.03133152582702303
-0.06978130901024926
-0.15379038148886082
0.19582365755187503
0.025196289681522543
-0.004382753756004831
0.005976691028215075
-0.06382083159216934
-0.06237299562883081
0.05143375082423862
0.025482756783437033
0.11928145491551989
-0.06086110878187867
0.023230037334880382
-0.1715007263221322
-0.027527414785879945
0.11882006577719118
-0.025601916039327044
0.0841457518387233
-0.003951235355958538
0.004230855824737922
-0.1309846404892152
-0.034281113714392575
0.10775991116341288
-0.003516627843052511
-0.0016835922906031087
-0.0411368906499705
0.06813034756162928
0.02346621097787996
0.016731654913503036
0.019868299376086362
0.03306743513039734
-0.2455265529183457
-0.026020018040985082
0.03131789175891181
-0.005350118343517174
0.20301986062689492
0.04169294340436147
-0.07856210741413827
-0.03785203889563693
-0.1647908153566967
0.1078435667057902
0.055275971529380796
0.05016061702442243
0.06910990444221032
-0.0843980760672684
-0.09634115715497638
0.03575562212440919
-0.02735810742199484
0.09890253024019366
-0.0787306371465119
0.008881440396133367
-0.10845703217635357
0.03022790918071505
0.11156812954150536
0.04070550878987035
-0.041822799926860166
0.02989538416270962
-0.0475770570225508
-0.10724641895930564
-0.01135462994636216
0.07986717580605093
0.13038609288919378
0.0036092328931842665
-0.013545861158991451
-0.06172793312681524
-0.10906908830247586
-0.04394990854945341
0.05897616501729863
-0.012552215921243004
0.08552227047215943
-0.011282394256200756
-0.03903799669017438
-0.0007412635906125509
0.11894014564693789
0.1221067544310872
-0.07017504022691456
-0.2305217043254797
-0.0009879678787574342
-0.03934232067048016
0.12947269122601401
-0.017413091979574302
0.007644190623551483
-0.013005035022418066
-0.03606755667126649
0.026079401198014454
-0.005276409556703582
0.1536187480929265
0.0622835337896952
-0.12170796602345924
-0.14151816032530873
-0.07004432884531386
0.09279539004886272
0.03812191661667225
0.045884138706413946
0.08715190024317887
-0.08295151136018575
0.005603240655359443
-0.18339687905857982
0.07100182010941003
0.1585329740103088
-0.02974172573680156
0.006454802490684752
-0.16191046546966953
-0.08753942703575524
0.12396925014328097
0.05700869797136546
0.055613676322588956
0.05784620147456132
-0.055611784982650736
-0.06991924949891104
-0.014194866030978748
0.04963048817959015
0.1004176560745772
-0.16825246504211142
0.010519012161790409
-0.13491125701511386
0.0738821922032436
0.029399174306164788
0.08503240924461175
0.10130208915252281
-0.0768218393257869
-0.029540349837772872
-0.1181958735371696
0.05702515702946798
0.08094856236384929
-0.01923969901874234
0.010455263583847074
-0.0032924486847247803
-0.05085364941804804
-0.021356949120753144
-0.014492178152144541
0.059507010940234695
0.05549845372507124
-0.0454323761908586
-0.10898179099718486
-0.09998723906800377
0.1878538634865461
0.045828831036087925
0.11990381638609482
-0.12220333142283257
-0.061830376354048866
-0.04151099799446245
0.02691460115749708
-0.006438649572753308
0.03693624444801058
0.10198406071860489
-0.13413746426301237
-0.05242587819324096
0.019867231305055744
0.09882247214997728
-0.12049668216461307
0.17628147088175217
-0.036693331473958535
-0.09759314988420353
0.014593591045291454
-0.038157197434223966
0.12167345812215835
-0.01528242164224558
-0.032323429834153705
-0.02128980235000788
-0.060857790074579476
0.03959353183555936
-0.07055596444123291
0.06792524486199025
0.0689682970256511
0.07034579262575666
-0.15960389456524093
0.04245145195670408
0.04397197260227892
-0.06245020321242367
-0.0074004813125914115
0.045095170684982006
-0.03516141697490316
-0.00763096077391312
0.04353893219097388
-0.11275223982702132
0.09471385364467122
-0.026415477955880173
0.09852719235365823
-0.09490859099457671
-0.00992103501678776
0.03962453968585261
0.007874144432034158
0.010086937327049239
-0.06492583888370906
-0.0372281651899215
0.01960512987340013
0.013802445038835098
0.040076829793721014
0.10539517452683253
-0.0046332167365840116
-0.09263540765301881
-0.0665448354710339
-0.06295613808055844
0.07540694243301638
-0.0014519293541518374
0.03329239167941078
-0.00986405690799197
0.02503592478691563
0.0076595423722164435
-0.005720508198305163
-0.021162196053746918
0.06103103665745035
-0.1104361185470788
0.07626157396448963
-0.09877717161280924
0.035078593302855676
0.07351501679501782
-0.09878948675734722
0.08001435493815792
-0.026989653369669186
0.0352008352410178
0.021412498351651432
-0.05356024538224102
0.050468289580264614
-0.03572961127069174
-0.05131843771089728
-0.01966217899449907
0.008463097042506473
0.05768776553283504
-0.03541896615313134
0.0459439463950061
-0.014133027854928037
-0.01362390051272555
-0.03174695612593548
-0.033157379640364026
0.07539485560966207
0.032672944448736474
0.022381529977886894
-0.07492274854352865
0.05885272859347168
-0.1289242510919637
0.07294283670147961
-0.05044132745410193
0.048995862825762515
0.07210661635283977
-0.052579729774457074
0.008789205793420352
-0.09379578719823156
0.05268621285687758
0.01993966781406864
-0.00942841829880603
0.006921161320434632
-0.052855657688314184
0.03776183653458942
0.013323605954030204
0.029021362708229276
-0.0704306365576266
0.07771317167031355
-0.03421285796029058
-0.012280366815516308
0.056487357799131
-0.06090029972398747
-0.02412746846544056
0.017299546208134675
-0.008900965442050768
-0.0033916145921248364
-0.087464413270266
0.10941837707011397
0.042717409019661146
0.0716639931829599
-0.08495272936652658
-0.07797276118818235
0.05157794964021481
-0.08322482847799346
0.06910315424373381
-0.001546444766767496
-0.023398368519517404
0.003346476591318981
0.054681957764571326
0.002979426974190319
0.0108305250417291
-0.021103866644969438
-0.00800201976976235
0.0010557801766672426
-0.01851892024384949
-0.046592803183453296
0.020483281107622042
-0.046456968278688116
0.10162654638849122
-0.031660185434751686
-0.023260641648798597
-0.04916271501174779
0.0862858975798575
-0.006966624583695236
-0.005265583127302187
0.018835661189935238
-0.045536803837652684
0.06701146979757289
0.04281715801053787
-0.018667979231806964
-0.07534977221071865
0.03198939606221263
-0.11919540064159578
-0.0006028987504894667
0.018700264076676243
0.01187538855439424
0.11406499748758753
-0.056202060312126045
-0.042855412731458764
0.04285221024089417
-0.03828764610791596
0.0834144130038543
0.0005830954599731486
0.0033958013893235495
-6.220197327877486e-06
-0.011992072767433914
-0.10127953398973563
-0.004249879745880952
0.11656268217317994
-0.05912670443015022
-0.004418524215366343
-0.08641049017684566
0.04605050609701761
0.0215872077802019
0.023881369943131114
0.007031662516244708
-0.04208014505745829
0.016208811410607926
0.08249335410827724
0.06944067822961475
-0.036016705415673145
-0.14014067012906972
-0.0016814654942548524
-0.03971761355593273
0.01574391627222682
-0.04124236688690075
0.05865427348382135
-0.013700817168010637
0.09717367223776846
0.062139697107044756
0.01846483197478535
-0.03172312507133762
-0.012297220094138528
-0.13854320113530663
-0.037019169791358275
0.049324248466946635
0.00033937251226463794
0.012674046547281936
-0.01647773157614779
-0.029534464461838106
0.13883719808330103
-0.03126352306911559
0.016821099956953273
-0.0427835716684046
-0.00695678444698189
-0.020367814239472426
0.06672768429617329
-0.06390265259647296
-0.010457686460786764
0.027831905775383553
-0.03272123009882236
-0.0016997095406942053
0.003845390482908162
0.07717459371635893
-0.03549138465343929
-0.015679230993880522
0.03668878877557469
-0.03025959732874073
-0.0029231945477935506
-0.06675716199060114
0.008052690259402626
-0.06349966917870961
0.023912145053890638
0.06625941060105177
0.18573356863394502
-0.0972538117475431
0.02582134778843634
-0.07135121654355221
-0.006964690497482842
-0.07530767010144901
0.03905307615956216
-0.016046483830884223
-0.023165845532742965
0.01880960520098457
-0.030445360645234454
0.054271902945577266
0.009104470874644915
0.06135243455767975
-0.024307303546424117
0.002544195250236636
-0.019731448598711288
0.07393034641216317
-0.17295640970023016
0.05789573694211961
-0.02399369107636304
-0.013274903280001707
-0.026051498248142624
0.07236796291042824
0.11070746130879176
-0.07597893345774852
0.013305210109017987
-0.024001252997796096
0.004395632615058154
-0.07101361683758842
-0.013619005143330656
0.026644233393269656
-0.043234282630474116
0.047311917078309465
0.1379276252539665
-0.07688291137980202
-0.0061209175017615525
0.0004751675297013369
-0.16560285651800843
0.09695388330730927
0.09758340019801759
-0.025566623209234085
0.041005326415928994
-0.035916092929276444
-0.0629253110094189
-0.04861689366562982
0.026387018198327145
0.011575334582811903
0.023881193714510862
-0.04297484575147609
0.051409930249268807
-0.022735835705794225
-0.025034272481683856
0.16660370288916193
-0.10857598308259928
0.032416215351414715
-0.09123952305406588
0.007081977204510037
0.0031709625182637646
0.08246771753670235
0.015228077851227484
-0.12334634289789159
0.10757133320811973
-0.11033677993365498
-0.009211543253089038
0.03295951514821391
0.02102833363437595
0.02364008334009471
0.006273182788409271
-0.03705669071665196
0.07102135803367038
-0.11818312626474026
0.04411525889206919
-0.051660688143798095
0.10887183198053285
0.06754129532144784
-0.10189636168177946
0.03289318059552887
-0.06720812918990254
-0.028635403859675584
0.019887528778341115
0.03854419933715314
0.0003955434756557352
-0.010079760196377574
-0.01954159735022576
-0.06423024900813701
0.13719100031044995
-0.016927672298950203
-0.03869736584187233
-0.0061292694276862125
-0.032232811196594824
0.011296159860597399
0.02870339485448159
0.03437909860874111
0.007989821971189137
0.023425400816993028
-0.0741318668755181
-0.004867940012948102
-0.094254996164433
0.14338876702071696
-0.07694855032319817
-0.054606902164440085
0.044726827825013804
0.02784986460086153
0.048350872482055045
0.08306797443675501
-0.06376764862451045
-0.05420053601203906
-0.024658657098235448
0.06141913829069301
-0.06269278296043013
-0.09920700467078503
0.049529160195507016
0.05553656394904305
0.08090016111954135
-0.05527202260655317
0.03354521396179545
-0.00435290658930465
-0.12221098450436657
0.08736525780365453
-0.021588335386733465
0.04063543618641258
0.0679088583116589
-0.024148938200452663
-0.03213282841537947
-0.1352772051371236
-0.01151728828004521
0.01815028204342424
0.05286344428863042
0.024534756458089724
-0.01871923447746024
0.09715599570000863
-0.1267184535185607
0.122864116990324
-0.0060924910248941755
-0.053705280951176826
-0.0109488241164854
0.017780256185055077
0.02310650936116765
-0.1102358435349492
-0.0013444242301538512
0.07928321054428261
0.02359752524145181
0.03478962918235215
-0.1224366930991021
0.01531492780774174
-0.07147628798678453
0.10639946705939274
0.05440786567296618
-0.03672054249162107
0.02689292063224767
-0.07057690625183133
0.03850540420898102
-0.012063851546978921
-0.007503771307996593
0.0047259994335449446
-0.06217260170099845
0.007823950274626554
0.06377383717975244
0.031067915578550764
-0.03339652151388589
-0.013358637286304265
0.10428473814309402
-0.06615133000027584
-0.1844314352918057
0.05646351913297987
-0.0010071283468711112
0.14249810310109917
0.0366413781041508
-0.0926321857151029
0.053268698877052434
-0.03612274186427736
-0.07148191219988093
0.05994105522700266
0.07089634208294747
-0.1092892253580447
-0.0022120741443873992
-0.07840177481037568
0.09272951599049634
0.017732888223951748
0.025630075707964023
0.033687334929196955
-0.04352283681188246
-0.0532912430017986
0.0040681176450867995
0.04027534257563187
0.05018127810162058
-0.024365998339245215
-0.052138552127158275
-0.08460857322373827
0.057257869059575334
0.03832773001707766
0.029610864075977072
-0.03916233707448234
0.07452238420226999
-0.11222665971506476
-0.061324740429035185
0.18380172250477061
-0.050670831075539574
0.08033537460602895
-0.0667134687792527
-0.06534402547684229
-0.14769027180049013
0.050040536355199464
0.12578965597773817
0.04386612501361217
-0.013316750922395204
0.08554062488280251
-0.05439773367943035
-0.11150767392923211
0.0036458244878695076
-0.05419335952790835
0.032596444894849974
0.07388892497676997
-0.05463692519319496
0.08926697525027472
-0.1129003784563091
0.030912534491408017
0.044818704722760117
0.005093054994922047
0.05973330187573865
-0.06311054575137726
0.04030729397299293
-0.04924061168530389
0.004611380792759273
-0.04677520440913954
0.004316411717991728
0.026669544592121952
-0.08218880649683413
-0.01656934434898033
0.010097235029120508
0.024617572099633972
0.1507556920346414
-0.13910982530558214
0.06884783525378042
0.020707628980977458
-0.014703664075477532
0.04922116467297512
0.027218156221418932
-0.057531994423777634
-0.11645321116279514
-0.11250495832789416
0.14976807131808328
0.026092458145454425
0.07473192247654553
-0.11783678415312776
0.05830263269953045
-0.07556016730791298
0.040809419976151035
0.010948990589663338
0.09939024137604544
-0.0469154092747987
-0.03762079102267102
-0.05352784244189626
-0.012549841397460362
-0.03621774522302437
0.09777528644175679
0.025394631225830647
0.008179177389931278
-0.035886835186355506
-0.04028201259294402
-0.004944055644302711
0.006984469198235935
0.06564002118369887
0.01681030942743872
-0.005796835679689527
-0.013177724425990259
-0.05726659521306446
-0.055761806932469654
-0.05828177808705623
0.11462864064809752
0.05509508422593665
-0.023564571501282813
0.07332475507905578
-0.10999077901424426
-0.0023245106512319244
0.042080150293550556
0.03094605691430416
0.01927248452368474
-0.14163560163321487
-0.005496709724713
-0.017350335057642247
0.021548258259627875
0.1346192870504089
-0.03597507791715268
-0.0560901334709592
0.08895811359939089
-0.027311574642350817
0.033087124869894805
-0.058194723537331614
-0.00579723864376662
-0.06384955525864833
-0.014757226190368594
0.024017146868034016
0.0030345734597024554
-0.04112495513772842
0.07887834370924371
0.10397710264134363
0.013295027112250613
-0.09772919012515856
-0.06906968010712519
0.029901829233916988
0.06926699177345891
-0.0580617578115987
-0.04169077169455865
-0.03005086653083408
0.010840392265746998
0.12165441566933938
-0.015152015440069777
-0.04020146394120083
0.02459430735664042
0.014061629706054318
-0.004338009559906736
-0.0958020182291755
-0.005559568167434359
0.04180007465277066
-0.009492258016603777
0.07187545224341191
-0.0341721500412185
0.029322385989338062
-0.033773460155010426
-0.04505919536488827
0.049835189640011504
-0.016091825667235854
0.04696272686046113
-0.09014442181776941
-0.01985701508447854
0.049864863718178914
0.0768665939815181
-0.03221900882270359
0.007358181371869249
-0.05914180939369133
-0.0032081446020690157
-0.0772604026354704
0.054755809975779224
0.08690300644029936
0.07219142022142601
-0.04547771149354357
-0.03469854743011751
-0.05840487004712029
-0.09272880935970876
0.02187324075004385
0.019116478309716134
0.06662565425550342
0.09968891084006215
-0.06810672569012907
-0.056996378965405846
0.048747367182800316
0.009941837173632062
-0.030479117003522904
0.024139742732520564
0.048898893694816925
-0.08408205837070698
-0.05788004548286499
-0.02220850143665773
-0.012225669046119325
0.12983485858502813
0.07387745605162427
-0.0440136458049219
-0.08516472503453439
0.03211800430465697
-0.047880509676753114
0.060503391245167154
-0.06707854469305675
0.035546777643199357
0.02216592562604705
-0.05815348068584129
-0.034377811367026695
0.1195415875291857
-0.007358676670101094
0.00023468040898748377
0.00575708679827916
-0.06811666600041164
-0.06318448045529633
0.0433508387369535
-0.0007366076497326568
0.11129447808447805
0.009744124418491887
0.04045401614553221
-0.11630805522490122
-0.10229708143213234
0.006353515040363689
0.0593097845944736
0.051976810240391386
-0.047669333295936756
0.054476562721872485
-0.01884667479660082
0.02217493107935882
-0.04488381037264766
-0.021100307447551633
0.06229451298712152
-0.05344394669238631
-0.018422048108908212
0.021334545941448922
-0.006090323217399468
0.0834857074056195
-0.019380563062555638
-0.0447733127051818
-0.058216570810494875
0.0035593016058201032
0.13475394788271983
-0.028314172588502273
-0.005943791262561145
-0.05755537569032586
-0.03648391020561915
0.016675042917766187
-0.053714408749719805
0.026901318383328363
0.01228435336350054
0.10337456734318257
-0.012822007324978138
-0.05115706599213461
0.08850204665420407
-0.05003591734183761
-0.005067775057683313
-0.07615124944990403
-0.047260424365081266
-0.015210876827778275
0.08956812462567199
0.057750477906816255
0.039145630914884155
-0.06268033000180967
-0.03389116868932057
-0.0008783690533026856
0.004439406851981964
-0.0687204203106444
0.0955279170974071
0.04878076340207785
-0.15240167517259595
0.09838477571695059
-0.024751008753825562
0.05665094824912401
-0.08558459325399684
0.09845534286953107
-0.12231378119252206
0.09639091527053409
-0.08866112372806292
0.017541070624376875
0.050992810629061525
-0.008014585188644924
-0.034876784260925886
0.03603633801350842
-0.09233148419368564
0.09690577264410605
-0.03407945252843925
0.07438099704537214
0.03790821807024225
-0.06266388695678718
-0.09424361718045784
0.0035773676848131
0.007660912322829921
0.005960992393175962
-0.04571204641203262
0.10566431061413685
0.030175709869816575
-0.04747986589509953
-0.031829485379020694
0.025631829861469863
0.012186135184638638
0.03488148719599749
-0.017588683164549035
-0.04140145715520728
-0.020254862035066934
-0.01696602714136103
0.013746169807802383
0.046870803200266764
0.024094134285424174
0.036688804617327375
-0.07823287730818623
-0.05392249568610219
-0.03208060677401531
0.020814571421703232
0.013256343314961616
0.168116679159231
-0.1357081341500886
0.002592410940529033
-0.0031365501564359355
0.003459108539415612
0.03890660431493986
-0.035615676109901184
0.05351854327332678
-0.05199392384631399
0.014436038796166117
-0.020562626840482795
-0.03055506642666664
-0.004347677629720815
0.046272941641204865
0.018202469097798435
0.0014430169313812413
-0.023521024483835862
-0.0466478674217577
0.03928371258937649
0.025674117816683856
-0.01828842959117219
0.008210939239783825
-0.0564926466117585
0.02520805391572003
0.015821929585411454
0.017897464773359517
0.06144553277416151
-0.05948046198810725
-0.04517365088986097
-0.09531420159731155
0.09604423020962122
0.007092039111278037
0.040735009775368064
0.015743810616402287
-0.05419954137688421
-0.02098219014272812
-0.011338565352549401
0.07936312715664506
-0.027594990261633034
0.11246576457382274
-0.07701670504120972
-0.06372642553314561
-0.03280296372493763
0.009174581181850328
0.0009392615006430516
-0.03268519298882777
0.10249312980204106
-0.0717001504475161
0.06964924954576401
-0.05331150073101254
-0.019270428523964434
0.123807604240742
-0.05191163713953606
-0.08572316405169511
0.03949764386779295
0.014861079662681353
-0.020122533602892956
0.019840258225167717
0.009949692002754862
0.09195953504783605
-0.10850467696057653
-0.08891371197306874
0.07303104999641191
0.03781300858115588
-0.03568924835710585
0.001639327677177116
-0.062204462254896065
0.05886813636171473
-0.01344789749098857
0.02228594550876828
0.04422459078622998
0.02829908023160721
-0.020445441541058873
-0.007520478655184792
-0.0911015684244183
0.0030132303184101095
0.019517302809352266
-0.001294620938118829
0.010064263973358911
0.058379712941751816
-0.05504470858809718
-0.061245818077436676
-0.03485712270601238
0.16895179033433472
0.004265353535581884
0.02150287694138142
-0.08272112919895624
-0.03746084115852022
-0.03258008527332086
-0.03225273969789072
0.09366393579253265
0.014977963421811569
0.1104595624949403
-0.12373749102295328
-0.08632177318970236
0.029059471914164914
0.013000255081024426
0.08505713418534144
-0.05930447772234948
0.01970062733640532
0.014437264184263832
0.0123941699810719
-0.09342606573177958
0.0669365783957625
-0.007604797035579258
