-0.12261365293077772
0.2332446775193694
0.5250972774908818
0.5845105929641778
0.17032947141420482
-0.29731378742737075
-0.7918064919593869
-0.6216736006422511
0.09592559385294672
0.8293993745825585
0.9577278716036518
0.2151994647608358
-0.8340486340099891
-0.9647898123952621
-0.4946291205318878
0.5243032213248291
0.9993275213912147
0.5606533118536912
-0.22746220874290882
-0.6735109318326638
-0.5895168550613892
-0.12288369438584978
0.4888829848813462
0.5115779860541458
0.1272999296921566
-0.1214425840626847
-0.23744348008883384
-0.2866743918287102
-0.1625160453504863
0.005955313451009608
0.4643988437500992
0.30110494516705
0.1320337277189855
-0.36935409461462954
-0.5674076994580983
-0.27424337035600466
0.4175797665329438
0.694192119120103
0.48022454449325686
-0.35944475401167086
-0.8927025834497093
-0.6738516697771708
0.06047619252923653
1.0991566736626055
1.137864774855668
0.1629153836894786
-1.2238889769844459
-1.5895177191591743
-0.37116342030940463
1.2523446339638258
1.8083482261923498
0.8726454375646915
-1.0727570424642914
-2.1573107745621307
-1.2879258882148554
0.6671950038965754
2.26074549036968
1.858213241502298
-0.2612536868647101
-2.0053884569085767
-2.2482085020688785
-0.40392426572531914
1.5672299731737045
2.416668048345734
1.161056149978915
-0.9985774750520477
-2.198272832552489
-1.7601905629912036
0.05753597968572924
1.6914633306723137
2.0058954671349127
1.1418406123194376
-0.7761025634291605
-2.122316696107562
-2.07776101261324
-0.34138487711236576
2.071142263776004
2.761041896096016
1.128847619525827
-1.593822518170796
-2.902948795322526
-1.8648801759417615
0.660101562124788
2.5958742664214873
2.6263071217773724
0.4546618222405776
-1.9180120066180344
-3.092430527615747
-1.7079516521356297
1.1288593383084842
3.326342762190672
2.6387430923000985
-0.513886229070769
-3.0798609003832134
-2.967854675386995
-0.09261774894066269
2.526153463061482
2.6808039735599403
0.7144981489164531
-1.6607702258320072
-1.9710394488275167
-0.9939283123943652
0.07812568193140453
1.2039935128406034
1.559437562358433
1.1144546882229038
-0.5302335853355953
-1.8841045771781249
-1.75265788665886
-0.043292744933702776
1.5736859442957383
1.9725903230021622
0.7616712623259811
-0.8953360779693602
-1.6917549135466305
-1.6775863939188382
-0.021387473670769538
1.512059581220126
2.2902062739339315
1.0904566982770367
-1.2788960282083641
-2.9899260105336625
-1.8562671635277015
1.107893895095708
3.2956109435650958
2.4014088929022854
-0.9235253522059372
-3.1691070866707127
-2.486720852508074
0.47715267530344824
2.646969492783844
2.5587131074946896
0.15964247709790896
-2.1107210387768793
-2.7767552839633227
-0.8320115900460987
1.976517795759468
2.939023728250426
1.2129026447445728
-1.92444416210455
-2.80341487879591
-1.3635687327010686
1.4021842676729412
2.4926290170911893
1.600515476524869
-0.5142024781076378
-1.9144230478745676
-1.876911744000331
-0.6380710843518197
1.1490285437494383
2.0812756709754474
1.7584221055457139
-0.16763118092464313
-2.1143340750435824
-2.607742141893205
-0.8639641574471553
1.7311350451860053
3.006486065909984
1.8103540439618482
-0.8569480842453838
-2.802299476173385
-2.605858417175341
-0.44870167800900795
2.1991434279911086
3.4071801539648243
1.8399385368065846
-1.611495356150643
-3.949917855734679
-2.653617172347099
0.9578090799795169
3.6975360456516047
2.804771928881857
-0.33820280963601196
-2.6323619849505695
-2.3578992828003793
-0.17071674176490131
1.5284880397927982
1.643422126300326
0.24217704589993455
-1.0069943343661258
-0.8428398050296225
0.4309507972539267
1.0190600700071801
0.11131163255277864
-1.4181550515468535
-1.5533546117068884
0.22961731062101107
2.3972693067520114
2.4535804826313727
-0.3557165284193162
-2.9028298496333695
-2.910736690209393
0.042034667148268326
2.779839757251948
2.7397660824185794
0.2866978974582748
-1.7234860990919156
-2.0144043486618544
-0.8919522430418455
0.3382559168293382
1.371501034275207
1.4915792724333479
0.512983337047265
-0.9330112541584255
-1.5107079150604377
-0.5442061457711497
0.4905694179354532
0.5045238945509136
-0.13278053899121828
0.34954561581637944
1.398748914629283
1.17262493926332
-1.482403317499042
-3.5157458700556052
-1.9558611045345728
2.1408966345539997
4.723592166827265
2.781045959321185
-1.7367254897241873
-4.8464181859052555
-3.6005044252619824
0.6301754902672307
3.993196948068528
3.835121116399898
0.667579466188132
-2.3486220847678165
-3.345839348012341
-1.8758013440205494
0.7959500822569685
2.59074021599542
2.1615451977558093
-0.013365119268772622
-1.6297854369928344
-1.2167161959692496
0.06885531169087325
0.3511162649699433
-0.1926183450817268
-0.2158508862725116
0.7809832676426154
0.9090638033535959
-0.05136845243257501
-0.8652461338090713
-0.8063099434077102
-0.07802144546479743
0.48939405106646094
1.034548376429035
0.5307605768902901
-0.8128117877329069
-1.7397742507793645
-0.6264425387635575
1.8171152197031208
2.580996844087362
0.21045881003593014
-3.1796971600041015
-3.490819294719071
0.6737943564069586
5.098480084179592
4.3617793829043325
-2.0167283617638594
-7.455259364065565
-4.850348358874837
3.593425518662146
8.735766523247438
5.13284519962783
-3.2772719970625515
-8.317926009795226
-6.527208272886308
-0.13291107267653735
6.843855699294591
9.919826153084578
4.852370548710619
-5.576025678101644
-12.335426754706091
-8.264326121847818
3.326523593751694
11.551270504735811
9.542053262069365
0.21970202599342767
-7.615744882594905
-8.737621635110195
-4.0653704217425375
1.9323448490737105
6.004001695298545
7.031662348538745
4.717847132108582
-1.8696591598849135
-9.43173682955762
-11.090197189689146
-2.2013621079718497
10.964649031679466
15.444253053382035
5.710975888673584
-9.503222206336545
-16.581207600071714
-11.046478559359304
3.1609217904621802
16.582671239033303
19.519792464275223
5.2601326973694125
-17.321418453479975
-26.922672318597
-10.587076085885762
16.860274882396116
26.539519936359955
11.020994279712838
-10.719710024716122
-17.936516325341177
-10.068073748247834
1.616285421207716
8.61098995006186
8.068270773298456
1.7856157226017935
-3.7079915104927816
-1.826028866013942
3.5755218877314623
1.9806252844083228
-6.513055640481754
-11.638004073333297
-5.206722287833585
9.872759219317604
22.374967811814074
16.29670013650388
-12.845566501533442
-39.67421697571588
-25.571927239750806
26.091450701768885
55.336509295818054
18.460749742353098
-42.96603217189495
-52.106738249868464
-3.199503331243559
39.82874277466997
35.85408628236308
5.00857199825401
-18.098260316749773
-25.18873631439197
-19.774131192495933
-4.064984567833036
14.313306105265571
24.0580609695971
21.813426459982516
12.685644087979663
-2.957183700599103
-34.15898680972858
-63.85662178835025
-47.483353878910975
37.69774928044552
145.84160184761205
135.35529058313278
-89.97299023631012
-277.27692832461975
-96.94666687025043
208.14232915567595
197.55772122141644
-16.922771958090614
-113.12888613290892
-72.26712201061197
-11.378768405619077
21.907662068174233
28.692678338677155
23.63002523463237
15.83574351147496
2.539057580000129
-14.885229528438863
-25.21950024058058
-20.921530538940104
-4.295624341887059
17.253517300329438
33.4623800786659
26.727587493897914
-10.797828906821312
-49.155864628704066
-37.765505795224456
20.897940087273923
57.80454166156788
25.351298589118866
-32.28354188366484
-44.803939961251864
-7.915369312018102
25.481611356893886
24.21960881880945
3.746999104653653
-10.825609731501785
-11.789095860313495
-4.635325507747352
3.283867747836736
5.015543405518948
-0.26265244643829133
-3.6273190074761015
1.407219579753145
7.913862858470202
6.535053108219227
-2.2554069646121926
-11.694528328896286
-14.05135203610423
-4.601027364913248
13.710671442100287
24.097657191609734
11.95575179682984
-14.841062615427719
-28.48548098414435
-14.365098294347673
11.443595443091418
23.419088620466425
14.621659934688623
-2.887481054104345
-14.75410871442645
-15.568677335384088
-5.657560318400679
8.520285430490446
15.776988632413167
9.473255113897151
-4.737080063869085
-12.825820351234597
-9.090104596849114
0.8262974391958371
7.04837828715273
7.285803140736265
4.099668108983332
-0.6216425079117025
-5.435719528775183
-7.976247364851409
-5.175023948171926
2.7309385605321115
9.97602755493082
9.522498132545909
0.6151860350455196
-9.83355886885941
-11.686137196147948
-3.2935340539988247
7.408642687488362
10.726499774786888
5.229943506295376
-3.1081414520764907
-7.885182099465283
-6.853736094065957
-1.2080146056576833
5.951812158890519
8.1018122289714
2.57257070639403
-5.556082286241878
-7.5288676596540025
-1.2753819089450324
5.232212566470546
5.147276999792136
-0.20176685574904424
-4.175654109905277
-2.9012453723274003
0.8934752799672674
2.9988722760651334
1.6775146947468995
-1.1700500039058939
-2.074200247355215
-0.8100174780946919
1.053886796095445
1.2663015028517366
0.30576413833189936
-0.44539072515442824
-0.8417694955786859
-0.5799173546061709
0.024601913277973418
0.9091590421612785
0.7273613055020662
-0.025861157158102582
-0.5520080247696332
-0.038544323072415315
0.06346934502684565
-0.7879495308275635
-1.1328921481851735
0.2608522913918031
2.044074016385303
2.208432482899017
0.05095273857911452
-2.4687581680474544
-3.0510783998442803
-1.3061162931371968
1.7457131402113986
3.7025670195916103
3.20016129481205
-0.5509217167026401
-4.100246591671462
-4.366307970408705
-0.5951480363032002
3.641500521169906
4.5321621342686536
1.3312195298865905
-2.639599326202124
-3.7656722189299
-1.1743538246801464
1.5997891685487893
1.9732723525995595
0.3985018505142891
-0.480381261985464
0.08932474249539325
0.3531602448800394
-0.5017103477454994
-1.428239577455455
-0.7547576964828662
0.8956935150198803
1.716898038408292
1.0904901068821902
-0.33867151853666827
-1.2896954412175266
-1.7271875555050107
-1.049897449809639
0.8437442615035856
2.5813801109228467
2.16800463901832
-0.49441260987742386
-2.957603393363238
-2.563654837602937
0.22079936795767316
2.748008332677078
2.218842327674243
-0.19827177789504805
-1.9176028890479797
-1.4412044853008137
0.3751092528246841
1.2433944568275332
0.32886827544007247
-0.8800698258680263
-0.8405674485995439
0.5378004811006195
1.5186547630725873
1.1488884752658166
-0.7963999707243383
-2.3211546901453164
-1.9857620478014366
0.37287384688263503
3.077205086103758
3.081513746824389
0.2075836170487535
-3.252175197151629
-3.6962871925891836
-0.8585535315480759
2.680546396390416
3.5903146895685154
1.4370749380901158
-1.3469324164816963
-2.9569022589487455
-2.2801762690662404
-0.039213640295309216
2.288127054628834
2.8431705756008996
1.1176259541983264
-1.5390486450922147
-2.869025394666793
-1.566624015588158
0.5881136707312907
2.103036235263101
1.8508203342768557
0.5725760224776358
-1.2922585236296755
-1.9730061545314572
-1.3695959142650533
0.2426744360065859
2.025596004578012
2.086183749775794
0.5905832750138769
-1.80254067120961
-2.7255963619820394
-1.14313870301237
1.5770986863198697
3.027202144536925
1.4817000201495172
-1.5002203233415345
-2.839276280421224
-1.6815847177505372
0.9618327344757887
2.8021215337238923
1.977189087575021
-0.3211678424057919
-2.6530232458402456
-2.6784195607001813
-0.12999109447406412
2.745719827968799
2.9460891355740104
0.46516560006106206
-2.424326801672297
-2.904346287248403
-0.732441251274371
1.7013453664762892
2.424363571638688
1.1820335995877373
-0.7705957973824235
-1.7692713298493912
-1.647588897379876
-0.26143402088758494
1.205188218606866
1.940601483416868
1.1100502479964192
-0.6195766135444765
-1.8740695542117596
-1.6796046293780704
0.012167210492301607
1.4389840380382564
1.661178914366661
0.8052475558216059
-0.4818725796608843
-1.436931895169156
-1.6093709626096462
-0.727920814055808
1.0071457975785605
2.602794289546802
1.8146007671371935
-0.8384554469687314
-3.0297840927913375
-2.569536333954609
0.3474519504685941
2.99568112342075
2.940414730454779
0.41868590357551294
-2.322983504552454
-3.0845649549581378
-1.2025279974525787
1.285796969614359
2.731452923676211
2.0752302910936073
-0.17568595876712206
-2.223267779375162
-2.6635397457662258
-0.859836596987279
1.805580106583419
2.7727979641264344
1.5521953349752498
-0.9749337920544552
-2.406901904959973
-2.0120210220484744
-0.04971904502444516
1.620989918372697
1.9963790810731192
1.147083989748261
-0.6532053943201346
-1.907009107324332
-1.826934606940081
-0.18829081997302094
1.5190581407713988
2.232885325418176
1.0924068271387277
-1.0341026090789378
-2.3259972708460674
-1.6830930637369912
0.34930933183934776
2.0413725114239236
2.009394805762964
0.2355126994022851
-1.5108645487099308
-2.1641023295373003
-0.5539744715395989
1.0999192441652494
1.8789511401612704
0.8885008183008474
-0.745113969797744
-1.6075541510367464
-0.9517984800211055
0.35523845385099984
1.33254174095423
0.9962621445732274
-0.22847892282235344
-0.8645365382325156
-0.8127084264970732
-0.07234141779562135
0.4791480594082317
0.7676451825530254
0.23409469330025814
-0.3588883124571065
-0.6251006310250546
-0.30262660310620404
0.2996693261374881
0.4059057781568592
0.2490013952265837
0.047728697884089344
-0.27850975547767676
-0.29605953797187246
-0.13720896648880992
-0.06816763859950983
0.27233430320410634
0.38504645036066587
0.33551389288094224
-0.09264010069624476
-0.6184155395375063
-0.6736117621799758
0.016601914821419976
0.6869015196914883
0.8531294674214023
0.27093185888961147
-0.6423311974088644
-1.0493965885197674
-0.4383544922582897
0.43007556329801877
1.0005198789661356
0.6442145628001529
-0.09491019548130442
-0.7975784556942751
-0.7676616537346311
-0.2602043091005997
0.42681440977115165
0.7621559573647895
0.5516059272349624
-0.07175196174917495
-0.4423386217088733
-0.6804284859548173
-0.37249189097885005
0.2923797657141742
0.6162127708093538
0.5550384570050431
0.07948291484125314
-0.6222080239612466
-0.4671319900500342
-0.25194856018365197
0.03855241217977298
0.34594615255267064
0.4971436050511376
0.46134491777787245
-0.10900440556944052
-0.7638368194953595
-0.7270977625527146
0.009991854953797355
0.8169616165116984
0.8876762488200991
0.10764978296495023
-0.7556792002352828
-0.7638940968657048
-0.2264935884122595
0.40127872341187654
0.6037021815246288
0.26266338507142084
-0.08400719888942851
-0.28687651809569104
-0.25082800199050626
-0.1414917964178423
0.08807392974938966
0.14830342173854938
0.16686370312344026
0.08849361728192884
-0.013964652550321865
-0.13470492914443
-0.12246365285992478
-0.20999034449365514
-0.005933767885484942
0.24053132907247549
0.34046585031084253
0.1899982711084226
-0.2895440017374139
-0.37838752692053507
-0.21447258157334453
0.13514826359073467
0.36442437287256835
0.3176665926191352
-0.0790025080077535
-0.3448649835427737
-0.376601354395056
0.255767171310027
0.24427994514950382
0.16172374557528477
-0.012571900051702833
-0.4595663677000625
-0.20240865090346488
0.18340408892730697
0.5260678781054351
0.2594612092251768
-0.2415242208572823
-0.6216980687884759
-0.3037641093195971
0.31508065674166497
0.6421845718276069
0.22220426153333583
-0.22017677400664798
-0.46475177719311433
-0.23583930923146545
0.09127785538763926
0.18950892371405098
0.35452756286756704
0.04859817073405122
-0.09905680353303428
-0.2597333199129569
-0.2576657417487466
0.10240877409486641
0.15683883075543356
0.18341274935369567
0.17041013854041595
-0.21244702000290655
-0.06865403076690955
-0.1212682809038653
-0.05100035063519981
-0.09963703714316693
0.24787196326744845
0.20935560603902034
0.22665983287854996
-0.13363530209331384
-0.4306531565586411
-0.20428052970904167
0.011074288991179293
0.36235738589122923
0.2991900478804612
-0.06358295522530474
-0.1311113574265568
-0.3199867513886041
-0.06440364323970416
0.11107141460787225
0.31332149404900766
0.1294744529382452
-0.07565150465748238
-0.17699184492417275
-0.17614274874683772
-0.05435916751516712
0.12372579578294174
0.04786163732617363
0.04774348775542442
0.0223352570184589
0.113297808736998
0.10887615545158585
-0.19165572469527448
-0.22466658273812448
-0.06337589835148139
0.12088981440141688
0.3054036589283605
0.14151707872707323
-0.2567247089526734
-0.36125216970218954
-0.009596535901481518
0.1800485438303151
0.2725522106763817
0.19332099824104967
-0.06976608183868402
-0.2693338524121006
-0.24087133350729698
-0.04343402904822838
0.25151582813969486
0.25944659509903156
-0.08810633935330107
-0.1696871969134629
-0.17340653826344343
0.10120388903107386
0.2581850832007139
0.17491244127016436
-0.19976730096556894
-0.2531305879190745
-0.12308415070107448
0.15580449529640572
0.1971582385043612
0.0888153563581997
-0.09292107888820428
-0.1494909231632091
-0.018391632633512178
-0.060133823396964825
0.013376263256302923
0.18781882037747377
0.22830859769169298
0.007702085456290579
-0.16258580511310522
-0.3916177690559876
-0.032452987371756614
0.185689830397184
0.27075974396700264
0.1078702255769104
-0.13643021206069839
-0.07034359997168194
-0.2105624066242916
0.039971776748416676
-0.07615589306088744
0.18762371933162902
0.18553844051178991
0.028764171298641283
-0.06259199462056486
-0.21283363886315954
-0.18853554297130626
0.10549207304841968
0.2741071726667059
0.15950918539519054
-0.03286526209220475
-0.16893273803679387
-0.14389641553615223
-0.13080244072962044
0.021431829676062837
0.09004615139645744
0.18060137089801065
0.07628301009106048
0.08327594157933949
-0.2352810658104253
-0.1685818002892986
0.12370323230943991
0.1279886958676147
-0.006102882529854803
0.015413035952500098
0.01700356679375753
-0.19073619751824422
0.016975562574282788
-0.010668417682853648
0.013303885975793461
0.10282224495834906
0.11878847947193538
0.024475878779076643
-0.07512359462459857
-0.17347921746628883
-0.035379053044192615
-0.054983143864516054
0.14204846736555177
0.07273100018663266
0.05650682953310622
0.04013664374179221
-0.03558265748229145
0.03026332699969614
-0.18418076067070638
-0.036504486805749276
0.004945747834153386
0.04495658384039444
0.10102951246250112
0.06685256857456867
0.003815284362619187
-0.12215706055830336
-0.1650791960310617
-0.0011268602328410315
0.3358393652150771
0.08713878767251221
-0.024440335782001443
-0.20500481323749048
-0.2906569646284699
-0.047052704973056414
0.2106244950034143
0.27366968098086003
0.18219381983434027
-0.08479717303148426
-0.35035056984364366
-0.15481419758235337
0.03331492367730696
0.1825102872055816
0.3336271699071043
-0.07280103529005458
-0.14316019256123225
-0.17592244845063765
-0.00932541703440952
-0.04905606740868684
0.22183509505954113
0.07581426134036579
0.09727577508937013
-0.15554901092819284
-0.1744622244712115
-0.12295699320784491
0.11994404346414245
0.18906410697966347
0.09229843307756402
-0.059588510944774076
-0.19087942258751012
-0.04886913036994556
0.08264001147572114
0.16194391953073417
0.0960200440547399
-0.13024579484892335
-0.12138160085676386
-0.10033918450616941
0.013271708156745082
0.21284257365441567
0.10590065758871597
0.014285508707203728
-0.147803389627425
-0.1785180973843789
-0.13111565054387242
0.09323608215387447
0.3423070765428353
0.10814240875610077
-0.03133745846124511
-0.23453133108288488
-0.208725470402102
-0.008742860621528903
0.16945147393495563
0.1828887216281761
0.09942317131859567
-0.12785031964398064
-0.1454009282198521
-0.15140920654178036
0.017870217966547797
0.17067540551455898
0.2056107643148934
0.06878317329104477
-0.11520082078755095
-0.2504897146983195
-0.07012783700206433
0.06257977923936062
0.16177908264034313
0.12149850386666337
-0.06731282019812349
-0.1548555915877971
-0.037509435906650374
0.004016130806584419
0.13674087651787106
-0.014257627709686804
0.02596074430885255
0.030143111996232888
-0.056334200202317775
-0.1256608957085901
0.06940896642930165
0.1135812732715965
0.018449052302761726
0.04366602848476631
-0.10003564465133027
-0.06687915494653657
-0.04841380435176752
0.014787280924092344
0.10966948030864246
0.014307202137594066
-0.03208744468751745
-0.08350144904460817
0.016311073898086115
-0.03642723034622281
0.14073582781702987
0.1071394307669462
-0.010601551247183726
-0.09013159272283797
-0.05910616481809144
-0.13895753304037547
0.026879251864716305
0.18170149558552234
0.03288170384929272
0.007638536311493291
-0.10113747123737431
-0.11058844895887694
-0.0641124039178799
0.07983681925051542
0.24101611470480677
0.15467402340224423
-0.03112030665699103
-0.21428920256584782
-0.25372903964540616
-0.04384409504911657
0.1733555901098526
0.21452044619862742
0.05351225785968142
-0.09015642982989422
-0.12651622223544584
-0.13350988295065816
0.05243191980970441
0.06673307845674986
0.15744915728018288
0.053196037746252374
-0.03959537021947168
-0.08868847701593628
-0.08620448783329901
0.018181077414805763
0.07009963581073267
0.028377860598512775
-0.017006771575666296
-0.05399276802547817
-0.040683072259539356
0.14530892772722848
-0.047925344272358894
-0.026808938040151997
-0.07689917638659186
0.07569271035716113
-0.0031023423012282586
0.013056341159845067
-0.04512152851935172
0.08480650850258405
-0.011039954098325894
-0.01988420870176541
-0.058980634373177604
0.09622471080405097
0.15162703816413525
-0.02108523844287688
-0.10065577113324899
-0.17813100702405876
-0.09537493446822304
-0.036988571355065225
0.16491348393162936
0.13020589008779904
0.1585611204027791
-0.08641631937747159
-0.0714731239304775
-0.10385240217401065
-0.012593164627967723
0.07703526506025711
0.06185174117108169
-0.005712027106158674
-0.009885622123243773
-0.11487385288141044
-0.0175917763387487
0.05689433592561881
0.11077642760693818
0.07135745116701403
-0.16248149659458888
-0.03615304854360277
-0.05078018784446636
0.08361857335263943
0.09973849734031362
0.04724025296517956
-0.028012650941026424
-0.12957138712788585
0.07066144826117726
-0.16631579192714774
0.014731702348459358
0.12232310260175797
-0.023747949131590285
0.05271760609670709
0.010311993856160662
0.02680775838936822
0.016432773041192422
-0.028640294387515447
0.01511590293306661
-0.05726600834931542
0.01085403637225514
-0.04013593276431304
-0.009307311536631668
0.03426225787557406
0.042759385237290004
-0.09988089873591216
0.05261482305393034
0.016618511420105703
-0.034534925013765455
-0.01798472034782378
0.14716429768012024
-0.0025253370440298517
-0.01055807140691678
-0.07009366528453934
-0.07555139893075108
0.021599033867547718
0.031699835816372146
0.1126249667697844
0.04174916155595343
-0.11189505254826504
-0.062257697325417194
-0.11934892027987545
0.11766623553695404
-0.007393125286575847
0.13111392212965828
0.07275893908162998
-0.1391242375561278
-0.006089044778489497
-0.04021063761812983
-0.0027288946975363715
0.05689466040090191
0.11406507448962014
-0.028520263337249135
-0.06664090096878153
-0.06261982724492679
-0.020190575541116196
0.03839105160565176
-0.023791261702029942
0.10389952049094503
-0.028069133977425637
-0.018528992304529507
-0.02599721006955541
0.04787136699931069
-0.02668908669740616
0.05969856937484409
-0.052779266906444605
-0.05781413329657792
0.10332543283862614
-0.07825738244127325
0.045977036863130955
-0.028950987880883017
0.0939668354315098
0.01968721616385781
-0.11178649991181294
-0.033424299542270525
0.04765919683020228
0.018429248978354268
-0.0009684259447162169
-0.03357217371455015
0.02697334558649947
0.032347820626415696
0.009160374264479937
0.04533655291676493
-0.02906254098459085
-0.07365553777521022
-0.0385923604711763
0.001297042781507829
0.014248232441541803
0.08493754204830162
0.06478102769547
-0.01140511184207417
-0.14944094327637858
0.14868726126979925
-0.13954374676242337
0.0256983560102218
0.057561181899099215
-0.021572447711352
0.10595593161270525
-0.10049014218735387
-0.03704136331181691
0.016675283171325696
-0.0012128619830540852
0.06087676965566678
0.005449457948307493
0.0024083639662315706
-0.0395255252957525
-0.09812043649717397
-0.01718565646032085
0.14330863059957832
0.04673009888297859
-0.027098073468551587
0.04289940388314076
-0.015943283435928213
-0.055806701536981196
0.04977565592152837
-0.09858292731239571
0.02019847597200397
-0.013833891673188499
-0.0025853524397987937
-0.02185879013739095
0.06819440333573337
0.05604031909355253
-0.009382793980101056
-0.07509068415578363
-0.01105511098659974
0.023847743064496316
0.10545869932193007
-0.014219057927750495
-0.04693814364351108
-0.009851124921982812
-0.05399340700142169
0.02303835007814177
-0.03482124542509385
0.04970786084282863
0.12259141003715371
-0.07019271414717371
-0.012400360486917117
-0.06810381425905848
-0.0064970013767836066
0.06975967375588077
-0.07980511159311282
0.03501488010862802
0.08271003806599134
-0.013944343013058524
0.059475457337537674
-0.14029439076469633
0.036148098363364134
-0.03413655091732615
0.08671898521305883
-0.0074388028298892905
0.023364442028713683
-0.09514600375831267
-0.028787970253746638
0.037937386022269606
0.05214834403240354
0.06418245875359696
-0.007308590986968094
-0.010345636249011914
-0.053470785614865624
-0.125586710290583
-0.010118625197009123
0.11756255015559836
0.09677750779723981
0.0366918634933342
-0.07220833811318161
0.00047984087753188964
-0.06354342860191026
0.03528417512237114
-0.02683701461817012
0.012377236631111024
-0.02764284881673651
0.0016275298582010267
0.030681049948395933
-0.02750640649962144
0.07603438597856604
0.12050729186975279
-0.16939436081471024
-0.03732548280191286
-0.021688143119167197
0.06277301517015652
0.047887276614335145
0.020068786894205007
-0.04873876792069448
0.009133449028213877
-0.06904027148385597
0.06508314198355356
-0.012548403941075731
0.026659871484651307
0.037786910369880244
0.0006023813595644953
-0.027727420349137277
-0.12578052378320279
0.03484955195385886
-0.004463839606552611
0.1938247578207515
-0.009623822664493187
-0.0498085357810063
-0.1431001334020256
0.031417650503535344
0.04288962457263035
0.0038944441277431185
0.057442891925897244
-0.04616280225991487
0.02563389427988577
-0.07016478144146965
0.10926856179393851
-0.046013808979349036
-0.028458835647804825
0.03280370045221004
-0.029598546023489658
0.05895275297911562
-0.06820290710353116
-0.04112779844231673
0.07870481206455704
0.0621335126554885
-0.0463036532219524
-0.04154752141774809
-0.016252580669770422
0.12622310722498598
-0.01479742956928104
-0.060108406569082895
-0.07846261656909959
-0.021483773008296674
0.12837261775602815
0.03254062956428472
-0.0590607058266987
-0.01871562634621951
0.021610199582281275
-0.09771304247757595
0.10693908692982723
-0.07367034816907175
0.13350414430216273
-0.048240871405095476
0.1454162434363116
-0.10979897480039869
-0.0825470618007682
-0.034727889836421943
-0.03837860793073822
0.04568422289148755
0.071988884455916
0.07530700226544307
-0.050527523640417016
-0.021532923052993702
-0.03597337417676105
-0.017061864961925632
0.013098324538706851
0.02730637147143611
0.09244461834748874
-0.036744250395351674
-0.03624071690176178
-0.03257811799078536
0.08205282397302005
-0.011441442885752773
-0.05488253231491527
-0.07755676547547563
0.03951662605977546
0.002992489496012385
-0.025342718134059083
0.08042961050891462
0.08592975780410222
0.04168849662590646
-0.035606150443216356
-0.07898396055122325
-0.10765916516093732
0.0644249311049645
0.10018181648880553
-0.0008858346371045656
-0.020501872173089408
-0.18002982679476265
0.07803244225465633
-0.01671921461231829
0.11786455692185527
0.04045445649781598
-0.046221289820356226
-0.007412111814793398
-0.06577111807204528
0.04099098413268987
0.016153845565798797
-0.02739042493861521
0.06834540167587821
-0.03987493092634997
0.07998707075157085
-0.050527027527264956
-0.06250934339278058
0.08224605804965668
-0.04550262566750751
-0.048663294439989624
-0.05071869956796882
0.06662046013048606
-0.01425556080467505
0.07185715593710373
-0.02474340667820396
0.08432545769650446
0.022836261023844173
-0.028444161867518858
-0.018984827555087236
-0.1205599904999719
0.00791566231482932
0.07120367333593691
-0.04781932986340198
0.018836908613327097
-0.04414042157865694
0.04255430230414925
0.05544177853685195
0.017689516630828184
0.052925224814249106
-0.12542302246155024
0.08776899162548901
-0.05863201413522989
0.001899502917972029
-0.01824808926512267
0.03826820340223869
0.04651542553225152
-0.06399776529155865
-0.016328047021471725
-0.004714787585388569
0.004634512600142138
-0.03987756609409221
0.09785069813148484
0.12667741494164542
-0.1268358537260572
-0.057890988059846826
-0.07085245497138182
0.02288068556417966
0.17249889759185555
-0.03245134455034959
-0.04093744857688364
-0.020594665894921205
-0.04686131284206563
-0.0015094000265848395
0.11594198515915777
0.015747928949259027
-0.1045915272069749
0.0192749807597834
0.05817540407507579
-0.00925692603498185
-0.04768929124131749
0.07077007286120407
0.00045999521467465776
-0.054357823974723996
-0.08095089949085643
0.005944184902202165
0.06593723447296007
0.016993847037449772
0.028324748118205845
0.024448302769481955
-0.016810829027128937
-0.021001014708913912
-0.010037336321849555
0.0620798577332462
0.004862192614959682
-0.05290560323082216
-0.041652010354069624
-0.08556690806801115
-0.026560321420534994
0.12055591558100143
0.034447461619517616
0.184239981858781
-0.09414656183463155
-0.0063078929334472456
-0.07991835679370254
-0.06613514275724497
0.023223482313817212
-0.0037265752621752357
0.12558684786356555
-0.07635728933113561
0.03849877463160578
-0.07440102852953878
-0.02867243297899741
0.028188476023173203
0.06493303949165519
0.050119957319346625
-0.12024911647434866
-0.03313061380501314
0.055309588237368534
0.029879608950626246
0.08866093990758572
0.03304855640304494
-0.1268385942900978
0.00766789968392223
-0.07755300615400418
0.17156991609081526
-0.057537187790802746
0.03384180615030785
-0.07436826448093314
-0.07834390933287982
0.032518308927528716
0.03600709984694961
0.059041100715403805
0.06739988602331126
-0.0930651304199924
0.012409487536113373
-0.15822402165413685
-0.022233732607723516
0.22284606651122085
0.01853659954872644
0.1712986432942297
-0.22777289630601574
-0.08385670005636177
-0.05826001317703866
0.12308885364914729
0.05892812177147746
0.07150193677700079
-0.042577581558942396
-0.0856614611323055
-0.07480793882239234
-0.007042553127649592
0.04239021642803115
0.0799018547683715
0.01930451484018747
0.03082428460819678
-0.08725436624421741
-0.04536701373151422
0.03520181341266951
0.04882294466407923
0.019141595781341114
0.04074532790169977
-0.07395694823917096
0.003260481119955916
-0.025741550359689114
-0.014997772820343813
0.0007895410099421629
0.04482705976067791
0.03740411037673169
-0.07893583571580874
0.022455943444975035
0.05264546561267214
0.08787406287970777
-0.04448826982859738
-0.03146714613347856
-0.11381287044843927
-0.07604134776988564
-0.021208812709197833
0.15988431553744353
0.12109789547403155
0.0006683916213943708
-0.12692498030933275
0.10037879033176858
-0.005844302635398154
-0.0863549142916763
0.0034031843069124573
0.011969661891131106
0.01688003797428926
-0.1131755812723462
-0.01826168675417339
0.05467401673135158
0.034101554398329514
0.2250642697248244
0.013238069156882804
-0.11272391431160768
-0.12349512336535039
0.00608641718600722
-0.0013348621470516409
-0.018623176613042004
0.018310520821630982
-0.026209406631036936
-0.009660122272538383
0.05187029475415689
0.05142810226645084
0.053502192635143206
-0.056460741623408806
-0.025594635593636755
0.05892398903540917
-0.02625155074757582
-0.022232271220630852
0.10250254844777204
-0.09277342140733338
0.06321521047465228
-0.18234689382727273
-0.024684028950551107
0.07978146096692253
0.056196690560681106
0.04706124301682385
-0.04450335852092712
0.11074310875269461
-0.10817293993062493
0.007245583730835559
0.023589074926364473
0.03632678438001957
0.0496115314206077
-0.12423755197096414
-0.02833050678445881
-0.03157487065490738
-0.03029167021239823
0.12244656627434014
-0.07625476634661021
0.11977812405953975
-0.05052933379636393
0.07393600510524606
-0.006496682123479036
-0.0484127547406992
-0.013388207796364404
-0.047002100486629256
-0.01791844332102953
0.04865504433060974
0.04606627822303888
0.055303455773209526
-0.022759514635206174
-0.00830756753486761
-0.02070590093868288
-0.05611531598016096
-0.010985891936746317
-0.08292396125505047
0.08188388496920482
0.02476765959533364
0.07812618956015877
-0.022629641125853
0.025614187801754368
-0.042061874279314404
0.04384219237218204
-0.019667508325076438
-0.029722926805018868
-0.026344375464828207
0.032711268593134876
-0.13691134738898508
0.16404932195943162
-0.03645086643928412
0.13116193275500876
-0.1759479976418864
0.007448888924427837
-0.05634483441745258
0.039823040859176595
0.24560068614045466
-0.03663154732004781
-0.051518082373637974
-0.09753820017891647
-0.07969858162531476
0.04322142982237026
-0.014273121391822796
0.03478588515978978
-0.013359096748755905
-0.01411571888201471
0.10852955003948789
-0.03387442659154333
0.04400150582050591
0.0797411368360861
-0.131420943894135
0.002499884144852804
-0.02566308072647905
0.005559619749319941
-0.008043112665626823
-0.001025811936363391
0.05592128255643905
-0.017747266827733178
0.06105392214939273
-0.046753912010831344
-0.0801793330149162
0.0259657991387513
0.05442610058042319
-0.014409493635100218
0.005969674791326873
-0.010238117185303042
0.009108949867158933
-0.04509371410148589
0.07470057481000442
0.016756179889423628
0.007271529599480436
0.007800093620159931
-0.11191437064727783
0.060554618619808265
-0.04304998725414516
0.05652341559600532
0.09973598384626492
-0.10460613476458092
-0.13506588829905475
0.04380577473889874
0.027904744857435007
0.04644234205473208
0.11588917587355285
0.005798981081328758
0.026240958777078466
-0.19365248720897016
-0.07269528814365034
0.14054816588448538
0.09777787985520298
-0.04801595530064351
-0.08807693046357984
-0.04815717434566999
0.14366323892991123
-0.08193239550721815
0.04085866568270838
0.025119185199831612
-0.03597598036042565
0.01950479240481462
-0.08177242563725201
0.0145713208013859
0.024027827530960666
0.0654964848843605
0.00998626460449592
0.04289874455833553
-0.07878946487154455
0.04029499240802112
-0.048903176964742445
-0.0584805893265612
0.06996816382310558
-0.00523241637841157
-0.023216205178111265
0.045344257996588436
0.02447573362909311
0.003623582862581992
-0.053472150245503766
0.030521231237512603
-0.054337911583903345
-0.014946988248010114
-0.007402633069401532
0.04773122893385809
-0.0060979123332444395
0.12324289445513106
-0.024909466536075398
-0.08512542131404595
0.01563178096236384
-0.031616734685111086
0.02612616383040075
0.0394920876409627
-0.024180902511990017
-0.027086082941136402
0.03158041088998302
-0.060419571349977
0.1112824730747393
-0.04460807175653732
-0.007865442208051994
0.03327586090767348
-0.04620313390050243
-0.027268563487691744
0.048781253120509654
-0.056594542722774144
0.07856238776682817
-0.001077927974630237
0.011110458009148227
-0.0232019876296245
-0.010374672206480834
-0.030484135113453548
0.0168481487472274
-0.0033710420405533292
-0.09344374895409621
0.02647718131159546
0.1503614914946395
0.05654385839442827
-0.04753967404472445
0.03897735558025961
-0.06321256944296365
-0.042710868717677236
-0.028292664239093324
-0.004948719978094207
0.009303659034196055
-0.06670898428441163
0.0943429148292261
0.01022018929595192
0.052397669295767196
-0.09711541096657339
0.05342387266303156
0.04130794286427372
0.00016870859004214367
-0.07184268083558762
0.009101972240259243
-0.006911594459392795
-0.024274972644442644
0.1535045804137679
-0.08805525064004577
-0.0261776718118487
-0.02563466600281203
-0.010269897719991095
0.07621055121013778
-0.06825399951692895
0.0979081650533499
0.0011277913153698305
-0.030490381319993737
0.023022540736425637
-0.04175265150497584
0.010329864870137928
-0.04719728647053581
0.06614647848853504
-0.06275884723286562
-0.07866744468372022
0.0887862956561124
0.021804555634499956
0.08089502342722521
-0.000929070054453196
-0.029144270576871717
0.008725930585663955
-0.06733137995851302
0.04949666525442953
-0.057394784627421425
0.046979973828015636
-0.05410654586327068
0.055007682636357635
-0.023588235613028002
0.0211710815315512
-0.04537471125142345
0.020115185633548527
0.06980453982855747
-0.06589818080589599
0.05608679633087596
-0.10915076005239527
0.023515725448522845
0.08253980601608249
0.07198186578035726
-0.11219969454800643
0.03206759948348986
0.04161751588085437
-0.00867977716958157
0.007274279605228695
-0.13723702708447055
0.020707259158625924
0.1710912343181717
-0.2138399790624292
0.037376110907066606
-0.05896563186978551
0.13063156755123384
0.04240348171348263
0.03762097753287519
-0.016386117991194174
-0.008368554955552748
-0.04796807025466132
0.015134213404747951
0.04268885075513133
0.020172031280027578
-0.11259142724757705
-0.042850523827012224
-0.0022496206479367398
0.06456209661036558
-0.011018398235510152
0.016201157714150385
0.05782712329515963
0.05535379175034774
-0.04720920015405258
-0.038609966568075194
-0.03901070983176043
0.04915183184150959
-0.014356322041424341
-0.013776871320487577
0.04635997060862643
0.0299764656625309
-0.06828416869367994
-0.03748502364167307
0.048406573260969726
-0.02644196157123921
0.007636191916175261
0.053684794571981
0.07731926071333264
-0.12591740780030394
0.05308416856726725
-0.09342228071018463
0.07641372644122457
-0.006337163839648954
-0.03151693586541808
0.0029134535741220102
-0.008933143924715559
0.08737144344337723
0.019907759975284434
-0.011052512847665508
-0.013922565503590834
-0.050556795458436915
-0.06557488003393891
0.09369515584795224
-0.07284925904365418
0.059794093607863974
0.01624405910028115
-0.010935753226403694
-0.03109274935445705
0.046308379688508094
-0.02435973618577028
0.06671972703345694
0.026299941902765855
-0.07329039407141083
-0.00898172181482454
-0.021895461947336145
0.011069644153044345
0.03988657426499834
-0.05302235689264497
0.025030663536252218
0.009091865648611613
-0.04954187274113242
0.08167121829499346
-0.08452109381105843
0.027392075350586007
0.07036748557647565
0.001500994697570035
0.029388046547530633
-0.06516153225922378
-0.02840449608030715
0.014295434480593894
0.054408333344657334
-0.0079264228051652
-0.04533020255467646
0.002526443162173986
-0.015997574897070432
-0.029573531242200246
0.04906426249072515
-0.02872832527506064
0.044727170181955656
0.04004758845622047
0.07131037130459084
-0.06996226737826516
-0.03332944644700119
0.045135498417229136
-0.13546433818874554
0.08188753090199785
-0.014382050081388376
0.033621214212042214
-0.04353935090011629
0.004358830828975924
0.007394922994102604
0.00837084289432577
0.10996279962437283
-0.04511195626241893
-0.011258645417615787
-0.11612289604519255
-0.006248107414742687
0.06733495823758417
0.1424262777309302
0.015590980483878303
-0.17798384652505828
-0.004104241044399659
0.12349280231208438
-0.11690469016467042
0.006518425096667557
-0.03459176332173558
0.11325448101009106
-0.002656602746966448
-0.07313277103013105
0.10867901246280509
-0.07138857645526792
0.011048295445527545
-0.031778262147678205
0.017683012723292202
0.1466070428393601
-0.1566410338731225
0.020529137193773472
0.040091726011662776
-0.0878759749257289
0.07556181041456655
-0.08815878197297444
0.12814024558174364
-0.06838413725374148
0.02242559366774384
-0.07838824373946007
0.044089924156759386
0.06565620343484703
0.025888443112661502
0.01912227500369365
-0.08200397568258064
-0.07173005906877382
0.03635463821807604
0.0030274137201921243
0.09554377998743563
-0.034458354493678914
0.0205954987531638
-0.10347315797976613
0.01178581135059445
0.049004435513299555
0.08908951922605926
0.016362055240567067
-0.002353963810535653
-0.057080066454285705
-0.14637113853851488
-0.04758741108220932
0.018104305606781668
0.17562600787562505
0.05467932448499396
-0.005857706585673861
-0.022492396861968522
-0.12347034452487626
0.029823064093004115
0.0167096447417151
0.08124305033816358
0.02577029150947016
-0.04592857480067014
-0.053100228661996624
-0.025106527463193626
-0.024645824850668935
0.05554695720399894
0.0614399647524448
-0.05462779785442415
0.03064848118856711
-0.047881954722793774
-0.002614217756878215
0.07846986817116403
0.09735905835824998
-0.04409081062896392
-0.1372184417129273
-0.05678314871468504
0.022715953064878724
0.0035780433086208263
0.0644899943724363
0.03647332447111795
-0.007589715505303352
0.021542769029202324
-0.039186983632490624
-0.05305106152798572
0.12020751464288235
0.02734662074653471
0.0477981261685792
-0.03074670771256413
-0.17234237971375488
-0.05659530125440204
-0.024648403556537607
0.11940106726058158
0.18514021475695924
-0.08794382696285961
-0.12541105684763226
0.04629446690046429
-0.023784274198851672
0.04564673262164892
0.09706672681359782
0.005830352668005238
-0.09833007563668505
-0.07176570346188885
0.01738119902917329
0.007092646596177282
0.06138734783835016
0.05214426441162543
0.011230061951101489
-0.11386882566256101
-0.040492992601687816
0.02409351067297593
0.0799018648921656
0.060619565123424105
0.038818666483235995
-0.04922157569456876
-0.05239321523413756
-0.04168170527164066
0.0073864293475079295
0.007172598017435316
0.0023337630580264404
-0.01596651817046406
-0.026162061443985588
0.026695937849193913
-0.00999387976565047
0.0771333190651688
0.023290267404717485
0.11738271983738144
-0.16888659933481898
-0.006295937681613614
-0.14866412955888425
0.11988727001592067
0.06086632058885942
0.02834323527519289
0.054410343872289046
-0.05395698584413544
0.022810315648540663
-0.09584354514070925
-0.03559866883393452
-0.04868469347308721
0.06725809842637878
0.0950643987354684
-0.015695476941708364
0.013264195750029142
-0.013380616529886882
0.03440672744193391
-0.1196391156680632
0.046959603283807556
0.007964238879608877
-0.06846090944958415
0.07936598709438887
0.06949635266702675
-0.06743908926946181
0.051643133434620306
0.002493895006527816
-0.029989587174828025
-0.09339506041826844
-0.09014825822317371
0.041274863770651336
0.24920537772012782
-0.029709909243978955
-0.03258787089193827
0.002643100153289807
-0.03547566754914197
0.043944622101171775
-0.11787059918929935
0.11124079872667514
-0.15330818821004483
-0.07711285297573278
0.05528037106551317
0.06287109735430137
0.1464994380200152
0.030807247997096332
-0.06507744710766186
-0.046065526182061944
0.05520211944393927
-0.0601748710025239
0.01562736528726144
-0.06519838716498394
0.0413750896685898
0.007449174850657547
-0.04705773236939098
0.055412692176647516
0.011664671220751738
0.018933996215003246
-0.0630935255769779
0.1030936731258747
-0.11869822852167589
0.12907306644308442
-0.11741406490634893
0.09329563868399167
-0.14225691302788265
0.02947112483712344
0.0065826105724093725
0.07883764306867827
0.08079130084687669
-0.013189149362641095
-0.04502943868193529
-0.01608822277826008
-0.11976678018597631
0.11720827878461094
-0.030177117512191792
0.00023978121082079973
0.1169361140326945
-0.05829407702085354
-0.02757796345050706
-0.15779579998802284
-0.026428094998436236
0.10810297031839877
0.15687924293665584
-0.01908764597095941
-0.022347259005000786
-0.06444791870415034
-0.0060014072197107915
0.07069599119877701
0.06027411655234982
-0.04262410211541229
-0.05142078091365654
-0.05129474986653837
-0.06099553251515166
0.02193419087712989
0.040898033667063016
0.0939457277240241
0.07238515501993605
-0.08747595136607955
-0.0701963687309477
-0.0018763754806057353
0.035169393485681044
0.000774924289247636
0.14830992223282424
-0.08238808053225394
-0.12520221749474336
0.01401135082029803
-0.07162761237831511
0.11568375121708863
0.08012979346418281
0.009813289962132488
-0.07975515305913533
0.02118299258183276
-0.05983784640100631
0.052849487817060004
0.03260963378763515
0.07349110371948031
-0.07255605374470597
-0.051707933084989555
-0.032523594110609455
0.009694870464376337
-0.04830359753880009
0.08044224261844724
0.03239757365237894
0.005655751005179344
0.025015058205719365
-0.0009423629906089026
0.004467892826455655
-0.02185798753131929
0.05254898951673126
-0.08644031878175573
-0.07148736177263817
-0.05274677892504087
0.03760419100639378
0.05474319622355414
0.09441958827602237
0.08294039954757637
-0.04765467329192641
-0.06509457467049595
-0.09935914361671472
0.16113124622845348
-0.09293046005903603
0.11958511877395595
-0.058212862752904826
-0.11181423521837963
-0.011253502281239613
0.027116644285172464
0.023052969530538592
0.02015857469696275
0.06715938751714079
-0.016003104879265817
-0.05097510448220638
-0.018044303417960206
0.10392971328571465
0.021758113830498083
0.012927964612073257
-0.061606080221384585
-0.11143967787224751
0.005378049247256933
-0.06319429095938789
0.14821788084761245
0.025931314117550452
0.061245072762798336
-0.031516698196613735
-0.12672144899505122
0.018212296844124898
0.007381710722960122
0.023775345391939595
0.08903998550048214
-0.02101227664137406
-0.00824742854468008
-0.09141308108239504
0.006234290117442365
0.01768490013212798
0.12953057475105606
-0.05919269651329895
-0.025938693231612575
0.023066241434962276
-0.07649814257638354
-0.028835352876988685
0.04064931517913717
-0.008113544837388353
0.12518690519898668
-0.060515636819014396
0.05988435252118668
-0.11527061726255095
0.05751868412087979
0.04057510451435331
-0.023349870428907682
-0.1141269772143485
-0.014325940082762778
0.09323752224713061
0.004693497150411341
0.0277130733642168
0.04693022330165647
-0.035777758382618874
0.03598554296170331
-0.10182201458704787
0.0003734219296360197
-0.014097871543953922
0.08201368101382478
0.02669989128696204
-0.0617609288127845
-0.05091415559536472
-0.04864685768557708
0.02247442444965153
0.16408242377290683
-0.033032786159624905
-0.028951292455421607
0.07945990574509376
-0.10972724670756628
-0.010646835260060328
0.07804772259972093
-0.0071197779967542285
0.014038402196828337
-0.07440681129682503
0.03392146936559659
-0.08638280311153274
-0.03817886851174834
0.11980077667885258
0.032123981814569186
-0.02834065440011846
-0.059814757005657374
0.00940611166605343
0.08577797320811087
0.030868318492199648
0.0035940767782283167
0.017965295474702936
-0.08314291448876854
-0.028814592511243298
0.01333794709391034
-0.020892166249856917
-0.013836154508555243
0.036746230073937625
0.023445800119332866
0.006468748048303441
-0.06342854294303457
0.05289658816457743
0.05589703632723375
-0.008576060065219493
0.008655441123203822
-0.10563517960896701
0.054187727916725936
-0.057281898736929016
0.03417767088150936
0.026376907849449738
0.009334201144725718
0.015299025182381978
-0.049372503136798224
0.03132429360741473
-0.015118650874623385
0.08008715615983308
0.02771013169326131
-0.029009880439523128
-0.06015571081304438
-0.1293035244551679
0.07431000695539902
-0.0016148020753155023
0.04254855211378228
0.061180115339238395
-0.06143854481134131
0.019343096553486205
-0.07995907405592506
0.09568224948733489
0.0453215319742577
0.13053744357717223
-0.09912238888797142
-0.07924934281351603
-0.09944592820670906
-0.012130235345836349
0.017211155927159577
0.054144797738264194
0.09993696990797263
-0.019905271394097666
-0.08251273730551109
0.011093862768852408
0.008320333318169504
-0.005341886409301999
0.08666671537606263
0.09036648267560185
-0.08432517843813608
-0.057399790388758976
-0.07389563909570636
0.021853204379424507
0.036452329398918515
0.09158084204631356
-0.09027273922952517
-0.05924994326944988
-0.009622008268195648
-0.07172179641269727
0.19332132385064282
0.0985448891727665
0.037842997054990724
-0.09603269282139104
-0.1406259114197621
0.05097178464925456
0.021307673517726666
0.02463030831813473
-0.03202207418259473
0.034166208609380355
-0.015927585152327284
-0.1174162108559651
0.011440826168955809
0.029436604522964815
0.12522410142735918
0.0585702472545675
-0.045876366536627966
-0.0668188317556293
-0.020621525046566447
0.029833800900191942
0.06716751380793351
0.013978704538426534
-0.09380614941383136
-0.06043773121165397
-0.0680682089523108
0.01977163207947008
0.10653712359955683
0.15928065182284223
0.019121575526338752
-0.12033333988950035
-0.10769962366155461
-0.018242573150474062
0.07627770121394306
0.13799685535751305
-0.06052129336666101
-0.08059963439406381
-0.07134190047885003
0.0410975912668734
0.040687626061204796
-0.01061727784155675
0.010652516315628802
0.0449921021873223
0.005495593698723766
-0.02406847211228058
0.1017571369726411
-0.0911397285328075
0.057473974195392685
-0.10725093462088386
-0.04078084032067153
-0.047778081795287974
0.05002246244016817
-0.0039021738743407752
0.15822443979046952
-0.002116150215726087
0.07818387022497486
-0.11766091140126989
-0.03308108483873884
-0.07283701596076875
0.047550196455195426
-0.02809417373062395
0.05674068840601665
0.0012477164184843126
0.019639294065135315
0.010023739606196624
-0.03570114976527283
0.02248837503094947
-0.01289694874869518
-0.0035081296977281795
-0.014977186633504225
-0.05580065957789948
0.02512883612270933
0.18984084192348583
-0.03842823350693436
-0.07674422439587936
-0.037963729548330605
-0.03442580781871385
0.024781822596541048
0.03042104234363663
-0.010760852341370253
0.05771495403925786
-0.00810338418441603
-0.07144707552283336
-0.03903422594718542
-0.006879186503359946
0.15905864262205327
0.07360243544840372
-0.0596264778203226
-0.08970327528341215
-0.1349689738817279
0.09031709102007568
0.048060519239230715
0.026811726435466143
-0.06670686002786397
0.08746354361086617
-0.06475233016196213
0.028445081154487184
0.030188796450175914
0.08097212745794025
-0.027257785380918165
-0.011308793761998004
-0.17460814597846053
-0.05951114329440088
0.05936587089813372
0.07401930051510242
0.042315359372445016
0.12797260177738679
-0.024957769505474126
-0.05769123209106475
-0.11202000080101726
0.0578950085236869
-0.004666862382968873
0.037892532615242835
-0.033838034422898566
-0.03352401908135327
-0.03898582928887606
-0.024422407892998876
0.13803834100402668
0.039185046518266375
0.049868630219355836
-0.03337620058674862
-0.1025833673792853
-0.10248790059471347
0.06087635223858001
0.20143743898993094
-0.056023942458296005
-0.10594255054533619
-0.025319298918311972
-0.09280342062424873
0.05701388247422834
0.1235888533617775
0.019199875161093338
0.05418136796929662
-0.07524780731096126
0.04161386839481063
-0.12329412170951093
-0.006252411689815496
0.14135891921670674
-0.014124662912854191
-0.08215698625605494
-0.07672016052671271
0.07487104495606012
-0.0032935059201075756
0.06824092292471207
-0.04928976052470002
-0.07281299418947862
0.11032100338856132
0.007400881952746019
0.04938428857688315
-0.07324276810766861
0.046466289075478784
-0.03323623214797955
-0.09721313827714706
0.0009066734840104118
-0.031650225639887175
0.12222269021780008
0.11483949706031993
-0.02114389351998014
-0.1258193843876052
-0.06657578201128178
0.02802275123286968
0.08789110369816022
0.03007460686158847
0.03692458145160149
-0.024121789943167826
-0.07714428568560439
0.021655079535239263
-0.02033601024840115
-0.02246935593061261
0.012829279579198438
0.07282159228922946
-0.09088641551580867
-0.04427489556050368
-0.027022693896566974
0.10757902032687028
0.1255524438280311
0.0457427662334029
-0.14137367106320742
-0.03443530891499691
-0.07191970595171471
0.05771963187181317
0.048821424043139494
0.138116359585704
-0.11858362653249421
-0.03195675143687948
-0.047899192016992664
-0.0031071302593173034
0.012991474861132613
0.060258087041958674
0.0015323968644214148
-0.03067914962941165
0.008123178880016013
-0.027320733803639086
0.0406729427573822
0.05787951316706863
0.014419609490595717
-0.09260741637971304
-0.011457951397758181
-0.0012810652804883804
-0.05132902353752877
0.10475067041041042
0.10260010411609888
-0.1052885008296649
0.022797898695540053
-0.05748947880793942
-0.0025256456260666083
-0.023810575412771595
0.09729668292486182
-0.029821291720249166
-0.00430480875655137
-0.060958952554890734
-0.07804778759141356
0.05902272573760703
0.14495901938863778
0.0018020141580125104
-0.006024109982242409
-0.04488693660570208
-0.06003589013776289
-0.053629461749802876
0.11310697184140311
-0.0012423722106729151
0.1759395101693244
-0.20804190742722106
0.052544018887497934
-0.10244351563579146
-0.0406288719039527
0.08276160128948584
0.004673133470086466
0.01460234513127956
0.013795486322356887
-0.04109378052083912
0.08607736109575015
0.01879917285530891
-0.025962494612372877
0.05912539099702041
-0.12449608496803577
-0.050440383569182234
-0.0036969638538701943
0.11235921656637549
0.01345470806577409
0.036984700568710505
-0.06586806246994781
-0.08062256197214984
0.06747125572353362
-0.04435146864321074
0.07060517823129955
0.030402033493245217
0.007600502963432343
-0.07244391636258729
-0.018663527953643122
0.006267120404423676
0.010063007408086966
0.01237741371533152
0.004306819079574864
-0.018280591548556102
0.018575677490413
-0.015100604798554684
0.11485657750867029
-0.03536505914042276
0.09809190564160053
-0.04241571543708056
-0.22530229940749882
-0.10026110432786384
0.15681388708289812
0.12806015430188114
0.006222160110237573
-0.07781168187417042
0.029790351103780532
-0.0705354601185435
0.021473840620346435
0.038683777866396096
0.048794318762863775
0.08703838874829373
-0.09259291173968331
-0.14237073352856355
-0.00591919295866572
-0.02339931321307054
0.17343202444888717
0.07413154960756121
-0.16853086632229908
0.014555130556481055
0.05247442619720588
-0.06740906641372524
0.08003452652916243
0.011846216083043648
0.09666055541172125
-0.07263835941289187
-0.09919606098046674
0.008174094533651255
-0.07105466974585184
0.12882123286953928
-0.04069364531993683
-0.011927401357054057
0.013954880841297701
0.0058743638315045255
0.048346022381778875
-0.06620417555353786
0.07197711081151137
-0.0053103762581033775
0.022361452307717578
-0.0851643276599311
0.013533188980198951
-0.01786380065757176
0.04671459489458618
0.030875231163325245
0.003138449931417167
-0.05138850615284052
-0.012982040904615744
-0.04430375840368089
0.003030731595380365
0.1326889472215773
0.017101118233712742
-0.029503681124019798
-0.13753924855213162
0.02419378708496367
0.05511042343020656
0.06852227617306816
-0.0724204560849887
0.016380549544511458
0.003892517472116941
-0.01611273827418591
0.038869475557506306
0.04829347962151642
-0.11611693878737483
0.07361473550204242
-0.033785476392658165
-0.04313243730129934
0.0031393358043395048
0.02449681830385142
0.07695237902087126
0.041814778221973936
-0.06631997840763015
-0.10862531985631407
-0.016305928508720147
0.11239330740737408
0.008571932465858634
0.012435005208315197
-0.032693359371240516
-0.02326183299411788
-0.007631971344024935
0.09837237907689644
-0.045305157765744564
0.013572962238365238
0.01802303849977005
-0.06577324381237115
0.022085064554207667
-0.03433619042926006
0.008178579465475455
-0.0025569078272619783
-0.007427203297823759
0.023099129256251905
0.0260122441943626
-0.04397501229548639
0.08360500615495448
0.05027604786812323
-0.05422004545434922
-0.03411159871321967
-0.11620469767486497
0.04712134019767217
0.03703115793532197
0.0018164914176370672
0.015696000446763114
0.08142747969185016
-0.02855785097201169
0.052995782437051386
-0.07977742625475426
0.025236886666410996
-0.06476095483194677
-0.06251584281537914
-0.046130425380675355
0.06721052954352325
0.08945255902788607
0.05695169883132056
-0.06270608407783596
0.025621307191994624
-0.042068155725106304
0.061846568990381545
0.06259640047860993
-0.07415550814515784
-0.05149542690528475
-0.04569470309077661
-0.05346321527148279
0.08443764765270295
-0.020725122580002697
0.05649770137702248
0.01897033371253852
-0.06367390322641286
0.05655821366907343
0.014572566809521237
0.0076769261080040785
-0.04141716615852875
0.016727163432898373
0.017509146740239567
-0.02263877573614792
-0.0422720248851135
-0.03961152035432648
0.15564278257695685
-0.036366980373272684
0.0005557969629667592
0.01485875875641729
-0.04999193720785111
-0.1556689179616047
0.07556062590781681
0.04446835657586612
0.06666671346145964
0.011215367720577768
0.013876391076102945
-0.024996568533397878
-0.04437427950214
-0.016821353996438637
0.030959975517073857
0.04273327622195412
-0.037573354391773645
0.04191306534764738
0.003984659074873359
-0.09597602269890179
0.02385357688967038
-0.0031204392579599893
-0.02200039907496376
0.0590491518156247
0.02719841549851154
-0.019555014590485725
0.03145309446490552
-0.017392009805172637
0.03376348509608433
-0.07238626351291624
-0.017852281396469633
-0.040586446301617535
0.0036520994032613052
0.030074351451719966
0.10727241598812343
0.03547167605051621
-0.021463312720541868
-0.10562943836915772
0.04360760864903607
-0.06938668184052502
0.00018347432015980436
0.08409468954771576
0.03685744044228442
-0.08272543287585876
0.013032147160439322
0.0037458830802318266
0.03476944956569783
0.06995871789318914
-0.1538896066538188
0.045041691357200375
-0.013079755685758532
0.06008558354663618
-0.045832127559605196
-0.007837662435450393
-0.05791697427438339
0.06313498702030867
0.045906595431631
0.03377438996957305
-0.05932897610833787
0.06766887096136712
-0.037637821381634684
0.0034561876738015695
-0.014665970063167
-0.1161337531568589
0.03905595265598524
0.04758443999679718
0.006544829144751685
0.052303431060983896
-0.054450354249393255
0.06561396167179462
0.07658377619601209
-0.13482646084758593
-0.018420964846123822
-0.07763236916931748
0.11796071112783166
-0.06301045642270858
-0.00532909040377938
0.08961456601522086
0.08689196293746038
-0.07810952336299654
0.0032589419747165727
-0.04181097161528988
-0.10534098276037274
0.09500079691749641
0.0006822864372213189
0.03375984490594475
-0.08562597634894609
0.06787646205829781
0.017602048235273227
0.04932760283892468
-0.015702259962360632
-0.11288080981296456
0.10134813830424752
-0.05464700802336919
0.0164236159549333
0.0037817574746717153
-0.008906189143460475
0.025856209363276456
0.011920595467592554
0.013178114709774272
-0.025326978659060195
-0.07411122766028413
0.005845190154795038
0.04517103034872001
-0.06856534583467816
0.051446376420494044
0.05337849403407566
0.050121560796618864
0.0020725340367178935
0.052762531352655406
-0.12851649659832748
-0.049351627023577815
-0.027153783054361336
-0.013986729690304012
0.06116568123723473
0.013185254184402861
0.05704053095197925
0.03223349607666848
0.0007303637586352496
-0.06342000053460722
0.0002215243355537938
-0.015899216241194336
0.008408278327748042
0.06436118458112662
-0.08241618861678303
-0.004001746526248337
-0.006813550603765317
0.030262415788188182
0.007514956602079875
-0.06189122570442593
0.13115336051591236
-0.029162729962334558
-0.020476037315033918
-0.060862375986734774
0.006951048399727905
0.042389069519265854
0.05965976461986501
-0.0623192095710495
-0.0039688996412065025
-0.021368119167043814
0.018558769441293227
0.05583930240476018
-0.02452363398070255
-0.00015270367699057874
0.028072971563610577
-0.009987696537101659
-0.10254717508674421
-0.044807219902781886
0.0034965011654361777
0.09694696585493592
0.09589002735910332
-0.03952838217976365
-0.026467475079305913
0.029194222639278136
-0.04826697100233998
0.05871213440757003
-0.0014217189710052924
0.006711854750582211
-0.09419875711234377
-0.1120149695681405
0.09327425382119292
0.056619152771221065
0.011605552666392793
-0.013410759808679507
0.023723463752987825
-0.026358650392076688
0.06379628352003486
-0.010153480920866348
0.04176950043650374
-0.08620511596206948
-0.10183299367115314
0.040265720786621745
0.02497976087695597
0.03171123165424408
-0.03497348127664568
0.12836389948135485
0.04297768168751548
-0.04128296495909575
0.03516589379452941
-0.13966685688457497
-0.06039919883714853
-0.05463441742584638
0.04751962594596548
0.08731724843344824
-0.10292144370952742
0.11816879707279149
0.037149322851740885
-0.0035723321124280782
0.02798306370579956
-0.046475824802390875
0.0034809827002351135
0.0043117719883664085
-0.039622952260194966
0.022284310160785692
-0.03575692083331716
0.06966636990438735
-0.049474069174312796
0.014076928248274001
-0.05860659607522145
0.05005618045812321
-0.021815944823553868
0.001022660336822634
-0.013069630910414132
0.08027891462927272
-0.07337843971735242
0.13899149379444636
-0.0941551469352625
-0.060745175653985295
0.05163659768597395
0.03166934968046253
0.01913093832676105
-0.09417175240672782
0.02739952334801854
-0.006082612091233397
-0.03412680500466969
0.10019273176710164
0.002877850122919412
-0.010264492852785967
-0.009746312190156203
-0.12438119553239346
0.0757567979431839
-0.03162314664428312
0.08925856232534923
0.12431108093094234
-0.07926478374604895
0.003440432038553154
-0.18055852544605272
0.008391951962415156
0.08090748843447693
-0.03143758468373803
0.04587225274102591
0.004069837072361027
0.04338126112500362
0.035007820188067806
-0.06506911934828097
-0.031754715964822045
0.034690956261627826
0.015558802479815448
-0.06657795452745152
-0.03371572518100635
0.047787877436964
0.0682029268245411
-0.04062892173695787
0.07721413153050416
-0.0338472363034293
0.0013915413713965208
-0.060442762891528945
-0.054558126679784616
0.04176593603139275
-0.0615580848513326
0.12677241337166015
-0.048780414617409465
0.08604338588441347
-0.06974476151071214
0.005108146157924154
0.07059925214161852
-0.06863164686571444
0.01402055267564166
-0.027604396994639763
-0.08017453793999349
0.1311177817086213
-0.12602644947174846
0.159334430325194
-0.10224650399949103
0.004677054056362956
0.02103373855704571
-0.006098489425225728
0.04835730349083561
0.059603763494351536
-0.04035946275100588
-0.028317616861876227
-0.02508092621595545
-0.00863143343981071
-0.05275131231848518
0.029485474957189506
0.015546246655158164
0.013003226448215166
0.0591600619482088
-0.09193572751861935
-0.00044754612474171007
0.04342811237316668
-0.0020149062745932478
-0.005930902367800056
0.11143827301944587
-0.11777086622059518
0.04301420779427474
-0.02090633926728913
-0.013161585895505423
-0.024664632005293396
0.09062767313211378
-0.057874723421252106
0.0021100014783208554
-0.038851222201666716
-0.0180001045422572
0.014942801538089245
0.09043274580632366
0.012922124741135022
-0.026746672354418077
-0.04810238755366403
0.09924483258981537
-0.07759044720838837
-0.03318763158553034
-0.08507007753630175
0.1328338355325247
0.022508777081907905
-0.05886989409524726
-0.030856983484399414
0.012238590778038627
0.1212243477725135
-0.001285599526525183
-0.019115499877139508
-0.1023259532916937
-0.04369615663808224
0.012653211350606125
0.12227548148367921
0.019832480133514047
-0.03803430140627799
-0.028112929534597583
0.03529806655635148
0.009800814210364342
-0.02604290460014952
-0.07511423977797525
0.05651233514223396
0.03092571288533503
-0.047444122424916066
0.04027186391861623
-0.1301129243231239
0.028336603088979603
0.05935924904583794
0.06807117245645472
-0.020293248540587006
0.020310914739344803
0.02338704634242502
-0.05207083325292293
0.03222073537233115
-0.008507297008009292
-0.018127115464056154
-0.022150495453844093
-0.013503994610434835
-0.0012342084139181086
0.05709253006590992
0.006241473221206231
-0.03134593302238135
-0.021983761088032516
-0.143056729370344
0.06328461680691906
0.049612430621446935
0.10296677620850792
-0.03375929317564324
-0.0011611099239504374
0.01783112248590263
0.02126686224824091
0.024204712006674595
0.054609073053983576
-0.07532025818117155
-0.15629817933149065
0.02135989824625588
-0.02430137533385876
0.09153031910942669
-0.03064379193264262
0.057067284057862475
-0.031059792251524783
0.03948668048016499
-0.0284584027901554
0.049455035303400334
0.004842161558617067
-0.023957319998011747
0.03143192992052772
-0.1377669260156874
0.013823693359421588
0.04453059530596924
0.059348326390266
0.019096816285939094
-0.044074360408593694
0.053434472869634694
-0.04997707607318466
-0.0762405760903001
0.10840727962776445
-0.03451683365804603
0.04819639834013709
-0.12365103969489
0.058897460728014744
-0.07250974448594757
0.04781910347512948
-0.0280618144180044
0.10007833937827193
0.09471145080451526
-0.0039219326985991815
-0.027828118908940887
-0.17337870177365353
-0.005386067499594707
0.06674618914942751
0.031041220502372763
0.005074122346823112
-0.02422987279465139
-0.0326590779071447
0.011357857528318499
0.00772835635219047
0.04736850893837552
0.025408257451080163
0.006872648518408353
-0.036944296730017895
-0.05531810096598827
0.02400110892326622
0.0287264622556158
0.09315978249200627
-0.10456493485302164
-0.05310503475443687
-0.06067794507349991
-0.030496570273538387
0.11373484110196753
0.17997883268378728
0.023449339118098406
-0.11229595293390306
-0.08904212133740941
-0.042270612437044774
0.08558439845802895
-0.09371253839205003
0.0799493146468524
-0.0041511454949044735
0.06853123582660244
-0.0733093605129716
0.03544295156267735
-0.043488755473092666
0.031411216510966386
-0.0015299143045351682
0.04139887834438774
-0.004477374501071399
-0.09937216773038732
0.019727010708479098
-0.005370459522260604
0.056447618143581235
0.0589478776009415
-0.1061473842483937
0.08567485759314072
-0.11938208693762531
0.10263274498375623
-0.038037646178637946
0.04120748721461007
-0.023930340433952396
-0.0014393133845645029
-0.04080160601558236
0.03012061973526825
-0.06853541709006186
0.06784098534315317
0.07993633622346241
0.006744393253898862
-0.07655317689326291
-0.026523192387189143
-0.020901009491748807
0.006703477041298006
0.045511595030555935
0.09050302442532945
-0.08330044101273736
-0.025489516589036865
-0.0321199445419208
-0.017627966732781483
0.048452903947647175
0.02247781040174096
0.03534760516631702
-0.039048865581130104
0.03397152313872123
-0.03280127672565719
0.002833302738413243
0.04640674696083741
-0.041105465703254684
0.011394831809537737
-0.12781814876154168
0.0764726700401582
-0.0077268969275477994
0.01185323428682361
0.12412471680044523
0.010219200325177202
-0.04982171816366504
-0.08108463193789436
-0.07474571770478483
-0.0011896431050421874
0.10633162338353126
0.05499609715726331
0.012184319439328517
-0.023799135871483815
-0.013427262335828125
-0.06402820319098554
0.046665822985734906
-0.07691582595397853
0.030907648705773477
0.03144965309064687
-0.024288072423890056
0.012294986867843527
0.08917960003871489
-0.007675009821095591
-0.05151534701648891
-0.026966929684894198
0.006913045335305207
-0.04449240560793741
0.03424479745059353
0.028458910531094006
0.0011307142672171006
-0.0026474164630543584
-0.0091069056343408
0.10407345323371578
-0.1017936016302273
-0.08948807282008511
0.12106977208509095
0.025938590559475283
-0.028501028769619338
-0.0473150943323673
-0.03709562702207461
-0.004831494412230547
0.011788628487436364
0.16326473410514672
-0.09278082096341952
-0.01448649246337022
-0.05572154184857972
0.033633363159315505
0.045411960395666126
-0.03112555617151666
0.05226303584030584
0.07722648825244237
-0.0962773795241128
-0.032780440751278034
-0.06384122522634361
-0.018909077389991036
0.10061376418632174
0.054385945444956216
-0.04241483873524367
-0.04126144266220865
0.0003702402618091516
-0.01198895214690733
0.06500196559472635
-0.06802360037080843
0.038428409658001664
0.08150119605962099
-0.04307989980408409
-0.02174422596841947
-0.07759882920323667
0.013416815358012132
0.06469271133029036
0.0060403750350797175
-0.022733558908860613
-0.050227708042260545
0.042784980282360996
0.022720586631695336
0.05534046874659232
0.014895045468209828
-0.07247977240073256
0.08409747498847975
-0.0986721675464584
-0.05903327811446202
-0.0010052480465383429
0.03563256085623901
0.014837798588379025
0.01875021848919539
-0.07440062165968234
0.09891995176093063
-0.002276768446350219
-0.01134141970110241
0.033567190796163784
0.028158611622401145
-0.08699062792124827
-0.016722682275285145
0.033957009859232376
0.07322895833418441
-0.050019462738863096
-0.12869248736196104
0.10039771294587668
-0.050569873244387664
0.07648892334706911
-0.011279095567406416
-0.02145512433030944
0.029450658138216845
0.03051900635902355
0.06743155757708541
-0.07080445722770462
-0.03241239473953478
-0.04770241632462205
-0.004489310691224935
-0.005150962506701329
-0.049294124950734014
0.05151725818915193
0.07749746655379977
0.0681196473694081
-0.015923078024655424
-0.1388225096291923
0.09562415928544377
0.020128894249826564
-0.05099342920981011
-0.04564817465768156
-0.040977136596027974
0.13750309722339257
-0.13989045850634313
0.05191599148664905
0.007802041293026196
0.04793874743230098
0.08255636028824265
-0.0414167776450155
-0.029160362518723337
-0.058518840487946755
-0.0109672612357809
0.009904373879056516
0.054298303148495375
-0.0027369234660307162
0.007669959034832349
-0.0559165996843608
-0.0060733619783376325
-0.02060429084795745
0.001080126322640762
0.05814494449494856
0.07981768086313551
-0.07003048182008595
-0.05041156895012308
0.11463279286255043
-0.12056094136906417
0.029379473734517075
-0.0025686602434949607
0.03518494953882895
-0.005690804091328092
-0.002542840479814318
0.00939425556379183
0.004217907396800086
0.004619266260704372
-0.018555766671107587
-0.04026178063361876
-0.07132588690272662
0.03041379836692834
0.05034883867148299
0.013973511816103734
0.00038802759045306057
0.08810702033895118
0.0009412869463958362
0.01615231814912181
-0.047302765704026195
-0.05146282464975338
-0.0069706740780018095
0.037484471841309985
-0.0709492532827859
0.032329793992827816
-0.056560587081438074
-0.0645655168287863
0.061013323088670135
0.13376893025785552
0.019195518118628185
-0.030926638543622986
-0.07379926304489048
0.018600361891547013
0.005656628041022068
0.0055951875356985425
0.07309530140532461
-0.032771447411510946
-0.04482861849223463
-0.0641124173726102
0.023731013469157736
0.08944009539496728
-0.04762306362450719
0.04821194408279594
-0.06913496323021523
0.004564162280573769
0.049683480418163395
-0.05043209686643185
0.09142943094816261
-0.04159036203697575
0.03804504610065085
-0.2347825477350789
0.03867157278859917
0.07270635809788728
0.0712757949474625
0.04114093428277549
-0.0010860521473179396
0.029041859409637327
-0.026422141290363688
-0.04065624966810799
-0.06438399749962143
0.04235493190712858
0.03825991861852873
-0.04857154672632369
-0.008804969743979818
-0.059958277529056914
0.11655723633325499
-0.050172619630832305
0.05518791955859026
-0.016263836170846258
0.021013240633879438
-0.033628745677309
-0.037262820246309
0.001703737542209982
0.03137869759814138
-0.016048755142693077
0.07668409218631855
-0.014696840687540735
-0.04805837993283857
-0.004046856868422211
-0.04368794492895034
0.08127422957359026
0.002041633610428195
-0.011668810315784706
-0.026599683016008457
-0.05018206054720853
-0.04780624117593035
0.12964486328633829
0.05036965249036385
-0.04795450348301178
-0.010144469703393888
-0.007753916854291276
-0.03941600680317503
-0.05092697881202923
0.0064887543635379075
