-1.7053673489639496
-2.091938857628059
-2.3271183126018875
-2.628625915805798
-2.9270384727634857
-3.1191519198859177
-3.1511225029132732
-3.013290442786993
-2.7464275757275294
-2.4296396658254396
-2.165660869251983
-2.0297183229640696
-2.076299828715618
-2.2953602403912194
-2.6263297755200337
-2.9700152580896386
-3.242140451017052
-3.3400872516963456
-3.1196013578229964
-2.960569176393376
-2.706589344777318
-2.2909980945692885
-1.8364559358014698
-2.0901226588739936
-2.0237928017225038
-2.4669539057094054
-2.4880549200280155
-3.639926755011372
-3.953805703335213
-2.879643212937434
-2.677144115869295
-3.7901351842481206
-3.447528864592816
-2.0093308234230136
-1.7203821703560174
-4.5721222405883895
-1.7900653334611865
-2.159854738570719
-4.53128564726947
-4.63418780102594
-3.130342038259104
-2.285192096784461
-6.127345658948331
-4.330988782610524
-4.01938525802541
-6.636157142123543
-0.9728426404420445
-5.137874913916537
-1.0869713104556953
-4.707714454863885
-2.5783323084983296
-3.833099619802235
-3.8554686415736272
-2.1321831011381
-2.6118874578755107
-5.205324320233519
-4.991141790388042
-3.1494103989203612
-2.6020470122683284
-9.491372969005209
-6.290888480975487
-6.071023197045072
-6.236924728500812
-5.484284822500965
-11.122636314225502
-10.937493990327608
-12.689634671900404
-15.761979445061659
-17.670811047015903
12.29664396398566
4.807090486247076
-1.9329470895957837
-23.093464436727952
-23.18965981277011
-42.3278324276139
-13.239916116359462
6.959528904626337
5.644542629441297
22.55762985410184
-4.18403204647862
11.871670689607406
9.86578820484334
6.916464084527475
7.792011713071431
13.768827692241052
11.795149456072984
14.060319681579614
5.675170876932523
11.001363960465689
36.6914518812147
19.836257214048583
5.856061940253987
4.857584403712941
6.425132626606706
7.9341225475400226
7.2445834857102085
7.8474537515759195
5.2163374218610015
3.8889186066401638
4.606155440828175
4.128382864198516
5.43705445509418
8.849626981811669
6.721583553758649
1.7407787214784212
3.1403449917540573
0.11277902204818388
1.50019317034945
1.9877656879745267
0.7812904533761579
8.03312351622929
-4.418151793793874
-1.2882602510028573
1.7061497004160016
3.943604517738616
3.611454760853757
5.303694536037477
2.076915566944754
5.2288477538941445
2.713266693973062
2.366438618108382
1.9913224458257337
3.37382191954587
-0.8159682071910719
3.635161886337429
2.334181180537679
1.710053669240603
2.3456571735011367
-0.2013529938479
2.278962222703567
2.583241702729058
4.208138698958732
2.998986725796496
1.671319714330909
1.8678416411284526
-1.6291813645409445
2.586231456144922
0.7281954272125415
2.8252026210783256
-0.427282384395687
1.8757777132658102
0.2697347152926737
-0.11945889005463917
3.1136903144858
0.6393642335260767
0.20531968332641481
-2.6248473530126124
0.9202584669423282
-1.4217251240712185
3.5327778912394914
0.46513798334867335
1.0156842701191504
2.797994980018049
-1.0134422178226967
-0.30154139595966534
-2.5865254397269046
-0.8868998011384259
-2.167567929280124
-1.793532764727774
1.2226921068360652
3.946310485083437
-0.1818461931381803
3.2553476295628783
-0.5103682983811835
-1.3542314967954634
1.5923716081419403
-1.099608141637189
1.4022089451873825
-0.2381785846228528
0.6117900384962547
2.303331981747843
2.0808020594023784
1.2937888551806012
-0.05662151500601276
3.285816676929225
-0.7480535906578263
-0.1831501919632501
0.389551910549222
2.106518646425103
-0.02441343674370522
3.988997484480076
-1.2561410525563668
0.05222528583124486
3.7568248241077686
-0.44339103825342185
0.03193902053956543
-0.16777076262568213
-0.13892182623972538
-1.9481192489613175
-1.9818755013393767
1.399115963500508
-0.3768487558974858
1.190868142452409
2.556947336403289
3.479751683246736
1.0262257167170636
5.373351115364664
4.959605188047212
0.34186450640739285
1.7969064161671142
0.23318889070750082
1.4955487089569237
-0.5911681727760074
5.4079447348853025
-1.1708009666301025
0.21496647275770453
4.05822152440354
-5.982798403427874
1.4713183421337868
2.015173012796851
3.990334208943757
2.2431639928353126
-0.4304574364438718
3.842145207853482
1.460264574777646
-0.740987819100297
3.5422167665527224
0.5483214605808122
2.1367870316988284
-4.61090128977895
3.188223526820752
-1.8229864431549039
-1.7183458486528025
1.8716344244778518
0.6827846593766447
-0.44828851160579
0.6122919673738259
-2.202692916194983
-0.40936778819137576
-0.12774927750120346
-0.0908712646806693
3.0484130946804715
-1.9546785491806833
-1.7548692957181307
-1.3180687477221513
-0.04171697806607777
-2.2564348390890707
-1.119368771420784
1.1251459911616584
-3.5613553668569002
-0.8847980880880852
0.8164488966206489
-2.829949973320649
0.09848599236782096
1.837934320299336
4.442891346305958
1.3222970637763587
0.8209368907590693
-0.5068308888573607
2.87811818146457
-2.425469984977856
2.627447962702698
1.4892121146832515
1.5719357595284604
-1.1354739805422822
4.594883326390298
6.733083150129424
4.594883326390298
-1.1354739805422818
1.5719357595284587
1.4892121146832553
2.6274479627026994
-2.4254699849778585
2.8781181814645698
-0.5068308888573627
0.820936890759072
1.3222970637763565
4.44289134630596
1.837934320299334
0.09848599236782163
-2.829949973320653
0.8164488966206509
-0.8847980880880879
-3.561355366856899
1.125145991161653
-1.1193687714207847
-2.2564348390890805
-0.04171697806607555
-1.3180687477221522
-1.7548692957181293
-1.9546785491806842
3.048413094680469
-0.09087126468067042
-0.12774927750120657
-0.4093677881913784
-2.202692916194984
0.6122919673738239
-0.44828851160579264
0.6827846593766447
1.8716344244778522
-1.7183458486528023
-1.8229864431549025
3.188223526820751
-4.610901289778951
2.136787031698826
0.5483214605808069
3.542216766552717
-0.7409878191002959
1.4602645747776464
3.8421452078534792
-0.43045743644386825
2.243163992835309
3.9903342089437563
2.015173012796854
1.4713183421337865
-5.982798403427878
4.058221524403538
0.21496647275769987
-1.1708009666301082
5.407944734885302
-0.5911681727760052
1.495548708956926
0.23318889070750437
1.796906416167114
0.34186450640739263
4.9596051880472105
5.373351115364662
1.026225716717065
3.4797516832467363
2.5569473364032893
1.19086814245241
-0.3768487558974858
1.3991159635005133
-1.981875501339375
-1.9481192489613166
-0.13892182623972182
-0.16777076262567903
0.031939020539563656
-0.4433910382534201
3.756824824107767
0.05222528583124131
-1.2561410525563623
3.988997484480079
-0.024413436743703
2.106518646425112
0.3895519105492229
-0.18315019196324656
-0.7480535906578254
3.285816676929227
-0.056621515006013645
1.293788855180603
2.08080205940238
2.3033319817478395
0.6117900384962534
-0.23817858462285013
1.4022089451873896
-1.0996081416371908
1.59237160814194
-1.3542314967954634
-0.5103682983811844
3.2553476295628787
-0.18184619313817763
3.946310485083437
1.2226921068360612
-1.793532764727774
-2.1675679292801266
-0.8868998011384286
-2.5865254397269064
-0.3015413959596618
-1.013442217822695
2.7979949800180486
1.0156842701191484
0.4651379833486733
3.532777891239489
-1.421725124071223
0.92025846694233
-2.6248473530126133
0.20531968332641348
0.6393642335260775
3.1136903144858
-0.1194588900546405
0.2697347152926759
1.8757777132658093
-0.42728238439568345
2.8252026210783283
0.7281954272125432
2.586231456144925
-1.6291813645409394
1.867841641128451
1.6713197143309106
2.998986725796495
4.20813869895873
2.58324170272906
2.278962222703567
-0.2013529938478999
2.3456571735011384
1.710053669240602
2.3341811805376773
3.635161886337424
-0.8159682071910757
3.373821919545869
1.99132244582573
2.3664386181083796
2.7132666939730585
5.2288477538941365
2.0769155669447548
5.30369453603748
3.611454760853757
3.943604517738619
1.7061497004160016
-1.2882602510028547
-4.4181517937938715
8.033123516229283
0.7812904533761567
1.987765687974532
1.5001931703494533
0.11277902204818563
3.1403449917540556
1.7407787214784216
6.721583553758645
8.849626981811669
5.43705445509418
4.128382864198521
4.606155440828175
3.8889186066401655
5.216337421860999
7.8474537515759195
7.244583485710209
7.9341225475400226
6.425132626606707
4.857584403712945
5.85606194025398
19.83625721404858
36.691451881214704
11.001363960465701
5.6751708769325315
14.060319681579617
11.795149456072993
13.768827692241057
7.792011713071448
6.916464084527484
9.865788204843351
11.871670689607413
-4.184032046478607
22.55762985410186
5.6445426294413075
6.959528904626361
-13.239916116359431
-42.327832427613885
-23.189659812770103
-23.09346443672795
-1.9329470895957908
4.807090486247077
12.296643963985668
-17.67081104701589
-15.761979445061652
-12.689634671900402
-10.937493990327606
-11.122636314225502
-5.484284822500962
-6.236924728500814
-6.071023197045068
-6.290888480975483
-9.491372969005212
-2.6020470122683292
-3.1494103989203603
-4.991141790388038
-5.205324320233514
-2.6118874578755014
-2.132183101138099
-3.855468641573625
-3.833099619802235
-2.5783323084983296
-4.707714454863884
-1.0869713104556946
-5.137874913916539
-0.9728426404420412
-6.636157142123543
-4.019385258025411
-4.330988782610524
-6.127345658948334
-2.285192096784463
-3.130342038259106
-4.634187801025945
-4.531285647269472
-2.159854738570715
-1.790065333461186
-4.572122240588391
-1.720382170356019
-2.0093308234230167
-3.447528864592816
-3.7901351842481206
-2.6771441158692917
-2.8796432129374336
-3.953805703335216
-3.6399267550113708
-2.488054920028016
-2.466953905709402
-2.023792801722502
-2.0901226588739923
-1.8364559358014707
-2.290998094569286
-2.7065893447773206
-2.960569176393376
-3.119601357822998
-3.3400872516963425
-3.242140451017053
-2.970015258089637
-2.6263297755200297
-2.295360240391218
-2.0762998287156176
-2.0297183229640714
-2.1656608692519836
-2.4296396658254387
-2.746427575727531
-3.0132904427869915
-3.151122502913268
-3.1191519198859146
-2.9270384727634866
-2.628625915805798
-2.3271183126018853
-2.091938857628061
