-0.12356017391384944
-0.3805577287898555
-0.2739878772397331
-0.13315912847684208
-0.015041496719631953
0.04216413716722367
0.007185523103455327
-0.1296357657927074
-0.3332406137003706
-0.5591975622728051
-0.7337421851542338
-0.8053980485074448
-0.7322731766759394
-0.5016089640505319
-0.19430212314607603
0.1365205028280848
0.39024823089004523
0.47710877536293417
0.3200471262880882
-0.08019696708697083
-0.5584427160567516
-1.2041564277069057
-1.6662380416425333
-2.159515036004234
-1.7528217256877845
-2.3187452027130706
-2.1045698412308527
-1.779751174134155
-2.290615139105253
-0.640367576974085
-0.12939754253158786
-0.3635838525983781
-1.2844186611974928
-1.2685377229809762
-0.3529512996950124
-2.289489108630347
-1.0133705863892786
-0.1078091197534663
-0.6367504408863405
-0.013862449959040735
-0.8494119480588072
-0.9000506258232573
-0.6983487943032319
-1.6532370122383129
-3.6176519979353285
-1.3100837184681149
-1.52897180215956
-3.4205150679398724
-1.7710392502686676
-0.19426669253627127
-1.2895926781049905
-0.15975101208515086
-1.469709685985917
-3.6961087721763155
-5.150435684463003
-2.9126053608088047
-4.44830913722447
1.716031031832582
-3.9407732525908368
-7.724801036400613
-0.834657885073756
-6.6821926981110025
-5.167798008116682
-5.86469325339405
-9.10789566416916
-7.7940933872147085
-9.285699341906554
-16.55376209342949
-25.870438651205973
-0.15971431052458662
2.3481158439096124
2.838170396202784
-11.771146481059093
-13.964483351256796
-35.245748551458014
-43.902898930324426
-27.919757413376566
-7.934424652640316
-12.59935045302889
-21.887158949237616
-7.549567561979425
-0.6512293844711088
1.8197192959847452
-11.750979031451996
-4.362000761446963
1.4828879280045502
1.2319170321344888
-7.245355742858801
-10.635541135640938
12.95958612574229
20.17999889199834
11.852733735650435
10.18511722776473
5.679184844467912
5.668340044502342
4.034394592463338
3.552165646816775
6.454535913794628
3.9335753311577997
2.249953735995197
-0.29842898188293177
1.3683204284157753
4.160844392679304
11.641594896811693
7.372827555202296
-0.3865269775110074
4.021488133760332
-0.09689545828154289
0.13301155738424963
-0.49893099737234614
5.468518485246806
5.923190551244827
2.3607874445941293
3.6119948435809497
0.5216151826224074
1.9133857673419423
6.059769890244837
1.9338350626956164
3.3109206939147633
2.9560609293367097
4.762779599514818
1.1935078174422797
3.3419759256815396
4.680560297920168
1.8596814296494482
0.17330786846164759
-0.02550104418155491
0.9110330760159652
1.7496680369700577
-0.42449241237424284
-0.5569424891469908
2.6593148313760744
2.442297212894424
3.821181225426855
4.691616786781355
2.0804675243045097
-0.8917237578050485
1.0700504393349655
5.2605787403831075
0.8987288083124998
1.027630927299875
2.7274736322694744
4.265295042876664
3.495671260046026
0.985442625426536
0.44361805999758097
-0.7055502439075574
2.3413210479494317
1.9599117013555527
1.0939403405639632
2.4498690693319487
4.006438782050218
0.8307340219439237
3.883381562511892
1.5117107482446217
3.63649309806431
2.9338413263251066
0.04347260708400147
-0.31392195281125534
3.0672704014348513
-1.2964780254371464
1.9766846621317113
2.870665036430891
1.5369205852275991
-0.6221548594682256
0.628712274270022
0.680089826116685
3.600843616347297
-1.2608859937095627
5.062889141547194
2.1064450818138116
0.8451167085311113
0.9349929457978845
2.3639571767437175
-1.691298484946702
1.449713830365989
-0.2453021013820078
6.315509764334486
2.687105331809378
1.0705835941805786
-2.3509842443157574
-0.595798854212088
2.8686041739861032
1.3972588493020783
-1.1023985972490067
0.82224978969006
0.35839453041663716
3.7667938287501412
2.6824591966186855
1.5682923573315364
6.183104427733029
3.610685671950795
0.09408374536095199
3.338677529524257
1.4534538021087435
-1.4638692208197321
3.1982037575700852
-0.014212932953199253
3.6275795497339747
0.5010314255350408
8.596900180770488
-2.4077810686390486
3.618822649715277
1.0102382973107265
5.69996290037447
3.209459227588783
4.553407829819863
-4.987521190784122
1.3577038029443342
-0.392863204621283
0.30972077756545335
2.045138184643819
1.7986725240946433
1.052137345978773
2.4812572225133156
0.9589866172028131
1.4889299188677443
2.6649339713167612
5.842693419931315
1.6344685685089768
-1.0448738651200928
3.1948338620779135
6.0416372441404915
1.1851998725456392
-1.3933000743605692
1.883414246165896
3.39099614754107
-2.60983621986248
-3.9640372116379643
5.194094662913772
0.8792613044473998
0.6136068418830174
-1.6732981366693376
1.4564120371806146
0.1118197834431236
2.555117925240999
3.9074267897263133
-0.8155831387677912
2.5590455384785944
8.686772671765143
3.119334506234303
-1.2618173092344325
0.7245395581029151
5.367081029008999
-0.5181382367733911
1.6400454007809069
-1.4248965895550971
1.6547278874797138
1.5207409010085802
3.499907137086857
-1.768048683204948
2.6808282987736023
3.67345140357606
1.7462378810685018
0.9382603817663071
-1.3034816210234885
5.535163627663479
-1.3034816210234896
0.9382603817663049
1.7462378810685042
3.6734514035760615
2.6808282987736023
-1.768048683204948
3.499907137086853
1.520740901008581
1.6547278874797178
-1.4248965895550973
1.6400454007809067
-0.5181382367733858
5.3670810290089985
0.7245395581029141
-1.2618173092344334
3.119334506234302
8.686772671765143
2.559045538478591
-0.8155831387677888
3.907426789726314
2.5551179252410043
0.11181978344312948
1.4564120371806153
-1.6732981366693371
0.6136068418830161
0.8792613044473947
5.1940946629137725
-3.964037211637963
-2.609836219862481
3.3909961475410704
1.8834142461658925
-1.3933000743605697
1.1851998725456387
6.041637244140492
3.194833862077913
-1.0448738651200964
1.6344685685089804
5.842693419931315
2.6649339713167612
1.4889299188677405
0.9589866172028173
2.4812572225133143
1.0521373459787737
1.7986725240946433
2.0451381846438244
0.3097207775654558
-0.3928632046212843
1.357703802944334
-4.987521190784118
4.5534078298198635
3.2094592275887788
5.699962900374471
1.010238297310731
3.618822649715283
-2.4077810686390477
8.59690018077049
0.5010314255350424
3.627579549733975
-0.014212932953196145
3.198203757570084
-1.4638692208197281
1.453453802108743
3.3386775295242574
0.09408374536095199
3.6106856719507934
6.183104427733029
1.5682923573315382
2.682459196618689
3.7667938287501412
0.35839453041664016
0.8222497896900618
-1.1023985972490067
1.3972588493020783
2.868604173986107
-0.595798854212088
-2.350984244315759
1.0705835941805821
2.6871053318093816
6.315509764334483
-0.24530210138200292
1.4497138303659878
-1.691298484946702
2.3639571767437193
0.9349929457978854
0.8451167085311126
2.1064450818138067
5.062889141547196
-1.2608859937095627
3.600843616347296
0.6800898261166886
0.6287122742700193
-0.6221548594682265
1.5369205852276
2.870665036430891
1.9766846621317122
-1.2964780254371455
3.0672704014348566
-0.3139219528112558
0.04347260708400369
2.933841326325105
3.636493098064313
1.5117107482446233
3.8833815625118957
0.8307340219439254
4.006438782050223
2.449869069331949
1.093940340563964
1.9599117013555514
2.341321047949436
-0.7055502439075565
0.44361805999758364
0.9854426254265358
3.495671260046026
4.265295042876663
2.7274736322694797
1.0276309272998772
0.898728808312503
5.260578740383112
1.0700504393349706
-0.8917237578050439
2.0804675243045088
4.6916167867813545
3.8211812254268533
2.442297212894425
2.659314831376074
-0.5569424891469912
-0.4244924123742452
1.7496680369700581
0.9110330760159648
-0.025501044181555965
0.17330786846164425
1.8596814296494462
4.680560297920167
3.3419759256815356
1.1935078174422813
4.7627795995148166
2.956060929336713
3.310920693914762
1.9338350626956147
6.059769890244835
1.913385767341945
0.5216151826224089
3.611994843580948
2.3607874445941306
5.923190551244825
5.468518485246811
-0.49893099737234514
0.13301155738425274
-0.09689545828153556
4.0214881337603385
-0.38652697751100673
7.3728275552022975
11.641594896811696
4.160844392679308
1.36832042841578
-0.29842898188292466
2.249953735995203
3.9335753311577992
6.454535913794628
3.5521656468167757
4.034394592463345
5.668340044502347
5.679184844467918
10.185117227764735
11.852733735650443
20.179998891998352
12.959586125742312
-10.635541135640926
-7.245355742858793
1.231917032134499
1.4828879280045635
-4.362000761446948
-11.750979031451978
1.8197192959847581
-0.6512293844710941
-7.549567561979417
-21.88715894923761
-12.599350453028872
-7.934424652640305
-27.919757413376555
-43.902898930324426
-35.24574855145802
-13.9644833512568
-11.771146481059098
2.838170396202777
2.3481158439096124
-0.15971431052457707
-25.870438651205973
-16.55376209342949
-9.28569934190655
-7.7940933872147085
-9.10789566416916
-5.864693253394056
-5.1677980081166845
-6.682192698111005
-0.8346578850737574
-7.724801036400617
-3.94077325259084
1.716031031832578
-4.44830913722447
-2.9126053608088074
-5.1504356844630035
-3.6961087721763146
-1.469709685985916
-0.15975101208515308
-1.289592678104993
-0.1942666925362695
-1.7710392502686678
-3.4205150679398786
-1.5289718021595657
-1.3100837184681149
-3.6176519979353285
-1.653237012238321
-0.6983487943032365
-0.9000506258232562
-0.8494119480588038
-0.013862449959040735
-0.636750440886344
-0.10780911975346807
-1.0133705863892803
-2.2894891086303484
-0.35295129969501726
-1.2685377229809767
-1.2844186611974933
-0.36358385259837367
-0.1293975425315863
-0.6403675769740831
-2.2906151391052534
-1.779751174134152
-2.1045698412308544
-2.318745202713071
-1.7528217256877876
-2.1595150360042323
-1.6662380416425353
-1.2041564277069035
-0.5584427160567533
-0.08019696708696866
0.3200471262880813
0.47710877536293417
0.3902482308900441
0.1365205028280858
-0.19430212314607653
-0.5016089640505301
-0.7322731766759412
-0.8053980485074463
-0.7337421851542376
-0.5591975622728065
-0.3332406137003745
-0.12963576579270897
0.0071855231034584355
0.04216413716722678
-0.015041496719632175
-0.13315912847684452
-0.273987877239732
-0.3805577287898563
