3.1733914981263123
2.8415992729622994
2.7285600280879985
2.5913726911915766
2.4416884052234913
2.3369529767215824
2.300650338411769
2.3336086353646524
2.4261284020157534
2.538728231942405
2.62802587099726
2.650524749114184
2.580371591123847
2.4431552507736196
2.210364658284671
2.0086043049075872
1.7666996735836635
1.7053546251489977
1.6610269585472484
1.6489298067207128
1.809136477249368
2.0178683683508045
2.2065155908459557
2.126549227759016
2.120980874358432
1.4750157490181992
2.0887433783510483
2.37629601134757
1.9682902002225708
2.4486695617820393
2.542921367309741
1.2438363799641572
2.23731342636472
2.689467371179329
2.531891741649332
2.9334244596035304
3.589163836625278
2.48860229749573
2.9470330999959633
0.40716211257677937
4.035616381599123
4.5830899720012885
5.015839421104777
4.545225824007527
8.81308701926643
0.4484597674565105
4.135168879625868
4.750260473765287
6.658058782640017
4.068147640307795
3.9462421862137567
2.969591227165863
4.018619757580317
5.621415010492588
5.749386055708873
5.628942851836587
5.22053476984327
2.72083659529275
8.395976605822261
4.953626780104967
5.120867259774624
3.553897830100069
7.047372523709545
11.016452448084404
8.05061769523088
9.529921516816177
9.562415245962253
22.258725535040483
27.619070359615833
-0.8117103584893218
-2.569949432792788
4.63281371433463
17.879495339758844
24.16330012823098
38.6618795832716
32.07199989247114
10.414745804527193
1.9417542926543017
-12.605549414300931
10.109496402581613
-3.4866887289062145
-6.395689196107684
-4.21532869039539
-3.745843561301789
-11.064871694235864
-12.721741480913206
-10.450788266719709
-5.861358495394969
-14.190461383509469
-37.776450580739684
-20.66422093157799
-9.6818706292391
-12.494877294150172
-3.708255805341511
-6.984831870638873
-4.893325539234377
-3.8840140157687393
-3.2245791607289354
-2.8895095703361884
-4.7550281173568685
-5.687473470600805
-9.539050902890173
-6.77476148891365
-0.8199104821866563
1.5505857982416793
-0.7440751005286127
-2.5235292025109706
-5.85565493543371
-0.31051535050877777
-2.4636714171103047
-3.1493503343382248
0.4944130541487202
-4.563736983185141
-3.6718509872327596
-1.7670307047932898
-6.21122343189394
-1.0630508590362548
-4.170270020676144
-2.7038401400938987
-4.094657661584109
-1.6568740693472759
-3.3025345743671957
-5.6657821935520545
-0.9833346344785296
-2.196737463406754
-0.5108419693103248
-0.3898010256200546
-0.8414514292962743
-0.3426938474035642
-4.419895483339316
-1.237767512224496
1.3357170938163307
-1.2760311047886825
1.319357660449295
-1.2941083119951418
-3.6484522986413728
-3.9808219010006467
-2.0253645317399513
-0.5591547860555024
-5.111472409959724
0.7006541156571868
-0.4906642804851513
1.066905934741425
-1.6908762922570337
-0.3610614901204263
-0.8078545449372998
-0.37563460742511645
-0.9204527062682083
-2.067621680300612
0.23375513668538916
2.5826073492599866
1.3012771748523395
-3.8425779788672276
-4.073265055640638
-3.064078673950978
-0.9823870211921832
-2.50084096235371
-0.16499351621365044
-4.5731978784847716
-2.255749033737965
-2.639594802699858
-2.543680122583911
-2.3934650513144464
-0.6923304918718896
2.6136677379470967
0.08604635335745048
-2.5640682273088053
-1.3655722405222335
-1.2451362737487006
0.2987521568125002
-6.736353092567172
-0.8798449158406347
2.735441488157999
2.6997846625242445
0.11307376108818801
-0.39207684028076484
-4.038111229683888
-0.3042339398406284
-1.3622388996801336
-4.276292826553967
-1.4830122430051675
-1.4923384306437697
4.002729030404101
-2.7321419444735717
-2.155445757541388
-2.5554433012425126
-5.1535879753366105
2.6914631612302897
1.10216510400533
-0.8799435184471918
-5.7104747172818
-1.167571307786397
-2.0816144424064706
-3.106677639706243
0.6680792772554947
-2.789647231061898
-3.500759877322124
-1.359412330032849
1.2798445173729953
-4.138801721049276
-3.4685777489090794
-0.6741827908631945
0.12243098793638518
0.2764376419089656
1.4816708247673374
2.335266357447217
-1.341407250122467
-3.9846274533053085
-2.0417277681196846
-2.9154753513461995
-0.7150325651945764
2.804214456198075
3.9861877551830363
-2.526870343542505
1.7490025294323817
-1.8264102535812032
1.9585951809318916
-0.6195242707682631
-2.9830281172644244
-2.3416835177663984
-0.6109488728473915
0.16453597938825326
-3.3387682293691516
0.9600505678405794
0.21854523841831108
1.7408406073960874
-0.9114868819864299
-2.6603349953106328
-5.749647777604869
-2.041448079360292
0.002699704562176164
0.42958540602019313
0.6348677715860116
-4.973336297133736
1.8765545282753204
-6.66612563125657
2.5934021478476845
-1.9638902898654944
-0.41620495869444785
0.598789548127882
1.9563366951426926
-1.0459352502591106
0.2558891743330882
1.0640797714736083
0.9805395219278639
-3.995777570609423
0.3206308803117801
0.00882272595377609
2.132230014001164
1.0000996801337478
-1.8238664365416795
2.5847116095119365
-3.0708932722072007
-3.5260380626896755
-1.467294853191508
2.0174839141679044
-3.7054920237770324
2.0174839141679
-1.4672948531915084
-3.5260380626896772
-3.070893272207205
2.5847116095119396
-1.823866436541677
1.0000996801337538
2.1322300140011636
0.008822725953778754
0.32063088031177966
-3.995777570609424
0.9805395219278619
1.0640797714736083
0.2558891743330888
-1.0459352502591133
1.9563366951426935
0.5987895481278849
-0.4162049586944475
-1.963890289865493
2.5934021478476885
-6.66612563125657
1.8765545282753202
-4.973336297133739
0.6348677715860114
0.4295854060201927
0.002699704562180605
-2.0414480793602916
-5.749647777604868
-2.6603349953106363
-0.9114868819864284
1.7408406073960887
0.21854523841831108
0.9600505678405779
-3.3387682293691494
0.16453597938825437
-0.61094887284739
-2.3416835177663944
-2.9830281172644235
-0.6195242707682506
1.9585951809318973
-1.8264102535812057
1.7490025294323803
-2.5268703435425035
3.9861877551830363
2.804214456198073
-0.7150325651945739
-2.915475351346199
-2.0417277681196846
-3.9846274533053085
-1.3414072501224674
2.335266357447218
1.4816708247673374
0.2764376419089638
0.1224309879363843
-0.6741827908631959
-3.468577748909081
-4.138801721049273
1.2798445173729918
-1.359412330032848
-3.5007598773221247
-2.7896472310618985
0.6680792772554929
-3.106677639706241
-2.0816144424064706
-1.1675713077863987
-5.710474717281801
-0.8799435184471935
1.10216510400533
2.6914631612302893
-5.153587975336613
-2.5554433012425095
-2.155445757541391
-2.732141944473568
4.002729030404097
-1.4923384306437733
-1.4830122430051729
-4.276292826553966
-1.3622388996801371
-0.3042339398406302
-4.038111229683893
-0.3920768402807644
0.11307376108819067
2.6997846625242463
2.7354414881579974
-0.8798449158406365
-6.7363530925671675
0.2987521568124989
-1.2451362737486997
-1.3655722405222335
-2.5640682273088053
0.08604635335744959
2.6136677379470967
-0.6923304918718873
-2.3934650513144446
-2.543680122583913
-2.639594802699858
-2.255749033737964
-4.573197878484768
-0.16499351621365044
-2.500840962353708
-0.9823870211921832
-3.064078673950978
-4.073265055640637
-3.842577978867228
1.3012771748523404
2.5826073492599884
0.23375513668538916
-2.0676216803006113
-0.9204527062682123
-0.37563460742511956
-0.8078545449373011
-0.3610614901204259
-1.6908762922570342
1.0669059347414296
-0.49066428048515043
0.7006541156571842
-5.111472409959726
-0.5591547860555044
-2.0253645317399567
-3.9808219010006507
-3.648452298641375
-1.2941083119951418
1.3193576604492956
-1.2760311047886832
1.3357170938163307
-1.2377675122244964
-4.4198954833393165
-0.34269384740356496
-0.8414514292962756
-0.38980102562005414
-0.510841969310325
-2.1967374634067465
-0.9833346344785263
-5.6657821935520545
-3.302534574367191
-1.656874069347277
-4.094657661584107
-2.7038401400938956
-4.170270020676144
-1.0630508590362562
-6.211223431893937
-1.767030704793294
-3.671850987232755
-4.5637369831851435
0.4944130541487193
-3.1493503343382185
-2.463671417110307
-0.3105153505087822
-5.85565493543371
-2.523529202510976
-0.7440751005286094
1.5505857982416755
-0.8199104821866547
-6.77476148891365
-9.539050902890171
-5.687473470600812
-4.75502811735687
-2.889509570336191
-3.2245791607289362
-3.8840140157687393
-4.893325539234379
-6.984831870638876
-3.7082558053415124
-12.494877294150179
-9.6818706292391
-20.66422093157799
-37.776450580739684
-14.190461383509477
-5.861358495394982
-10.450788266719716
-12.721741480913224
-11.064871694235876
-3.74584356130181
-4.215328690395399
-6.395689196107698
-3.4866887289062234
10.109496402581595
-12.605549414300956
1.941754292654287
10.414745804527168
32.07199989247111
38.661879583271585
24.163300128230983
17.87949533975884
4.632813714334631
-2.5699494327927894
-0.8117103584893334
27.61907035961583
22.258725535040483
9.562415245962253
9.529921516816177
8.05061769523088
11.016452448084406
7.047372523709545
3.553897830100067
5.1208672597746245
4.953626780104966
8.395976605822263
2.720836595292746
5.220534769843266
5.628942851836588
5.74938605570887
5.621415010492586
4.018619757580313
2.9695912271658638
3.946242186213757
4.068147640307791
6.658058782640017
4.750260473765291
4.135168879625867
0.44845976745650895
8.81308701926643
4.545225824007533
5.015839421104781
4.583089972001293
4.035616381599122
0.40716211257678125
2.947033099995964
2.4886022974957305
3.589163836625281
2.9334244596035326
2.5318917416493334
2.6894673711793295
2.23731342636472
1.2438363799641559
2.5429213673097397
2.4486695617820384
1.9682902002225728
2.3762960113475677
2.0887433783510483
1.475015749018196
2.1209808743584313
2.1265492277590163
2.206515590845957
2.0178683683508045
1.80913647724937
1.6489298067207132
1.6610269585472506
1.7053546251489975
1.766699673583664
2.0086043049075872
2.2103646582846688
2.4431552507736187
2.580371591123847
2.6505247491141795
2.628025870997261
2.5387282319424043
2.4261284020157556
2.3336086353646506
2.300650338411766
2.33695297672158
2.4416884052234904
2.5913726911915766
2.728560028087998
2.8415992729622976
