2.343820759698212
2.0412424442362744
2.052313819079847
2.070331068769695
2.062038133791433
2.0374753852010095
1.9923075893660243
1.9381404115542773
1.8934251810352225
1.8764179618269308
1.9151367673044302
2.0080640714570204
2.1511224759211607
2.334324219949543
2.494244462371007
2.6492287566896007
2.7232366100159684
2.677335608834383
2.5390913127138264
2.5870343492555716
2.1075600910442556
2.5191022576249646
1.989689821962025
2.2783266597172265
2.2251281931678895
2.7567741053659596
2.376755354886266
3.4973620916632298
2.2205336387115158
2.3656637266315235
3.151701270493476
2.561223161610367
2.01375852284252
3.173735661907144
1.655332067346425
2.9954566839231105
5.359167983233306
0.7652698377398064
4.211636335539078
5.10458835806308
2.024257547335975
6.547171856229626
4.836004094860133
4.789116024328177
1.546051229207074
4.492423490990696
2.0094397381402143
3.1675410973158074
5.023258332194215
5.994140514177082
3.0417099070282823
2.974326956575374
4.930644717891084
5.420230240003612
2.441935302550717
6.011542478592522
5.874253240776101
4.019358362680392
4.235403603999257
2.829518567639387
5.2850990088517005
7.764752804060591
5.794010633216701
9.84680378637908
8.94923019000994
13.172314580743592
10.870414049928698
18.074741529790913
26.16050168697103
-2.993056477752524
-4.341713926215382
0.23533489076086878
20.573725190619307
21.444317540410623
42.69010842496478
30.288104421295124
7.676612732823672
-0.38393898083655253
-16.049977436171886
7.199662806105727
-8.251643007761093
-7.921497854225398
-3.5238817666805016
-9.096058928138056
-11.417461701053272
-13.211931451591454
-14.142193220235528
-5.960117036456671
-13.265156390108132
-38.22553305048132
-16.943238292868827
-5.326444197563975
-6.653345984004063
-5.887201117262472
-6.262525842463499
-9.529249849799506
-1.6798645651608768
-5.184807444029369
-2.499088469574965
-2.796679961548874
-3.326170616759159
-13.131235389050236
-9.588267273588496
-4.053862903120185
1.3756609175225
-6.151908725210587
0.09821734837637647
-2.2597766880256103
-1.8826796622045028
-5.75670403372392
-2.393165793084273
1.310133350738281
-4.311448771737928
-3.677424737123334
-1.027262978496867
-2.2748246374012235
-4.420529786919692
-2.0139298530030656
-2.7455754671328387
-4.267953091777991
-3.1711058194100503
-2.3477913502673666
1.3115698234747644
-4.022563889902218
-3.157836883887458
-6.369232874280534
-3.3544103478660734
-1.1656647895263827
0.32753316312544584
-4.849991175445429
-3.2410812300302703
0.45318839779016784
0.22022031667581432
1.1247342027865712
-2.806241634734516
-1.018768085227368
-1.280778479235679
-2.6717875433160696
0.13895324691927513
0.2642917149554235
-0.7997733160026701
-2.2758110249546206
1.3369903762042907
-0.8415677017232153
-1.3997093027507925
-0.6777777503495591
-1.9535559946518246
-0.044734757055358454
0.24128975757783866
-0.4631426862953619
-0.8330499762369707
-0.5887416651591444
-3.3014091696338976
-2.499675642192927
-0.6032324423320015
-3.6230238609309193
-2.291128107940711
0.5142257819861404
-3.5770802083578896
-0.18153619326119141
-0.050156724830657584
-0.9071704955409912
-3.8431569939529617
1.9116498359508654
0.7345622430752767
-2.785424353789634
-1.857750974731223
-0.4089184893824296
-2.402424236874946
0.2954062644856208
2.7849745701518795
1.9925153902703485
1.5328959767030268
-3.228704385196223
-1.907100390670173
-1.7431595766713945
-0.9436397037508941
1.1377616132300674
-1.0938711797413063
-0.5216485886631098
1.9038964630136164
-0.633316439192777
1.8068815304347936
-0.5551449865323335
-0.1653144184458739
-1.832530032360485
-0.8282549390207083
-3.9364887433155396
-3.3222315799511453
1.8512918362889401
0.6927392040903682
0.21764931759637474
-2.3451987827278145
-1.3439156291140595
-0.15984123525177507
0.9822340996089967
-1.9677422514770848
0.12851704809379694
-0.7186236779179529
-2.796065090735413
-4.347664913132694
0.6735931309406733
1.467567485556358
-2.58095377544727
3.4849737434829446
-1.4439280357138502
0.9236580574254241
-2.5355193429220018
-7.988240912329548
0.05637542542499152
-1.1935606375593777
4.816622762777767
2.0588098290775445
-2.4598823656604787
-0.49815227485808444
-6.629725092093143
1.55130984043838
1.939480265539724
-4.736469989453866
-3.936297390161368
-0.7210555843402209
1.5423236061309735
-0.7872689423387642
-3.7844391852168666
-2.4204826983102725
-3.8525739531031
2.894791912558131
-1.3906274459886638
3.886855862793606
1.0946160128080071
0.41888347141988813
-0.9249126120355902
-4.573592148344236
2.693821541089925
-0.2492350279914075
-1.4429579416673164
0.6814356496597291
-3.626597983197784
-0.8684610910221996
-1.575184474536972
3.7350937870358836
-2.967568636766152
-1.1356249972613686
-4.724948308332256
1.8572483913248585
-0.27103066293384526
-3.966116144308706
1.4823338296772672
-4.596115117825984
0.7488922333225345
0.6447750271663664
0.3400966461044197
0.5649250264851653
-2.590255648267509
0.5633133169619935
-3.974851658108961
5.023485469164444
-3.9748516581089652
0.5633133169619967
-2.59025564826751
0.5649250264851619
0.34009664610442325
0.6447750271663666
0.7488922333225354
-4.596115117825985
1.4823338296772681
-3.966116144308705
-0.2710306629338496
1.8572483913248568
-4.724948308332252
-1.135624997261366
-2.9675686367661545
3.7350937870358845
-1.57518447453697
-0.8684610910222015
-3.626597983197781
0.681435649659735
-1.4429579416673164
-0.2492350279914105
2.6938215410899247
-4.573592148344237
-0.9249126120355877
0.4188834714198908
1.0946160128080076
3.8868558627936056
-1.3906274459886658
2.894791912558133
-3.852573953103101
-2.420482698310272
-3.784439185216864
-0.7872689423387644
1.5423236061309678
-0.7210555843402187
-3.936297390161368
-4.736469989453864
1.939480265539731
1.5513098404383845
-6.629725092093146
-0.49815227485808045
-2.459882365660476
2.0588098290775436
4.816622762777767
-1.1935606375593755
0.056375425424990855
-7.988240912329549
-2.535519342922
0.9236580574254218
-1.4439280357138449
3.4849737434829535
-2.5809537754472736
1.4675674855563559
0.6735931309406724
-4.347664913132698
-2.7960650907354143
-0.7186236779179547
0.12851704809380005
-1.9677422514770853
0.9822340996089958
-0.15984123525177463
-1.3439156291140621
-2.3451987827278145
0.21764931759637207
0.6927392040903646
1.8512918362889437
-3.3222315799511435
-3.936488743315542
-0.8282549390207099
-1.8325300323604836
-0.1653144184458757
-0.5551449865323317
1.8068815304347972
-0.6333164391927788
1.9038964630136106
-0.5216485886631117
-1.0938711797413125
1.1377616132300643
-0.9436397037508986
-1.7431595766713994
-1.9071003906701742
-3.228704385196223
1.5328959767030277
1.9925153902703485
2.7849745701518867
0.2954062644856199
-2.402424236874946
-0.4089184893824296
-1.8577509747312213
-2.785424353789634
0.7345622430752785
1.9116498359508665
-3.843156993952962
-0.9071704955409894
-0.050156724830657806
-0.18153619326119141
-3.577080208357887
0.51422578198614
-2.291128107940708
-3.62302386093092
-0.6032324423320006
-2.499675642192926
-3.301409169633899
-0.5887416651591475
-0.8330499762369687
-0.4631426862953604
0.24128975757783955
-0.0447347570553589
-1.9535559946518242
-0.6777777503495613
-1.3997093027507927
-0.8415677017232184
1.3369903762042954
-2.275811024954621
-0.7997733160026681
0.2642917149554169
0.13895324691927358
-2.671787543316076
-1.2807784792356842
-1.0187680852273733
-2.8062416347345156
1.124734202786568
0.22022031667581587
0.45318839779016784
-3.2410812300302716
-4.849991175445429
0.3275331631254455
-1.165664789526386
-3.3544103478660703
-6.369232874280534
-3.157836883887453
-4.022563889902214
1.3115698234747648
-2.347791350267359
-3.171105819410053
-4.26795309177799
-2.7455754671328343
-2.0139298530030634
-4.420529786919692
-2.2748246374012213
-1.0272629784968708
-3.677424737123336
-4.311448771737929
1.3101333507382829
-2.3931657930842674
-5.756704033723922
-1.8826796622045086
-2.2597766880256143
0.0982173483763733
-6.1519087252105855
1.3756609175224987
-4.053862903120183
-9.588267273588492
-13.131235389050238
-3.326170616759164
-2.796679961548876
-2.499088469574966
-5.1848074440293725
-1.679864565160877
-9.529249849799506
-6.2625258424635
-5.8872011172624745
-6.65334598400407
-5.326444197563979
-16.943238292868827
-38.22553305048132
-13.265156390108139
-5.960117036456685
-14.142193220235535
-13.211931451591468
-11.417461701053284
-9.096058928138078
-3.5238817666805127
-7.921497854225415
-8.251643007761103
7.199662806105708
-16.04997743617191
-0.3839389808365655
7.676612732823649
30.288104421295095
42.69010842496478
21.444317540410623
20.573725190619307
0.23533489076087144
-4.341713926215385
-2.993056477752538
26.16050168697103
18.07474152979091
10.870414049928698
13.172314580743592
8.94923019000994
9.846803786379079
5.794010633216699
7.76475280406059
5.285099008851701
2.829518567639389
4.2354036039992575
4.019358362680391
5.874253240776096
6.011542478592519
2.441935302550711
5.420230240003608
4.93064471789109
2.974326956575375
3.041709907028281
5.994140514177084
5.023258332194212
3.167541097315808
2.009439738140216
4.492423490990694
1.5460512292070732
4.789116024328184
4.836004094860138
6.547171856229627
2.024257547335976
5.104588358063091
4.211636335539076
0.7652698377398028
5.359167983233306
2.9954566839231163
1.6553320673464282
3.173735661907145
2.0137585228425205
2.561223161610367
3.1517012704934766
2.3656637266315244
2.220533638711518
3.497362091663228
2.376755354886268
2.756774105365956
2.2251281931678886
2.278326659717227
1.9896898219620276
2.5191022576249624
2.1075600910442605
2.5870343492555694
2.5390913127138273
2.677335608834381
2.72323661001597
2.6492287566896033
2.494244462371004
2.3343242199495426
2.1511224759211607
2.008064071457018
1.9151367673044295
1.8764179618269317
1.8934251810352256
1.938140411554275
1.9923075893660191
2.0374753852010086
2.0620381337914346
2.0703310687696943
2.0523138190798456
2.0412424442362753
