160.64121745187353
169.27112218476498
177.24245412841793
184.19319535850292
190.08482033132094
195.78614901844944
202.67040005769218
211.06163775042407
219.6430957899024
226.94397299838496
232.83586011738214
238.02278235184716
242.7677844794067
246.93665047538252
250.8083228383867
254.96081948936313
259.50673405048707
264.078880695625
268.5175576685335
273.0999023632048
278.05784747545493
283.1715783941621
287.9069448520031
291.8133929963317
294.83304131304897
297.44534327769827
300.46567035209165
304.2792351004262
308.12710509599754
310.6817522018501
311.70393918859924
312.5837475761636
314.71804262326987
317.93950539696215
321.21934596185656
324.2578643259397
327.3951789515567
330.38377055159845
332.37181402278367
333.12725616527223
333.5363920789913
334.7921431590324
337.45416358488376
341.1826914903949
345.0444345638019
348.1959647909169
350.55083515718684
352.72444533451045
355.2404126142361
358.0160391086422
360.77215982533346
363.6212800672465
366.8559502310222
370.31690705513455
373.4522881245271
375.97124710985474
377.92393378747386
379.1681869973059
379.4958201809498
379.45964954727395
380.2672833399101
382.44763561687387
385.2518484472479
387.7259974258366
389.7703756058771
391.7983302077485
393.9320280557894
395.965542103137
397.7680432232508
399.34561582115623
400.5971482503329
401.2423522662486
401.1809930247035
400.9867665015125
401.70806865106846
403.7543815645869
406.1877572840141
407.62785032815253
407.69221775663425
406.9997641610921
405.9749262081779
404.42022462368124
402.3189492368599
400.34229833664466
399.2533161356009
399.2092386045722
399.88058172248566
400.94370600867103
402.2218668807579
403.54199867773195
404.6680767271239
405.341357377597
405.38895449764345
404.9251958547482
404.4055619137092
404.2793275759124
404.5667428986473
404.8924236751477
404.8957901663746
404.55287183935775
404.2284563758182
404.4393887013946
405.33822642973365
406.4171985178116
407.04354893792873
407.3037034535524
407.8989861778002
409.13330661662445
410.49247692283006
411.43480739811577
412.1445092091594
413.1151214573133
414.2219286120363
414.65172839474275
413.83653142650144
412.21495676629337
410.8765802644177
410.5042345571496
410.8128590171857
411.01658340486784
410.7020060290895
410.2222855539661
410.33718834427134
411.44253233386445
413.05582566749473
414.16367818365785
414.24787480924977
413.8755472364131
414.11697224985204
415.5439811265938
418.00111222137764
421.08528533912244
424.4273394187865
427.6663072990928
430.7306208688974
434.2912950215469
439.48332968664175
446.80388677791893
455.3612230044895
463.418526357783
469.7467785133765
474.5069437195079
478.9695894635082
484.4931908230152
491.72882346500177
500.5998367513346
510.67700085127984
521.2090643821805
530.854511579477
538.0195830301674
542.059754999154
544.0485458268322
545.8595652343489
548.3915317948212
550.961031219057
552.3233337182526
551.8116936748029
549.4761850597132
545.6967280573052
540.9699195808364
535.7437336064987
530.1027460070492
523.6434470199977
515.814990801558
506.4740776073007
496.2222494411745
486.282763227455
477.97146405205837
472.1614383001787
469.2064053000861
469.321412208371
472.9329304291713
480.60083349328846
492.5591631657886
508.16200376736504
525.5163268999063
541.6406611096543
553.4829372871154
559.5260257768783
560.7702463053661
560.0495419567358
560.3135413233774
563.5718732048232
571.044828404057
583.5639021509935
601.632970128258
625.509915697549
655.310377882406
690.7369053564571
730.8988006716578
774.9376033905326
822.7283892993529
874.4132913149282
929.3281077268316
985.9641391631809
1042.9481106444293
1099.4689675917068
1154.7007332584792
1207.4352434934744
1256.5999763493226
1301.8107757043285
1343.1421396197206
1380.5622317226878
1413.9182796286948
1443.4921170897603
1470.2625153202628
1495.2519057409274
1518.545541535681
1539.288587265358
1556.8758299483356
1571.7865498991132
1584.8676328935758
1596.2545441469024
1605.7829144902698
1614.276365765998
1623.4885547226068
1634.6077862529398
1647.5951844663648
1662.2168176584162
1678.9026836247872
1698.0437875386024
1718.9154840338276
1739.8345755150833
1759.2736106959762
1776.6748370391322
1792.4351869138575
1807.2765666377857
1821.4816236806644
1834.6994235706006
1846.5927043355896
1857.4797305806228
1868.074096103142
1878.8176366993741
1889.8134663809294
1901.1388588461114
1912.69096541488
1923.781387617822
1933.312912656912
1940.4343439356908
1944.8976474652513
1946.96007450736
1947.2273569346773
1946.5283445740333
1945.6205757844791
1944.787614650666
1943.72914837702
1942.0290776802092
1939.8282572533635
1937.8573130134582
1936.6920538152378
1936.2488372164778
1936.1965292495404
1936.5012606977778
1937.2152939409361
1937.9678375789642
1938.0184571759949
1936.7977484248197
1934.3266281774443
1931.106859999361
1927.393347520688
1922.4972818331144
1915.2430291588755
1905.2726897993582
1893.2023056289904
1879.11113549452
1861.684168791013
1839.447399714448
1812.0955641334494
1779.912796262662
1742.5821061252873
1699.3073908630963
1649.5259345992793
1592.85990819693
1529.065873044591
1458.941955049084
1385.0032712470709
1310.6929757145342
1239.2824852708893
1173.920750777656
1117.935844654379
1073.9628825675554
1042.8128686018401
1023.8314958925306
1016.1945180290131
1019.2489541820132
1031.8654419131956
1052.2620432374192
1078.4303669294777
1108.1465314224777
1138.7919212797608
1167.9423781923965
1194.0476376386907
1215.8088545000196
1231.0391788080196
1237.123281112185
1232.8645632891732
1219.0201506513179
1196.3594114690923
1163.767390995409
1119.4493644639101
1064.3334953937854
1003.2487923328927
941.7062654458252
881.9721906935788
823.4500260837534
766.6997149171222
715.5980254278375
674.9216879250914
646.6305946680416
629.2141012100192
620.3055730862735
619.2340881356722
626.8777388559
643.6601187292833
668.6872836591781
701.1511182304068
741.6674459368784
791.2937603689475
849.5629736742242
914.3752405654528
983.8113203679004
1057.252751026076
1134.2180155933165
1212.2620080336042
1286.6031190431042
1352.4134102210703
1407.510229218519
1452.4145825803776
1488.0968229859113
1514.7265407609507
1532.664462822879
1543.2665146963493
1548.0502920637412
1548.1600631450067
1545.3334726044066
1542.2621159141966
1540.8801001833438
1540.7055485426993
1539.396410080297
1534.3173592063758
1523.2020492647325
1504.6568858180528
1479.8718985640182
1453.9020158537046
1433.5335171442243
1422.6547944938618
1420.347901189671
1424.179804567091
1433.6883481020225
1448.4394885325353
1464.2031339722967
1475.39135113121
1482.042232203841
1490.1728620949455
1503.0685571292076
1515.9093217258912
1521.9549110754062
1520.8814438911425
1517.5797465501437
1515.4491748089122
1514.7492806572216
1515.3968447739462
1517.063548476881
1517.4051229578179
1513.7677592899083
1506.4748581898953
1498.3735584809176
1491.9772598144066
1488.3503704388906
1486.8860003851792
1484.5777097872592
1477.6816589011623
1465.9292267114358
1453.206305539999
1442.6034131827791
1432.7197555672165
1420.039462250602
1402.8965262990425
1381.8935784960258
1358.3424145163888
1333.6597611190339
1309.0053350132446
1284.3511897877238
1258.4118040633966
1229.845578514094
1198.176797225289
1163.8454057342803
1128.1070416511823
1092.7957795429497
1059.5668293381555
1029.145835897029
1001.2211640205521
974.8300514930239
948.9947384227987
923.4495326594003
898.8138158803471
875.8393318011988
854.640209626472
834.939882455931
816.8685808360531
801.1140127695745
788.333312172924
778.7944932124271
772.7021465808211
770.5249637292735
772.5790986557168
778.2253088010327
785.7387147523581
793.1324178503453
799.0206096516492
802.6655756165065
803.4143390430179
800.2970208547529
792.2738655074609
779.0542935651217
761.7516503046315
742.4107359321857
722.5814540737731
702.5705491486278
682.2790381413489
662.1876021300849
642.8418523229633
623.7535829715466
603.7611049675439
582.5597730098764
561.1783219046116
540.8178161948888
521.8620431899432
504.2357214664941
488.08244621435404
473.5873431745869
460.4309456236555
447.8624913367495
435.25192621303347
422.4104461606526
409.6306392910834
397.6699873057652
387.36679022863217
378.8239776258436
371.14902505216554
363.3772027026787
355.4263457797089
347.80853377300105
340.8254238718124
334.5559422343978
329.18608606198535
324.6997102601709
320.579874487092
316.4091652274321
312.4492578317089
309.11623486721345
306.25763761729337
303.52954933970625
301.2657347177467
300.40335637498964
301.4315934914422
303.628324213249
305.4992980199877
305.97066759244524
304.96761826371494
302.78511514244525
299.3915032688846
294.8461768775189
290.05154078097604
286.358340620584
284.3377498029549
283.2870625324618
281.98221067724216
279.8418120968714
277.5088914433572
276.2867045524776
276.7716110228637
278.1371779373337
279.02818271915936
278.9077276835733
278.10524459656045
276.7960635992535
274.53841216869995
270.8910436106815
266.139219760262
261.2081330746214
256.8118279710749
252.71137818115864
248.0419931150758
242.5615951763885
237.38145279452976
234.2100814114809
233.95209914073135
236.12528941245458
239.43215883740658
242.76469151512893
245.85068428772828
249.18576223893737
253.52690227204562
259.54954896552556
267.68395158813354
277.6506061859177
288.09232898857584
297.4215950805005
305.51225219342626
314.1555351842858
325.5475021927718
340.81698092830817
360.3593101390883
384.9260320505381
415.6093927158799
453.0217423763694
497.18345950497627
548.061971181009
605.4259788160343
667.996318481605
733.4025676097143
799.4223589075423
864.9824136278343
929.6505058330858
992.4232900823071
1051.384337805548
1104.4709541257412
1150.4053824245
1189.1217997422189
1221.614058285389
1249.2406470246442
1272.8552387791008
1292.60008266149
1308.5981368000823
1321.5788637631701
1332.6748774674993
1342.966539844573
1353.4031767367292
1364.5920981251147
1376.2413826579934
1387.4094494120566
1397.9239175071582
1408.9984476546942
1421.6461227177488
1434.8942689062346
1446.486082638513
1455.247200452864
1462.1128815855325
1469.0080324896091
1477.325967132017
1487.2786281694341
1498.0420498465867
1508.5131604831931
1518.2950379968186
1527.88114876357
1537.7625522755648
1547.7216092240724
1557.1860320180565
1565.8346883859347
1573.6615106140748
1580.9387829709037
1588.3159315757796
1596.4040498044046
1604.9800924324209
1613.0368993227567
1619.8097656964605
1625.3271879183985
1629.8552178269226
1633.3815070086594
1635.9680719665328
1638.1885217209328
1640.7340933638009
1643.6296847711146
1646.1942101482234
1647.9861306443463
1649.5972414470268
1652.0941942526513
1655.6249466179297
1659.052413193655
1661.2299077347095
1662.278888356402
1663.3102825315773
1665.1193952785372
1667.3656152709882
1668.8998550056797
1668.856580649147
1667.5402531214768
1666.1313301567052
1665.4131526426365
1665.0643856758868
1664.3986640503572
1663.4201061131466
1662.7193048265924
1662.5161678577185
1662.3486229200696
1661.8867551414412
1661.6166572728005
1662.1557842004795
1662.9898931790435
1662.624324904936
1660.2839464288882
1656.8808057281842
1653.9355488503309
1652.0876753160044
1651.0748703846286
1650.6089889195769
1650.639248507005
1651.0018865432394
1651.3751211219292
1651.6258386963086
1651.917597794536
1652.3995172878515
1652.929895118403
1653.161988654225
1652.7642993838847
1651.4548295524796
1648.9664141307376
1645.1728916778607
1640.242942335911
1634.6847448855808
1629.3871135389008
1625.4336661716734
1623.3475729668546
1622.4632234087387
1621.5430124590482
1620.0585576645085
1618.3545853644816
1616.6450442650455
1614.6396102201165
1612.289653605435
1610.0554585314435
1607.9802202041626
1605.1243592259632
1600.5776835774386
1594.7746563605922
1589.2003154321374
1584.8598241862373
1581.5647447832077
1578.6457395479326
1575.6626045745766
1572.299591894684
1568.3023796352202
1563.8401457588081
1559.396812969446
1555.0922476002515
1550.5875851938488
1545.713046455487
1540.6355862945397
1535.3958460786466
1529.8749082507584
1524.2641792186478
1519.020755779317
1514.2622240853448
1509.6109148490616
1504.7012609320434
1499.5305964305903
1494.2574085980036
1488.877749212416
1483.1503943563462
1476.7501411269002
1469.6253904390958
1462.4294810014921
1456.4059607657284
1452.28090903915
1449.089660836309
1444.6287334669412
1437.5384579044435
1428.6988360245825
1420.205509639478
1413.2320220049107
1407.2899178336436
1401.2670716359962
1394.5626946830953
1387.2471172954415
1379.7256601089637
1372.5482891229683
1366.2875786100522
1361.2498242676218
1357.1738365585024
1353.2631019176242
1348.6253954820327
1342.7515305974214
1335.6551925759886
1327.7917357445815
1319.9604555386993
1312.8940809105031
1306.5039527116921
1299.7590759123111
1291.7284152334503
1282.5102488327357
1272.8334246514708
1263.2385062208339
1254.1213644079107
1246.0281475377246
1239.2351244678168
1233.313976347624
1227.5602458442957
1221.6488632050427
1215.7074739449192
1210.0449530077224
1204.8380437213389
1199.7847894986783
1194.2057740459675
1187.8261321253146
1181.2180552483667
1175.1152395224199
1169.562764998628
1164.0464887171202
1158.11929771614
1151.5721147426596
1144.3154283222211
1136.5303168580715
1128.9059631778728
1122.4369838220744
1117.711089727725
1114.2277082341643
1110.5433173562872
1105.388919499114
1098.6818994333282
1091.3320315470532
1084.2903575462922
1078.061724090975
1072.7829481832614
1068.134323853174
1063.1568995547043
1056.6717701892178
1048.1297426913263
1037.8789956938874
1026.4807546031568
1013.9335538732215
999.806898176444
984.0812019716
967.460109081339
950.6244295725976
933.5141389833897
915.7568197891032
897.6340270750031
880.2345771655082
864.7227830244093
851.6879589656098
841.0280882562948
832.1700677596791
824.4514952737328
817.4184813865397
810.7743917368578
804.3041458351652
798.1895336535994
793.1037848974878
789.3419015763444
785.9262630477402
781.2593598970875
774.7817483771566
767.4565936558388
760.5250331540833
754.266715136833
748.0891186066632
741.4052725916101
734.2434209909991
727.2134495816398
720.9678389649847
715.6257560210456
710.7706072941512
706.0352707887693
701.5849745959113
698.0447253988157
696.0221718838413
695.4984877343601
695.511939332426
694.7468143321149
692.7649123322453
690.40451399854
688.6355038298655
687.3575531274591
685.8609594583098
684.2622986928031
683.741852195324
685.1507427613014
687.9196206216404
690.6488293233797
692.3024855070266
692.4726556273868
691.0747373095893
688.4736830190024
685.5484713583616
682.9018606344384
680.1180991305985
676.3169220657303
671.4039690926307
666.4638769946126
662.8112673411065
660.535602313882
658.0370953798815
653.5393223006675
647.244996096846
641.2481429683669
636.8800600113447
632.8617962625393
626.6752575189295
617.3406618664756
606.4173004543327
596.4635972764967
588.7126404036424
582.3295715453718
576.0565475896547
570.152351028312
565.9000265334785
563.4672101752411
561.5573728734012
559.4623789012383
558.2797371207312
559.470879270775
562.911033771443
566.7990766343371
568.9900220087395
568.250185666324
564.873584481471
560.4980994843843
557.057889607404
555.6193329673412
556.020609290185
557.2021225575589
557.753954718995
556.7424005381483
554.4489392276045
551.9778590830109
549.9528666299709
548.0392931679713
545.7767964426001
543.1262742187741
539.9514803982081
535.8256608639881
531.000757869507
526.9641366548506
525.1745597195672
525.5421581846726
527.020663283646
529.3903404011389
533.2932154506115
538.6899788892218
544.693884855886
550.8972467140716
557.3975958191669
563.6908356785401
569.2709741480867
575.1390418267063
582.7664910693796
591.5265474461302
598.8797304420145
603.1022979086546
604.4091454159258
603.7244836869748
601.9756464125188
600.5482557061456
600.9578265243342
603.6037779824954
607.4804449381613
611.3207425846208
614.7544956664946
618.4330082253031
623.282570865176
629.5420354272277
636.3775876544802
642.5810138783139
647.6728011259802
652.0409273899377
656.0843726610003
659.8567979762173
663.7459554571242
668.8728311802815
676.417868623753
686.8453533931536
699.8610408635383
714.7262182185823
730.6243288250151
747.1654684347881
764.5194946074167
782.7603690411347
801.3456089090432
819.6674644779495
837.8029002363315
856.1272057745595
874.3228691056813
891.3481369186234
906.4225409189842
919.5917664345868
931.2481444351956
941.5430496230792
950.474026664956
958.1762163022802
964.8039351811707
970.3318490431681
974.7917222022538
978.6005021905715
982.3048429648338
985.926209417621
988.851966630095
990.5983725590927
991.466929468753
992.1253300950599
992.7626005990762
993.2079633638355
993.775751849723
995.1747728719009
997.2716250339814
998.6544511048827
998.068560625165
995.9650075189371
994.0022039358719
993.131833894411
992.8034344000697
992.0696306990661
990.702829316106
988.8917081488187
986.5798899395489
983.7353685171611
980.8268373039823
978.4957714655953
977.0561292755025
976.5614686561296
976.8976793004047
977.5938177086321
977.9708482743662
977.5885641107188
976.2940029638373
974.0991208429676
971.4008464867413
968.9556082737364
967.2054283778773
965.9196951681589
964.7204098424451
963.5771950038692
962.6219141912906
961.7786855556991
960.6420279447995
958.6420338728053
955.589319103776
952.141779132267
949.3205908272498
947.4860374352027
946.216087500936
945.0756591776219
943.8637074444076
942.242396174121
939.9497704520173
937.3940425818785
935.3015214677666
933.8035647209447
932.5388622519611
931.4529263223673
930.6812748414812
929.8102971638298
928.092279600951
925.3354137987338
921.9910444121434
918.612266059259
915.7460755691668
913.8798597466231
912.7861927602844
911.2896118088828
908.4019567902965
904.4922603727944
900.7787603913324
897.9271738518911
895.7960770458782
894.2896316892584
893.4436505994926
892.5537265764069
890.3795942429903
886.7948676622201
883.2746747434352
881.0922990761707
879.9143568688394
878.7256064609473
877.1277713304921
875.2203303418034
873.3086112908239
872.1155357029321
872.0311345641725
871.8906724019189
869.9163430174749
866.0997594857818
862.2083708549194
859.3326631196089
856.9327025462502
854.332524741281
851.5981312770868
848.8379286437854
846.0144914825066
843.5507752920138
842.0116118053373
841.1286538028565
839.9360929852204
837.8543038626716
835.1803091560676
832.6376442135387
830.642047374058
828.8386403713795
826.4097318599698
823.0415794665178
819.3750285346077
816.3122237719756
814.1555303282639
812.50657519048
810.6432254674165
807.9336907324854
804.2139597706923
799.8926207737348
795.6780380576913
792.2180893358627
789.7329030592687
787.7652320171553
785.6557598336033
783.4559541786878
781.7646249745095
780.5217824359873
778.8818959411544
776.5081058808099
773.9822341972488
771.7312274932669
769.5643237126725
767.3797286455024
765.3577044292798
763.4236244264607
761.2866262413482
758.8659184269223
756.1705482081205
753.1711212051504
750.1189107721082
747.3351024082548
744.4578335207092
740.7498969937567
736.4579973874614
733.0722304546449
731.8099081428744
732.2146273286804
732.4209004620774
730.6574043760977
726.6279327701161
721.5940721793944
717.0393720760378
713.3889042988988
710.2504894010946
707.4442477507366
705.082919389836
702.8859553675677
700.2328689441937
696.8733226992773
692.9781818456376
688.6710938523612
684.2016706979535
680.3741885150886
677.9425690857985
676.5144753404368
674.7517746980731
671.8520979452846
668.36258152752
665.3234351960139
662.9635620523012
660.5968777123035
657.6926663446986
654.5636086777434
651.7471737374999
649.1197811586604
646.0786092236282
642.2709133690677
637.6395498774491
632.1529151650838
626.1625131506338
620.6734421599444
616.455726466761
612.9767927284134
608.822374871278
603.2168342594836
596.8209737442137
590.9941841991496
586.3471411129748
582.0790544924309
576.8912296891243
570.4664059923214
563.6893238593195
557.5231695154592
552.2088970918094
547.4858644405996
542.9460456427635
538.0863092166936
532.5080748423566
526.2633065332459
519.914369474654
514.2613994140758
509.8805646162418
506.6509597701882
503.7288512898994
500.11782295755734
495.2483123514343
489.14626227233896
482.3362902889144
475.49281195214667
468.94484147306764
462.74135872986943
457.36628739515675
453.82933570521845
452.50030670815966
452.1195302040731
450.4792209509226
446.18172714237005
439.69151954258456
432.7588305539984
426.8281250218384
421.93466404876693
417.1342234300445
411.873105907514
406.6216543138277
402.0430205144508
397.8391065400938
392.8579063497844
386.49071413430187
379.63131325143615
373.7588792992974
369.0866960082861
364.2239214151169
357.96675051816794
350.8665547520213
344.4630101009562
339.32916307577943
334.5915861518219
329.3116311642756
323.6329924406811
318.34967223311963
313.9006317688941
310.2008141167105
307.10679949487303
304.54792862267027
302.35245097408836
300.43429306384036
299.1610940655726
299.13771758822026
300.4488035699171
302.201247724957
302.9225791384341
301.67905980062164
299.08244894819495
296.94900799304344
296.5277641446847
297.29061030461133
297.88933939678304
297.86756582072957
297.77939524885136
298.05059899046944
298.60324083279477
299.48859192941416
301.09812711705064
303.54133173697704
306.22813860985644
308.304762583978
309.3928016482988
309.84117530678407
310.3900510393873
311.61224591450866
313.41423094633694
314.9746269671905
315.56582327268967
315.660840283799
316.71751689752625
319.457304291864
322.8153188899367
325.0821790727035
325.78912333403224
326.071172765396
327.3337847612376
329.8295449899669
332.5777999014112
334.66617347635656
336.4446654852175
339.0291754744784
342.6065934917462
345.82953665052406
347.30858740545034
347.37746443289296
347.833070054158
349.8784926900014
352.7415002853503
354.6343590496177
354.85156307673424
354.39907150562175
354.50036785942785
355.1587073333729
355.6753343875616
355.98483938075975
356.61441015343536
357.63026601749954
358.57269027007084
359.32898707122615
360.20819605005624
361.22476536650385
362.0775332827332
362.7638193424989
363.5994508157003
364.71615532076055
365.8933570974445
366.703384045772
366.7286982008719
366.0006638514181
365.2424884423255
365.30011414157235
366.3657461642823
367.99219190379586
369.6129874797827
370.76959636101816
371.1920227468561
371.1401313231763
371.5074296748286
373.040675056642
375.32584012999985
377.01313816416325
377.3619389197314
377.1780959583205
377.82088201373364
379.631971449098
381.7892250603951
383.38737735045254
384.16788332138
384.3789258456444
384.4012181404333
384.563492990738
385.04691238239315
385.80812443404784
386.6697791154752
387.5582913944394
388.52135397114125
389.45999742648064
390.1192708807032
390.45254168635176
390.7039319872387
391.15945667133803
392.16417489993773
394.03948291090074
396.3569389451372
397.81901508987863
397.79983285485207
397.5338350016613
398.6920702168944
401.0647734536909
402.68403428601823
402.1735558610695
400.16116669627
398.3069374820616
397.59127276982304
397.8433442715531
398.54087688581023
399.49929509331025
400.6047213248819
401.2698727645782
400.7562334621686
399.18606303041486
397.7819770072307
397.69453700586814
398.74422492771356
399.6134376006829
399.1798256537558
397.51287604202327
395.7692817550829
395.2442100954808
396.2817570037798
398.0018629969128
399.2443140421553
399.6314149070557
399.4289755312336
398.71780589674086
397.30800480728584
395.3506240542619
393.5235913099444
392.5812419004613
392.8148130926334
393.6773028270993
393.935002138184
392.6902511936347
390.28494258829505
387.7121127708727
385.3534475979334
383.03076983970635
381.04104031584933
380.0863713456925
380.0649235163985
379.85522522780303
378.6849822957729
377.09808106759584
376.1043317689581
375.8022952437471
375.4532907045414
374.70937303414473
374.0136047814181
373.6896328066666
373.36669735563925
372.64281131928874
371.7512752975828
371.12254333777486
370.6150153988446
369.5867890495081
367.6043990245045
364.87461100727154
362.17736669704254
360.53808713491867
360.5352522042616
361.47248405879856
361.60926757403917
359.800687451608
356.65375868845274
353.69194021123957
351.89386647275643
351.3311609433719
351.3864437659591
350.962062761554
349.3946887555184
347.4489648363018
346.53751083108205
346.9089755121607
347.4351346168285
347.0287455927823
345.5288976976289
343.4682896045117
341.607379875678
340.5288234245259
340.31640645866395
340.5278414814117
340.32561725909295
338.8455782479196
336.0821498195746
333.27056694824074
331.5823064224302
330.6552875712478
329.3390709470388
327.5745698256321
326.4029198705716
326.24564929804967
326.29679074345466
325.78941451932184
325.0155225162921
324.7152594075733
324.92626616509284
324.8485734965073
323.7193275257178
321.5871718325747
319.306446426414
317.8977438846371
317.68483658239194
317.83577173112315
317.06830115059273
315.10105806140325
312.95272824350064
311.46519710537405
310.28657712545635
308.92965950156014
307.91393499360174
307.8366509660476
308.01897233154557
307.23332903886876
305.3939414903973
303.5052624108788
302.13572144987967
300.9051888222635
299.5872942409292
298.8527666831965
299.3020740458897
300.1341592169456
299.6123647927634
297.068132272427
293.82300564805405
291.70457919638363
291.1165613087963
291.03061486685004
290.38411267260426
288.8876012668431
286.89573407274116
285.14125916095685
284.30330097136846
284.38785190894185
284.77287810124324
284.84674049701783
284.10050522806034
281.9756470821037
278.55335207683714
275.08386470939365
272.91896302786836
272.16766543986927
271.95755955452046
271.5528928523619
270.84256951298147
270.2804027319078
270.6006171776704
272.08483543019963
273.8741533692773
274.33693826503986
272.46511418860115
269.004730349174
265.97699725830677
264.77631896268565
264.89754701433776
264.867081232533
264.1289159554571
263.4177310721729
263.38251042000843
263.56719622092055
263.0547436996946
261.59784027380226
259.6320820811651
257.58420461769083
255.74667089581288
254.42372571772682
253.52900500199934
252.41383406741326
250.73119679798774
249.10025795014212
248.3222316398075
248.24168738555304
248.00096804010798
247.38871419699996
247.3243397611696
248.58625078968163
250.4376030060626
251.1661750449257
249.8554164716367
247.1379893124397
244.47292556680034
243.03620288453132
242.84318804948742
242.6820075221896
241.39467959760768
239.21986609363742
237.34648844459193
236.4047163241776
235.99043001338288
235.41152245659663
234.41888487261582
233.30697814897036
232.49381991077334
232.0864341706075
231.95938502710217
231.9749578147634
231.80422826023835
231.00772880924748
229.703013448418
228.5145297334465
227.54665109761532
226.28067143416644
224.71525565263235
223.5292833495319
222.90592201381529
222.33239114462668
221.73725437017916
221.65831733697016
222.0329592989637
221.9021201079245
220.6954232703683
218.95337911186843
217.4058975802553
216.15869547736293
215.29669935611173
215.452817964932
216.89119472589408
218.51770337050965
218.7530544615662
217.23691803917956
214.9822285650977
213.02770672638937
211.55486619390328
210.21629184159474
208.83642622465695
207.71998360180262
207.31936216627787
207.52817093876132
207.6140702647183
207.19766492934116
206.8070955217751
206.9462663254977
207.31147902475402
207.57787672947305
208.00185397795335
208.40870478503416
207.68554687879384
205.25150079615636
202.04243697581794
199.31464584291658
197.47627468585222
196.48818951177094
196.27985013329675
196.44066148179877
196.38406043804724
195.9555184852569
195.413241527976
195.04509666538007
195.04564248794495
195.3137424346502
195.2428488916089
194.1935622569827
192.28664714769297
190.43453965121546
189.48600898587722
189.34934131393896
189.0093203092294
187.60770142439156
185.4768946641235
183.7890690819448
183.22953020306886
183.42581242484806
183.71926922540078
184.0585711919479
184.8059451511069
185.86714700919046
186.59353337932643
186.66631914734918
