161.45525564826647
168.95702832224396
176.5227591103474
183.95990130906245
191.0197796068796
197.8918685289037
205.03783200655772
212.44258748539318
219.503370890913
225.8450156922137
231.76381131361427
237.59308177339398
243.11330674492348
247.98227189953846
252.35633997215947
256.65939040366305
261.0405623620113
265.4583583383001
270.0266479914912
274.85414285684953
279.6931307047655
284.078290658694
287.72822136247726
290.6438726243813
293.0255517798579
295.32190941719705
298.1305489073733
301.68416742851014
305.48827012742186
308.79040526486637
311.43029965757125
313.9208293059641
316.63132354644347
319.2759671805683
321.4372699751644
323.25480430485476
325.2204740272709
327.46895214469134
329.65120836230335
331.4946838193578
333.22895814567016
335.40138901939656
338.368066860455
341.96640667431694
345.63444728665047
348.8503809460287
351.47930498962273
353.73547959508187
355.88409452646295
358.03760342151423
360.2465174162373
362.69828347425846
365.62651535188513
368.9498330945079
372.2417969141012
375.21961816652185
377.9657261456119
380.4476818868996
382.24499352677714
383.1798108590749
383.88800292586745
385.2694039467709
387.51818927678033
390.0149532518274
392.0135815208535
393.22522890180977
393.94290400379725
394.8064418208402
396.31920409991335
398.4601026264527
400.7681391466697
402.72747404717666
404.03997568289105
404.742328845567
405.2045555523119
405.84059547553045
406.6961508188747
407.4546356795245
407.84625739772855
407.80514662097687
407.24237306123587
406.06100308091777
404.5460379846127
403.3769577471371
402.97600489551417
403.0731813816622
403.1802650633713
403.2856652523469
403.7497763058259
404.62877990670984
405.4437705832912
405.6322041485039
405.04256388072645
404.0634591964026
403.4329141067724
403.73059022222174
404.77162290878425
405.64562094428015
405.6766194936491
405.25741732376684
405.4143433173997
406.5764303678401
408.08051271797785
408.95694374683427
408.9853862828919
408.84806875706647
409.33476027737464
410.5479420073185
411.9622681433914
413.16618162931576
414.28071364388455
415.5041555767316
416.48880591640363
416.54989168199756
415.5194028901858
414.09095672152637
413.1636610739596
412.9910169943338
413.0994765474369
412.945959514691
412.5244144693204
412.3386173181801
412.8434899589481
413.9134588046039
414.8606846862655
415.06346107825857
414.651663085387
414.4831858224203
415.3042672118305
417.0284683471318
419.0784930758813
421.3318859805794
424.29180159518023
428.26784406460195
432.9166123877901
437.86509231582465
443.3247768691135
449.66001205679345
456.6209663845714
463.42916521028525
469.5601711675123
475.219057884487
481.09543725248756
487.7525422334742
495.2065159293445
503.09566335868305
511.2563588146309
519.876331103784
528.8257507127475
537.0645684274589
543.2146038565279
546.8529609069141
548.9443908420624
550.79625729951
552.7164253439939
553.8424484866443
553.1756766159674
550.5784446277444
546.7532799711252
542.4323686187963
537.7216282804955
532.188668856321
525.4436643849677
517.5326156794135
508.81508444648307
499.6635190848773
490.464618196497
481.88684652651517
474.9819027531339
470.925791561741
470.6217771881047
474.4609065845134
482.36829193936967
494.01077432249946
508.7600311341254
525.1917935416375
540.7614323350425
552.6244016159172
559.3137267186722
561.6197414051478
561.7864045713312
562.1631636813038
564.7381140009763
571.3245174555466
583.4057369903368
601.6830989627413
626.0367137584294
655.9089015701547
690.6533939473188
729.8155673991469
773.3627316439486
821.4655259043299
873.816141166744
929.2972449535787
986.4717219371332
1044.2009792383276
1101.5787077945495
1157.4112220584777
1210.1022716682319
1258.3110089749784
1301.8182169831662
1341.571599506857
1378.5696069272544
1412.728931137
1443.2223376989332
1469.9212784947283
1493.9133423524042
1516.335938841154
1537.249803291729
1556.0578228514505
1572.4886808748665
1586.5800988016213
1598.1767068568515
1607.3566006272983
1615.3318814432214
1624.1403709443207
1635.1729289587931
1648.4544673168498
1663.5265721242645
1680.4681314387094
1699.5564966930788
1720.1725525669676
1740.6409879325174
1759.4109589628433
1776.2311925453089
1791.97327473208
1807.3689302563866
1822.1633401659756
1835.594070881686
1847.4426597590464
1858.311543536851
1868.9884035941675
1879.9376940070151
1891.3967428897477
1903.411056871338
1915.4559246677454
1926.3764826492034
1935.1046299798495
1941.3552525106243
1945.4765450647483
1947.8621482929411
1948.7680544972395
1948.5335262698668
1947.6352778554092
1946.4299505461931
1944.9677249368824
1943.157825269579
1941.105184365329
1939.223418996664
1938.0042773862815
1937.7103628671232
1938.2449388920693
1939.198082451163
1940.0272062804954
1940.331806189997
1939.987119085284
1938.9661975625108
1937.1178496582324
1934.1904276148186
1929.9219635653296
1924.0208414653273
1916.2646055374144
1906.6795542030338
1895.2661965753582
1881.3567073260829
1863.6141212745547
1840.9756835563985
1813.3431176047654
1781.0857764237235
1744.106905286653
1701.6109618980652
1652.5153711284192
1595.9395473086724
1531.7850925031757
1461.3583262717775
1387.346877477214
1313.0011628283482
1241.535481028161
1176.2785129683339
1120.5893681777893
1076.8668528489761
1045.7839782799542
1026.875217006982
1019.568417851628
1023.1748699714269
1036.191806168029
1056.3123479092887
1081.203042097286
1108.952913163287
1137.8868972198366
1166.351090997821
1192.6119811249087
1214.5644335298468
1229.6198987310445
1235.4778914367198
1231.290460343585
1217.63907165017
1194.8758524162167
1161.81573313066
1117.060928904146
1062.0125960878886
1001.6509504292162
941.2764380595321
882.8064308158264
825.3530283866228
769.3090550132436
718.499227684087
677.6965147050742
648.8721150140324
630.672494909785
621.1211066982794
619.8658273708031
627.6108048793376
644.2557864577068
668.6634750204416
700.3205228703615
740.25638925413
789.6299992275368
847.8253611596999
912.5890590071399
981.862989577877
1054.8324821473545
1130.9033832193422
1207.8380653791537
1281.3181492515657
1346.8471846616778
1402.226345485545
1447.827846568407
1484.517290242997
1512.158655151935
1530.4919749423411
1540.5492304613058
1544.4645658499267
1544.458261169286
1542.5576795269644
1540.569787865532
1539.377582002517
1538.3656731944266
1535.8862015048749
1529.9786637404445
1518.6098983179995
1500.4126404196522
1476.5528546066682
1451.7761382742674
1432.2459920556307
1421.4471119321906
1418.6921258138348
1422.0593400506607
1431.2723088672365
1445.7505200196601
1461.2156743359888
1472.2700286139002
1479.140169348927
1487.8052794766377
1501.2389059594102
1514.2132308439645
1519.9143873470807
1518.5367673029355
1515.6669186262432
1514.8667664041523
1515.8632059534782
1517.8101646060177
1519.9009006123856
1519.8520481982061
1515.5442054143523
1507.8483137486542
1499.6627757618553
1493.1192581867108
1489.0198804134254
1486.9336185904435
1484.285976933164
1477.6380070059563
1466.539480540409
1454.1490912465256
1442.8916036683772
1431.581558583638
1417.6840105463739
1400.183341504046
1379.3549375616676
1355.791404292454
1330.666456307877
1305.4903958869677
1280.758568687197
1255.5133535948557
1228.3281578131043
1198.2273953249792
1165.1401309702112
1130.2611852856953
1095.6689462725344
1062.9911259823932
1032.568722481485
1003.9307772290259
976.4996139588327
949.7704286509851
923.5437183172012
898.27089782293
874.7005387539423
853.0707448542798
833.1294092850221
815.0221182911946
799.6176488661222
787.7375492209933
779.4902526646296
774.6455146834949
773.291991791328
775.6158703533981
781.0395706162938
787.982404952025
794.6648296330355
799.9418086416181
803.1890299798283
803.6436207567212
800.2669155748508
792.325743297928
779.9482135172534
764.0974686780891
746.0506890189095
726.7648632520868
706.6239429601272
685.8547803694065
665.0534213583752
644.9003957584371
625.3346009086207
605.5305607267064
584.9380010283082
563.9904923219515
543.6357247434586
524.5559997071133
506.9904164627046
490.8734365757043
475.8763154519221
461.5882554392032
447.84087008670565
434.6651831728612
421.9447488802887
409.4918181807355
397.5380349152798
386.7037130132019
377.2618576364963
368.80113385466194
360.8422235627628
353.37939917455185
346.51339553305206
340.00768966967826
333.68723002448246
327.93682675541163
323.270043302407
319.5939089031864
316.3449258819883
313.19315312502397
310.21568709393415
307.516637346985
305.1186207776821
303.29118740512035
302.63282849064984
303.47854573449774
305.2004422990707
306.4208214529167
306.17873549651625
304.6728989957005
302.5858915604698
300.01444618174423
296.5766092447086
292.3760493130951
288.27136197828384
285.1326885588233
283.16515104654115
281.97766150734833
281.07996981258555
280.28008847668
279.7095021047005
279.51046019373075
279.5381719384867
279.39391027626755
278.70679916195945
277.3887729490096
275.6467620286078
273.6447996099797
271.1240089583774
267.6208299113375
263.1879506116137
258.5303398628664
254.1725976821261
249.89874213975594
245.43483209208233
241.37699753874503
238.90565531789923
238.61390388959134
239.9814973151498
242.02824516136934
244.21766074836887
246.66999992133418
249.79175333220442
254.02278813530694
259.91876182501585
268.023518468216
278.1915698242733
289.1342095652559
299.2322297484832
308.13777200221614
317.3248704253739
328.8618523630471
343.9875108178354
363.17849564856755
387.14019458424025
417.024901465447
453.7122161759828
497.4276046758456
548.0746444448496
605.2922349543646
667.8900537154494
733.7170259988754
800.5504828362084
866.94985026269
932.0037904016863
994.5297437786078
1052.885268689514
1105.4634012346012
1151.233627214061
1190.0896860076134
1222.912554063365
1251.0302984341845
1275.318672859604
1295.9020453391859
1312.7508508943888
1326.311288739233
1337.522286504172
1347.5393096608286
1357.489509417247
1368.1012793970567
1379.3606598251342
1390.7724631423334
1402.1418896212954
1413.876601607577
1426.2700831284017
1438.6632280569006
1449.7271205961315
1458.7078169882866
1466.1999535634286
1473.6027321893332
1481.9486270409025
1491.2819843167592
1500.9732685654326
1510.490672070683
1519.8878237579643
1529.6040182434463
1539.8904418248774
1550.522207668666
1560.9470950093532
1570.531069055863
1578.838248852849
1586.0315101756994
1592.928764589206
1600.2873043406441
1608.0149525521872
1615.357791619329
1621.7885603198279
1627.3684443602542
1632.2755464636589
1636.3868988491047
1639.4999929581786
1641.7735459397068
1643.7587909956605
1645.9695283206452
1648.4854082126658
1651.0784701955467
1653.6896875485218
1656.4913811546849
1659.3382911479935
1661.521659239484
1662.4633572463617
1662.5036848512232
1662.6623481528068
1663.6504324314942
1665.2641581633548
1666.6605119337137
1667.1767848837073
1666.9919215763944
1666.9194756946147
1667.4137084370625
1667.9910140449522
1667.8778079550498
1666.9723180469346
1665.8232313557853
1664.878575368742
1664.1713953668093
1663.6569831591387
1663.4166221686976
1663.3496128591291
1662.9143315707547
1661.5109589238048
1659.1664855068166
1656.622840276036
1654.6860991681642
1653.682570688824
1653.504391269287
1653.7707296059907
1653.8504789116105
1653.2130743989292
1652.0421103133233
1651.1718580175975
1651.1660535377805
1651.7262047380875
1652.1650234671356
1652.0677802068215
1651.2010768468513
1649.2082177960965
1645.9537193204978
1641.9851377090522
1638.1308836644666
1634.751093231972
1631.8327334178516
1629.5417911560362
1627.9770200428088
1626.5375961884915
1624.346956218985
1621.3528701479008
1618.350718814091
1615.8963967749419
1613.8035785265697
1611.7174399871633
1609.5478633073817
1607.168219427526
1604.1704870235092
1600.2374486028368
1595.6010204760678
1590.8989864756936
1586.5614178179303
1582.481610928184
1578.3598973730254
1574.1971725323751
1570.250256711205
1566.6109625231693
1563.0642932817102
1559.3098589006472
1555.1326459287184
1550.428055949223
1545.2575290400464
1539.8481303142366
1534.401085110339
1528.945705442511
1523.4793089226919
1518.1661733906813
1513.249543447023
1508.7608780032256
1504.4009490051262
1499.766624326848
1494.7260919247833
1489.5295849687627
1484.4021556306361
1479.0138830491628
1472.6807051265262
1465.3628414216414
1458.1590398196286
1452.2779599889368
1447.5571575379402
1442.491626765929
1435.8335905553486
1427.808154068725
1419.6613423066638
1412.3554756607905
1405.8970981942261
1399.7213889314794
1393.4371210273403
1387.0866024882093
1380.7917174024783
1374.4621759368408
1368.0773781603207
1362.0085737194797
1356.6206768581183
1351.6115316684131
1346.1897819962533
1339.939646432079
1333.1314819516774
1326.2020399140429
1319.3511911993953
1312.6107459358477
1305.8175215767278
1298.4750718973637
1290.0824836045058
1280.7201367380603
1271.0914033742217
1262.013677016636
1253.9959891058375
1247.1031033105116
1240.9773909879639
1235.0729555350658
1229.020112675273
1222.8042508918688
1216.703618598865
1211.0889764874676
1206.0368251626055
1201.0310518630995
1195.35227801963
1188.917108875862
1182.4202238013677
1176.4706460097666
1170.8727153203872
1164.9442196800162
1158.3012102949328
1151.112568429828
1143.7385997596589
1136.406866147289
1129.3216608102357
1122.8897176937112
1117.5189881365582
1113.0579183237155
1108.625719190538
1103.2686893720772
1096.8196852880487
1090.0085827126982
1083.7828170936116
1078.6321301112102
1074.3747877209535
1070.1838776282907
1064.7884496641232
1057.1365169192568
1047.2011864452834
1035.9200033931313
1024.091958545974
1011.5363273633693
997.5793395639628
982.1305532059839
965.8785876881965
949.46362761561
932.8462362335657
915.6758558327415
898.0937590071887
880.9629986742191
865.3280102144665
851.7442920771289
840.1148635124862
830.0881643768506
821.5092403172966
814.3591823714889
808.3200386884346
802.7935918432522
797.5847898641798
793.1681769147564
789.7959291605466
786.5732974862021
781.976469973887
775.3044853032466
767.2962374259982
759.341283734402
752.2855962579972
745.908649696205
739.3912136395951
732.340510778694
725.343055718975
719.3416953327882
714.558713257549
710.3603057717731
706.1737654403354
702.1701735692905
698.9498839233136
696.8718598260825
695.8192833029002
695.3200456410407
694.7041613132235
693.4166281404432
691.4408946996443
689.2290459093623
687.0443190144053
684.7427875232853
682.5362275361849
681.4899850917069
682.5768910620375
685.4089353774848
688.4874712767273
690.5598814951359
691.2345457829065
690.571450398125
688.7945519369798
686.3215644011414
683.451108062171
680.0050499637393
675.7427242014523
671.1365953060388
667.3061208869558
664.9375088891838
663.3208940931935
660.6624000106198
655.662845817362
648.9075085077518
642.3730351313825
637.2389566527213
632.3897371111175
625.5324610051747
615.8697725932855
605.27255675796
596.4433706015159
590.1162577391958
584.6765466428219
578.6100576615636
572.452788613082
567.7239236455014
564.7234012435238
562.4594999179421
560.4096867446139
559.2227319561216
559.6217512035325
561.4439464688437
563.8277247110874
565.680248924276
566.0158323834019
564.5701975659081
562.1823085665882
560.09561197389
558.9069967786559
558.4455728193255
558.2431430963113
557.6610146240296
556.0652751911898
553.5128923948629
550.9248985628328
549.0706987089018
547.6860692685747
545.9451749828158
543.4034452666729
540.1382904749021
536.4315449738215
532.8128960166609
530.1114565989753
528.9215871523625
529.1355796453714
530.4327190468169
532.9960485456708
537.1309056723086
542.4188737665334
548.0949732535564
554.0611258734988
560.5111981134291
566.8296199529916
572.2231151998412
577.3208256916427
583.6038324452068
591.0974223801716
597.9962141145661
602.7286805623639
605.1670451942783
605.7541073241597
604.8179406960485
603.2247084613334
602.6930742728985
604.6377051724662
608.8688112586955
613.8369124556311
618.2156772700125
622.0895811484245
626.5162543967319
632.1015066488379
638.2842020306211
644.0052370758306
648.7317865285265
652.660349157622
656.2424962900416
659.9185964586452
664.2658688175683
670.0243831316566
677.7906788852874
687.7810863818154
699.9215817028609
714.0589133276428
730.0565802185497
747.6986449443509
766.4496207168077
785.4181780736978
803.863410193956
821.7990439933947
839.8083467546369
858.1117048626215
875.9848689977086
892.2221884967704
906.1162950896394
917.9434342693658
928.5384219221557
938.4995552676189
947.8993559097885
956.617645436191
964.5679781016203
971.4961558123218
976.9598588207716
980.8308611451962
983.633200480077
986.0925705149381
988.417716865292
990.2862873078067
991.5432934975788
992.5675061685424
993.7203625104594
994.7791111911079
995.3938198070086
995.8426828236779
996.6404523658377
997.5049635878861
997.5299117136076
996.4785151500371
995.1408142631292
994.240530958408
993.6864626785
993.0542760874685
992.0908718356237
990.5547771005481
988.2709202648089
985.6142180676995
983.3628926001296
981.8718417406517
980.8825177581434
980.1851185727421
979.8636190353964
979.7898629599622
979.4346707704267
978.3670907845255
976.635556948768
974.5920474539537
972.5118484389752
970.3886514206226
968.082256979444
965.6885833749261
963.5792585903014
961.9605825038491
960.6642744966989
959.4846203910965
958.3518983545072
957.0553730538014
955.2271203160633
952.8028812339494
950.2292389173801
948.103477984909
946.7184588161563
945.8476855481791
944.8274757455233
943.0368912815272
940.4988561344301
937.8926392197409
935.8658004424785
934.4752498261847
933.345720941003
932.1118317251501
930.5400919164038
928.4571778265395
925.8437554673412
922.9518502585177
920.1804525226122
917.8429206156617
915.9954849275798
914.3090424401421
912.1919444991595
909.3418472195183
906.1501921620289
903.2735182743477
900.871038817166
898.6311140650752
896.5504691227566
895.1928520629214
894.7981967269668
894.4055574416794
892.5238322945095
888.8422803834055
884.6961297556637
881.5519122353115
879.6404883200306
878.3898943480499
877.3842826886577
876.3424901149617
874.9123175429279
873.1283457763313
871.4861964817663
870.1049226144487
868.4167411464555
866.0049630068652
863.1141516603618
860.1237938232172
857.1666924184976
854.3694377714623
851.8312572534189
849.3724893763534
846.8828882104492
844.7089286697723
843.0708064084054
841.4386426556542
839.2032094989454
836.6549515606287
834.6238657243646
833.3825797698026
832.3931260244741
830.9063192490695
828.5281640760234
825.481033880222
822.4741775360909
820.0613210544846
818.0710513619546
815.821254081284
812.7604436482554
808.76549199454
804.0840334806006
799.2462954333266
794.9269273447158
791.676853145434
789.6005836158298
788.1733419613656
786.5774476192416
784.4992536624934
782.3858443080396
780.6546742574503
779.0453330516953
777.0959310192019
774.7692461357728
772.2375749741625
769.5635485326216
766.8704683270053
764.2691496058975
761.4915854793416
758.2494178838923
754.9663508951505
752.415556002908
750.6500412570238
749.0071627663403
747.0699129574476
744.8909872491706
742.3965083557235
739.3717261040408
736.0863689164228
733.2680218092712
731.2692114658837
729.6530264290857
727.7079675696201
725.0847711386517
721.8797194232538
718.3858862798852
714.9198211843861
711.756509407473
709.0416448257796
706.6425788166619
704.0747227816697
700.7599815812555
696.5560456093958
691.9668400175096
687.7129253510213
684.2283235840906
681.6222382732432
679.7483254231097
678.062099063322
675.8152943408779
672.8092940474944
669.7055452762463
667.2125317916784
665.1473609105594
662.6300261680481
659.092324353741
654.8330581694579
650.6130459596757
646.8792007447144
643.4370660359502
639.8058611395236
635.730101345262
631.263298175471
626.5780464301708
621.9383065495925
617.633280801374
613.5831620931377
609.1860935474128
603.9250965132076
597.9957156271755
592.0549927477819
586.5397493772749
581.4615422648163
576.6120248732449
571.6964924694084
566.4384130063531
560.7724461773558
554.9001303026362
549.1170623267466
543.5862532683919
538.1944622568501
532.6606659015933
526.9484743635544
521.4757790076565
516.6664025281389
512.4064109660106
508.20682300911176
503.75329395571856
499.03241982895406
494.0913704073601
488.9448688799032
483.60720212689944
478.03788581246874
472.16609466305783
466.12031080993324
460.39375822454303
455.6377702318956
452.12855882428283
449.3819628770499
446.4514138649728
442.7224473486176
438.2842844701797
433.501100604058
428.5239312441076
423.361608797307
418.1338064724501
413.0262697898072
408.11360074636866
403.2947252423715
398.2951704291423
392.7966131885345
386.7659997231967
380.6052401390806
374.75205863081743
369.1374461846367
363.2171933505421
356.5830084380563
349.4889033423918
342.7626122353522
337.1269740563431
332.5239789489891
328.2160239319063
323.6413878924333
318.9458920775602
314.55058801214
310.57150730985285
306.9394056069759
303.74901903643524
301.1889674222056
299.39175038509075
298.53272810021804
298.747443980163
299.7456069507913
300.7530071205804
301.0336740231846
300.44881956842426
299.53825347891825
299.06221402126164
299.32026452301267
299.9041917902224
300.2389328661874
300.25479279447103
300.3357135935954
300.77034769501574
301.52453926387443
302.4534231297414
303.486469825937
304.60353869252197
305.7529925334709
306.8423270410897
307.86412396603555
309.07112969416403
310.89605811692707
313.4667185513721
316.1410978459804
317.79945208505865
317.97695141885856
317.64908583493025
318.3850654509172
320.5802046542432
323.0347383422562
324.4988217164299
325.12418660063804
326.1043409919398
328.27652071044133
331.32515021918607
334.15561849786627
336.00420824560933
337.27383375912814
339.07871526457376
341.8724996860402
344.9041960987454
347.20569562163405
348.6930753788922
349.9972414116062
351.5015112025548
352.9037152817192
353.7158099041094
353.9646605678139
354.17396618980973
354.6505736292539
355.12580150028475
355.3335421271744
355.59600219386255
356.4337420704263
357.86056085277005
359.47698422482836
360.9866365463705
362.20680731157483
362.8986780305687
363.0735230974317
363.22056497151374
363.81481994959483
364.7750783372908
365.64464292785226
366.08324975022424
366.0598143378219
365.8430375081168
365.91069121723683
366.6472649252315
368.0415285157094
369.7060155970047
371.0628808610802
371.5308061169384
370.93216971720915
369.9393969820436
369.74445303286967
370.89945334527044
372.7194619727263
374.2274907148527
375.43995127808626
377.1663324942724
379.67973480961257
382.2302878017341
383.9214663394618
384.5599643245213
384.5971129539571
384.6432843773737
385.0870558471902
385.9330867885516
386.95070087580905
387.9515760587078
388.8246725097424
389.47502327471955
389.96765931684115
390.5739501611427
391.4631882079934
392.45815765988357
393.1931159004994
393.50653663600474
393.7740412358576
394.69753830256343
396.3594662458859
397.7531051101615
398.01090045074477
397.8625873290557
398.85586142067507
401.1947339877413
403.3801537998253
404.05045708379
403.2729643201688
401.9388002393524
400.73750078979845
399.9970811047276
399.9291750969611
400.59718513171504
401.7325769350824
402.7268820155994
402.90848128442565
402.0592625145763
400.75410862998274
399.9205746523584
399.84316239729594
399.79844223457434
398.89699268152367
397.1377356800534
395.4509580864739
394.8370497434691
395.5940738398575
397.2254827529757
398.9036341879769
400.0087475565921
400.28626835242767
399.64184091830464
398.0584602583527
395.8080439661144
393.52018805737225
391.8487504053628
391.0826353432053
391.0427877553389
391.23822361737155
391.1838820960096
390.7088997623887
389.9042168173622
388.7521878755182
387.0902107404054
385.09106539247614
383.4095187793389
382.4991523826674
382.0112161830868
381.1971147688155
379.7307478511841
377.89608214255156
376.19875737607515
375.0110838624993
374.3393773314264
373.7679403525562
372.9114038346284
372.00210543767173
371.658193710923
371.97551737410424
372.21230762861836
371.48962951923636
369.56154292823965
366.8827122419307
364.1950817308671
362.1514676974654
361.10159234453624
360.8732265398776
360.68131425470904
359.6629231277764
357.8013601557192
355.9878960191504
354.9541132536282
354.6048967540647
354.49165544747933
354.2167264303031
353.29160804680595
351.4733425048613
349.35669100969756
347.86347083578687
347.16994902208603
346.7286786701633
346.04822131579306
344.9231615557758
343.34907921663284
341.7098145816131
340.6632415700607
340.46630774512766
340.59034362513717
340.14072613675785
338.672390083496
336.6731706993959
335.07498760782084
334.1027784135124
332.97836830138647
331.09208210681624
329.0084070653957
327.8204245641682
327.8053992525429
328.1949821541787
328.19090591665463
327.80931954584
327.5412625896603
327.4242810359617
326.87459132983054
325.45978412826935
323.43090940118043
321.3961646355491
319.7997853393972
318.7164604152624
317.82133005730384
316.6550999861638
315.2118428386985
313.99263083186196
313.16220291519096
312.14487035489515
310.57074874563426
309.09367574817134
308.55202269404015
308.6880307977314
308.44427519439535
307.300000798954
305.61166286592714
303.7899797005483
301.9168329932866
300.2731943364767
299.4934195589435
299.67796143059775
299.71775701919273
298.19032335257646
295.06741468938424
292.0518146011046
290.8636444662969
291.4359706317502
292.1337545089216
291.53539046559166
289.6241569082024
287.4290048402978
285.9691126188209
285.53090367605574
285.6294439347146
285.5636765405319
285.0125799067299
284.039393556616
282.7093206406953
281.01177117997025
279.0736118688212
277.18559639157365
275.6310972343993
274.5357199312753
273.7824968818912
273.1395392382618
272.6115409911803
272.5118603519975
272.9922443911876
273.6044658069061
273.50726452571513
272.198092913676
270.0951991221266
268.26765555001555
267.3675016753749
266.9535207033525
266.1719318253479
264.92888569912
263.90386255788803
263.43580484468237
262.96415408454925
261.7976661452979
260.01136863006093
258.28389990404605
257.160960821766
256.7147056994488
256.5704869829684
256.0272047480448
254.534400439308
252.339093990493
250.3953240455152
249.4168493230991
249.17759036811754
248.88993599247044
248.2076378984757
247.67640725259812
248.01323161598395
249.0343748647521
249.64158730111373
248.9157396909549
246.95944789852052
244.7042226697784
243.12992290233393
242.50844569603134
242.1452500269341
241.0653000896745
239.16968180723535
237.42497364774363
236.66982006237026
236.5820760431016
236.19771130671808
235.1755408407538
234.03774227564963
233.25399045204944
232.64821140827897
231.81260288550274
230.65453824150856
229.41423248413355
228.48644039683393
228.2008010463535
228.41241090648862
228.4257937450015
227.6921829377651
226.4190429587387
225.20736249835005
224.34965896210645
223.75868513782126
223.33804775769477
223.11707212270397
223.01430665291895
222.61668618549106
221.46539852874793
219.7046386942019
218.10641448652203
217.18269551853896
216.6735903440343
216.19194968798334
215.84440255556135
215.8469508458931
216.01445225132716
215.98683959126157
215.60019789330948
214.84235191055
213.76310565051162
212.49495191349126
211.124228191224
209.64534060922205
208.21293668168244
207.17212802028862
206.7234961776848
206.85876689568596
207.47525519307885
208.12070539762
208.0753177671579
207.27873304573734
206.50889489075155
206.06047256585975
205.20208857001785
203.51278586639546
201.62648319817782
200.16887852333542
199.10162549662687
198.38462906957574
198.17323635355544
198.25243898103048
198.15177783705172
197.71439088507833
197.0307495734329
196.22476862706802
195.56568136332777
195.1604784107933
194.50110877120943
193.07596448386164
191.30370579941547
190.0899071380465
189.67983180235922
189.5673450670137
189.18065931679968
188.2381529681115
186.9179498244042
185.90992690878258
185.7483083790044
186.05952181357867
186.04314974954525
185.5661668353219
185.2135362236564
185.44073537728335
186.13891992491006
186.81041247382097
