162.26929384465944
168.64293445972294
175.80306409227686
183.726607259622
191.95473888243828
199.99758803935796
207.4052639554233
213.8235372203623
219.3636459919236
224.74605838604245
230.69176250984637
237.1633811949408
243.4588290104402
249.0278933236944
253.90435710593226
258.357961317963
262.5743906735356
266.8378359809752
271.53573831444885
276.60838335049425
281.328413934076
284.9850029232259
287.5494978729514
289.47435225243095
291.21806224666676
293.1984755566958
295.7954274626549
299.0890997565941
302.8494351588462
306.89905832788264
311.15666012654333
315.2579110357646
318.544604469617
320.61242896417446
321.6551939884722
322.2517442837698
323.04576910298505
324.5541337377843
326.930602701823
329.8621114734434
332.921524212349
336.0106348797607
339.2819701360262
342.75012185823897
346.22446000949907
349.50479710114047
352.4077748220586
354.74651385565335
356.52777643868984
358.0591677343863
359.7208750071411
361.77528688127046
364.39708047274814
367.58275913388127
371.03130570367534
374.467989223189
378.0075185037499
381.7271767764933
384.99416687260447
386.89997217087586
387.5087225118249
388.09117227666803
389.7845301063128
392.3039090778182
394.2567874358299
394.65212759587104
393.9537799518052
393.64734153854334
394.87036497657596
397.5745894317492
400.93913004300646
404.21259582810467
406.8989583410785
408.4978911896215
408.7010424535553
407.9268093864741
407.20454435373534
407.2814210308964
408.0002970388228
408.61052908086157
408.5098199142938
407.7017815381543
406.77312673236554
406.4116171576295
406.6986936554274
406.9371241587522
406.47994840425685
405.62762449602275
405.2776857308939
405.7155611356877
406.2194644394586
405.92305091941074
404.69617326380944
403.201722538057
402.46026629983555
403.1818528685311
404.97650291892114
406.3988182134126
406.4574488209236
405.961962808176
406.6002302589812
408.71347203428553
410.822799006222
411.49668897585696
410.92722362785514
410.39243406058057
410.77053437694906
411.9625773980125
413.43205936395265
414.89755586051575
416.4169180786097
417.8931896961498
418.75568322077095
418.4480549692523
417.2022743538702
415.9669566767594
415.45074188350145
415.477799431518
415.38609407768814
414.87533562451415
414.34682290955135
414.45494908239414
415.3497915736249
416.38438527534345
416.6655437050362
415.9632439728593
415.05545136152426
415.0908244084275
416.4915621738089
418.51295556766985
420.1558739303849
421.57848662203634
424.1562637715739
428.869380830111
435.10260390668276
441.4388896101024
447.16622405158535
452.51613733566796
457.88070976465326
463.4398040627875
469.3735638216481
475.93117204946606
483.2212850414669
491.01189364393315
498.6842083936872
505.5914899660316
511.835716777982
518.5435978253876
526.7969898460182
536.1095538247503
544.3694527139018
549.6573759869959
552.0292164497757
553.2009828041987
554.471819468931
555.3615632550362
554.5396595571318
551.6807041957757
547.8098318849451
543.8948176567563
539.6995229544922
534.2745917055928
527.2438817499378
519.250240557269
511.1560912856654
503.1047887285801
494.64647316553896
485.802229000972
477.8023672060892
472.6451778233959
471.9221421678384
475.9888827398555
484.13575038545093
495.4623854792103
509.3580585008858
524.8672601833687
539.8822035604308
551.765865944719
559.1014276604661
562.4692365049295
563.5232671859267
564.01278603923
565.9043547971294
571.6042065070363
583.24757182968
601.7332277972245
626.56351181931
656.5074252579036
690.5698825381804
728.7323341266358
771.7878598973646
820.2026625093068
873.2189910185599
929.2663821803256
986.9793047110857
1045.4538478322258
1103.6884479973921
1160.1217108584763
1212.769299842989
1260.0220416006343
1301.8256582620036
1340.0010593939933
1376.5769821318208
1411.539582645305
1442.952558308106
1469.5800416691939
1492.574778963881
1514.1263361466272
1535.2110193181
1555.2398157545654
1573.1908118506196
1588.292564709667
1600.0988695668004
1608.9302867643269
1616.387397120445
1624.7921871660344
1635.7380716646464
1649.3137501673345
1664.836326590113
1682.0335792526316
1701.069205847555
1721.4296211001079
1741.4474003499513
1759.5483072297106
1775.7875480514856
1791.5113625503027
1807.4612938749874
1822.8450566512865
1836.4887181927718
1848.292615182503
1859.1433564930794
1869.902711085193
1881.0577513146563
1892.9800193985661
1905.6832548965644
1918.2208839206105
1928.971577680585
1936.8963473027868
1942.2761610855578
1946.0554426642454
1948.7642220785224
1950.3087520598015
1950.5387079657003
1949.6499799263395
1948.07228644172
1946.2063014967448
1944.2865728589488
1942.3821114772945
1940.5895249798693
1939.316500957325
1939.1718885177686
1940.2933485345982
1941.8949042045483
1942.8391186200547
1942.6957748010298
1941.955780994573
1941.134646700202
1939.9090711390204
1937.2739952302763
1932.4505796099713
1925.5444010975402
1917.2861819159532
1908.0864186067095
1897.3300875217258
1883.6022791576454
1865.5440737580961
1842.5039673983488
1814.5906710760814
1782.2587565847848
1745.6317044480188
1703.914532933034
1655.504807657559
1599.0191864204148
1534.5043119617608
1463.7746974944712
1389.690483707357
1315.3093499421623
1243.7884767854325
1178.6362751590118
1123.2428917011994
1079.770823130397
1048.7550879580683
1029.9189381214333
1022.9423176742431
1027.1007857608406
1040.5181704228626
1060.3626525811585
1083.975717265094
1109.7592949040961
1136.9818731599123
1164.7598038032456
1191.1763246111263
1213.320012559674
1228.2006186540696
1233.8325017612547
1229.716357397997
1216.257992649022
1193.3922933633412
1159.864075265911
1114.672493344382
1059.691696781992
1000.0531085255396
940.846610673239
883.6406709380741
827.2560306894923
771.918395109365
721.4004299403366
680.471341485057
651.1136353600232
632.1308886095507
621.9366403102853
620.497566605934
628.343870902775
644.8514541861301
668.6396663817052
699.4899275103162
738.8453325713817
787.9662380861262
846.0877486451757
910.8028774488268
979.9146587878537
1052.412213268633
1127.5887508453682
1203.4141227247032
1276.0331794600272
1341.2809591022854
1396.9424617525708
1443.2411105564363
1480.9377575000826
1509.590769542919
1528.319487061803
1537.8319462262625
1540.878839636112
1540.7564591935654
1539.7818864495223
1538.8774598168675
1537.8750638216904
1536.0257978461539
1532.3759929294529
1525.6399682745134
1514.0177473712665
1496.1683950212516
1473.2338106493182
1449.65026069483
1430.958466967037
1420.2394293705195
1417.0363504379986
1419.9388755342304
1428.8562696324507
1443.061551506785
1458.2282146996808
1469.1487060965906
1476.2381064940132
1485.43769685833
1499.4092547896125
1512.5171399620376
1517.8738636187552
1516.1920907147282
1513.7540907023426
1514.2843579993926
1516.9771312497348
1520.223484438089
1522.73825274789
1522.2989734385944
1517.320651538796
1509.221769307413
1500.9519930427932
1494.261256559015
1489.6893903879602
1486.9812367957081
1483.9942440790685
1477.5943551107505
1467.1497343693818
1455.091876953052
1443.179794153975
1430.44336160006
1415.3285588421456
1397.4701567090497
1376.8162966273094
1353.2403940685194
1327.6731514967205
1301.9754567606906
1277.1659475866707
1252.614903126315
1226.8107371121146
1198.2779934246694
1166.434856206142
1132.4153289202086
1098.5421130021193
1066.415422626631
1035.9916090659412
1006.6403904374997
978.1691764246416
950.5461188791714
923.637903975002
897.727979765513
873.5617457066859
851.5012800820878
831.3189361141133
813.1756557463361
798.12128496267
787.1417862690624
780.186012116832
776.5888827861687
776.0590198533823
778.6526420510794
783.8538324315549
790.2260951516921
796.1972414157258
800.8630076315869
803.7124843431502
803.8729024704247
800.2368102949488
792.3776210883951
780.842133469385
766.4432870515466
749.6906421056332
730.9482724304006
710.6773367716266
689.4305225974641
667.9192405866655
646.958939193911
626.9156188456948
607.3000164858689
587.31622904674
566.8026627392912
546.4536332920284
527.2499562242834
509.7451114589152
493.6644269370546
478.1652877292572
462.74556525475083
447.81924883666176
434.0784401326889
421.47905159992484
409.3529970703876
397.4060825247945
386.0406357977716
375.69973764714894
366.45324265715834
358.30724442284696
351.3324525693948
345.21825729310314
339.18995546754405
332.8185178145672
326.68756744883785
321.840376344643
318.60794331928076
316.28068653654447
313.9370484183391
311.31513932065485
308.7756370766766
306.70769221565797
305.31664009249397
304.86230060631004
305.52549797755336
306.7725603848924
307.34234488584565
306.38680340058727
304.3781797276861
302.3866679784944
300.6373890946038
298.3070416118983
294.7005578452141
290.18438333598374
285.92762731469173
283.0432395606205
281.97311233745444
282.31812752829967
283.0512855100029
283.13229965692346
282.2493093645979
280.9391659396396
279.7596378333757
278.5058706403456
276.67230130145873
274.49746045796206
272.75118705125954
271.35697430607325
269.1024400624131
265.167768148606
260.24885175465795
255.63381718309358
251.7554911644361
248.30806900777617
245.3725422829603
243.60122922431754
243.27570863845133
243.83770521784498
244.6243314853321
245.6706299816088
247.4893155549401
250.39774442547147
254.51867399856823
260.2879746845062
268.3630853482985
278.73253346262896
290.176090141936
301.04286441646593
310.763291811006
320.494205666462
332.17620253332234
347.1580407073627
365.9976811580468
389.35435711794236
418.44041021501414
454.40268997559616
497.671749846715
548.0873177086901
605.1584910926949
667.7837889492938
734.0314843880365
801.6786067648746
868.9172868975458
934.3570749702868
996.6361974749084
1054.38619957348
1106.4558483434612
1152.0618720036223
1191.057572273008
1224.211049841341
1252.8199498437248
1277.7821069401073
1299.2040080168815
1316.9035649886955
1331.0437137152962
1342.3696955408448
1352.112079477084
1361.5758420977647
1371.6104606689987
1382.479936992275
1394.1354768726105
1406.3598617354326
1418.7547555604594
1430.8940435390546
1442.4321872075664
1452.96815855375
1462.168433523709
1470.2870255413245
1478.1974318890573
1486.571286949788
1495.2853404640844
1503.9044872842783
1512.4681836581733
1521.4806095191097
1531.3268877233222
1542.01833137419
1553.3228061132593
1564.7081580006497
1575.2274497257918
1584.014987091623
1591.124237380495
1597.541597602632
1604.1705588768837
1611.0498126719535
1617.6786839159013
1623.767354943195
1629.4097008021101
1634.695875100395
1639.39229068955
1643.0319139498242
1645.358570158481
1646.7834886275202
1648.3093718701755
1650.7766062771082
1654.170809746747
1657.7821336500165
1660.8885680567187
1663.0516356780572
1663.990905285313
1663.696806758014
1662.7284813460444
1662.014413774036
1662.181469584451
1663.1627010557215
1664.4211688617477
1665.4969891182677
1666.443590031312
1667.7076212325242
1669.4142642314885
1670.9176424140176
1671.3569518597426
1670.5245299807225
1668.9271578849782
1667.2409828797654
1665.994167813549
1665.4272111768362
1665.2165870645947
1664.5434415177785
1662.8387699624657
1660.3975929426736
1658.049024584745
1656.3648748238877
1655.4366494859978
1655.2774660616433
1655.9339121539454
1656.9324702924046
1657.061709316216
1655.424262254619
1652.7090995047174
1650.7178773388862
1650.4145092810252
1651.0528921883235
1651.4001518158682
1650.9735717594178
1649.6378543098178
1646.9616060397136
1642.9410245102583
1638.7973837402437
1636.0188249930225
1634.817441578363
1634.2783532968022
1633.6499161403992
1632.6064671187628
1630.6119689682441
1627.1508999789219
1622.6471826312932
1618.3468522637002
1615.1477492848383
1612.967546833023
1611.1452263688916
1609.0402680833201
1606.3562186508896
1603.2166148210551
1599.897213628235
1596.4273845915432
1592.5976575192497
1588.2630114496235
1583.3984770731602
1578.0740551981182
1572.7317404901737
1568.2009215277262
1564.9195454111186
1562.2884408046123
1559.2229048318482
1555.173044257185
1550.2685267045977
1544.8020116246057
1539.0606743339335
1533.4063241420315
1528.016502634264
1522.6944386267357
1517.3115910020456
1512.236862808701
1507.9108411573898
1504.1006370782088
1500.0026522231055
1495.1947752515628
1490.1814207251098
1485.6539169049263
1481.2776249714252
1475.7360198139565
1468.296201841791
1459.9121188735287
1452.2750109387239
1446.0246542395714
1440.3545200649166
1434.1287232062539
1426.9174721128675
1419.1171749738498
1411.4789293166705
1404.5042785548087
1398.1757062269626
1392.311547371585
1386.926087680977
1381.8577746959932
1376.3760627507133
1369.867177710589
1362.7673231713377
1356.067517157734
1349.9599614192018
1343.754168510474
1337.1277622667362
1330.6077713273664
1324.6123440835045
1318.7419268600913
1312.327410961192
1305.1310904417633
1297.191067882416
1288.4365519755615
1278.9300246433852
1269.3493820969727
1260.7888478124382
1253.8706138037644
1248.1780590832986
1242.719657508111
1236.8319347225079
1230.4799795062502
1223.9596385786947
1217.6997632528105
1212.1329999672128
1207.2356066038722
1202.2773142275207
1196.4987819932926
1190.0080856264092
1183.6223923543685
1177.8260524971133
1172.1826656421467
1165.8419506429123
1158.4831228737255
1150.6530221169962
1143.1617711970964
1136.2834154365066
1129.7373584425989
1123.342451565348
1117.3268865453915
1111.8881284132665
1106.7081210247889
1101.1484592450404
1094.9574711427692
1088.685133878343
1083.275276640931
1079.2025361314456
1075.9666272586455
1072.2334314034076
1066.4199997735423
1057.6012636492956
1046.2726301992404
1033.9610110923752
1021.7031624887912
1009.1391008535172
995.3517809514816
980.1799044403679
964.2970662950539
948.3028256586223
932.1783334837418
915.5948918763797
898.5534909393745
881.6914201829298
865.9332374045239
851.8006251886478
839.2016387686775
828.0062609940221
818.5669853608605
811.299883356438
805.8656856400113
801.2830378513391
796.9800460747601
793.232568932025
790.2499567447487
787.2203319246639
782.6935800506865
775.8272222293364
767.1358811961577
758.1575343147208
750.3044773791613
743.7281807857469
737.3771546875801
730.4376005663889
723.4726618563103
717.7155517005916
713.4916704940524
709.9500042493951
706.3122600919015
702.7553725426696
699.8550424478115
697.7215477683237
696.1400788714404
695.1281519496555
694.6615082943322
694.0683439486412
692.4772754007487
689.8225879888591
686.7310849013514
683.6246155882608
680.8101563795667
679.2381179880898
680.0030393627734
682.898250133329
686.326113230075
688.817277483245
689.9964359384263
690.0681634866606
689.1154208549574
687.094657443921
684.0003554899037
679.8920007968802
675.1685263371744
670.8692215194469
668.1483647792991
667.0637504372612
666.106185872505
663.287704641358
657.7863693340564
650.5700209186575
643.4979272943981
637.597853294098
631.9176779596957
624.3896644914199
614.3988833200953
604.1278130615875
596.4231439265351
591.5198750747492
587.0235217402719
581.1635677334726
574.7532261978521
569.5478207575242
565.9795923118065
563.3616269624832
561.3569945879894
560.1657267915122
559.77262313629
559.9768591662445
560.8563727878377
562.3704758398126
563.7814791004798
564.2668106503451
563.8665176487921
563.1333343403759
562.1946605899705
560.8705363484661
559.2841636350636
557.568074529064
555.3881498442314
552.5768455621213
549.8719380426548
548.1885307878327
547.332845369178
546.1135535230314
543.6806163145717
540.325100551596
537.0374290836547
534.625034163815
533.2587765431001
532.6686145851576
532.7290011060702
533.8447748099879
536.6017566902026
540.9685958940057
546.1477686438448
551.4960616512269
557.225005032926
563.6248004076915
569.968404227443
575.1752562515957
579.502609556579
584.441173821034
590.6682973142131
597.1126977871178
602.3550632160734
605.9249449726309
607.7837309613445
607.6602349795783
605.9011612165214
604.4283220214627
605.6716323624369
610.2571775792296
616.3530823266414
621.6768588735306
625.7461540715458
629.7499379282879
634.6609778704482
640.1908164067622
645.4294602733473
649.7907719310728
653.2797709253063
656.4006199190828
659.980394941073
664.7857821780124
671.1759350830317
679.1634891468219
688.7168193704772
699.9821225421834
713.3916084367032
729.4888316120843
748.2318214539139
768.3797468261985
788.0759871062611
806.3812114788689
823.9306235088397
841.8137932729421
860.0962039506835
877.646868889736
893.0962400749174
905.8100492602947
916.2951021041446
925.8286994091159
935.4560609121587
945.3246851546209
955.0590745701016
964.3320210220699
972.6604625814755
979.1279954392893
983.0612200998207
984.9615579953203
986.2589316122552
987.983467100489
989.9742020565207
991.6196575264046
993.0096822420248
994.6781244218424
996.3502590183801
997.0118877642944
996.5105927754549
996.009279697694
996.3554760708895
996.9912628020501
996.992022781137
996.2794245903865
995.3492280224051
994.5694909569302
994.0389214758709
993.4789143551415
992.2178460522775
989.9619505900687
987.4930676182381
985.8989478962769
985.2479120157082
984.7089062407844
983.8087684893546
982.8295587703881
981.9859082112923
980.8984932664872
979.1456174583324
976.9771109336987
975.0849740649398
973.622850391209
971.821694567509
968.9590855810106
965.4574715816932
962.4381073381578
960.343970003829
958.7066348021073
957.1905552264939
956.0617687642149
955.4687122347975
954.8649215283506
953.4639833356318
951.1378870075104
948.7209185346153
947.2208301313766
946.6197119187364
945.791244046639
943.8313863889335
941.0479418168429
938.3912358576034
936.4300794171904
935.1469349314248
934.1525796300451
932.770737127933
930.3989089913264
927.104058489249
923.5952313337315
920.5682867183016
918.369860633081
917.0735751720644
916.2448942859927
914.7382251336611
911.5976962380345
907.3940826301539
903.8984275337614
902.0547761759011
900.9633172429994
899.3350542782592
897.3048611996348
896.0960724365843
896.1527428544409
896.257388306952
894.6680703460287
890.889693104591
886.1175847678923
882.0115253944524
879.3666197712218
878.0541822351526
877.6407940468232
877.4646498881199
876.5160237950319
874.1411558497305
870.9412583993602
868.3191728269786
866.9171392754359
865.9101665279486
864.0199324658042
860.9149245268254
857.4006822907451
854.4063508016438
852.0643832297511
849.9070501089215
847.7512849383917
845.8670820475307
844.1300010114734
841.7486315084519
838.4703260126703
835.4555992585858
834.0674222926616
834.1275153260666
834.1442046748901
832.9739981267595
830.6465962920769
827.9204882939263
825.5733265375741
823.8104183369936
821.9865723956452
819.1359329720879
814.8776618290942
809.5972932565945
803.9541071905089
798.5999700929183
794.1758166317402
791.1356169550053
789.468264172391
788.5814519055758
787.49913540488
785.5425531462992
783.0070636415696
780.7875660789132
779.2087701622362
777.6837561575938
775.5562580742968
772.7439224550582
769.5627733525705
766.3612080085082
763.1805947825152
759.5595465322224
755.2122095264364
751.0667833633786
748.6605637976955
748.1289613088973
747.8954147605726
746.8047235066405
745.324140977632
744.0431197176904
742.2854548206202
739.1005073782006
734.726135475668
730.323795603087
726.885152396094
724.7585307631425
723.5416095071873
722.1653666671133
719.7324004837325
716.4507380698734
713.2625294138516
710.6390419008226
708.2022382434877
705.2634901957717
701.2870942183174
696.2387685195142
690.9554981893818
686.7547568496816
684.2549764702277
682.8702880313978
681.5540817604209
679.6097227862073
676.8788139836828
673.7664901497042
671.0485090249728
669.1016283873429
667.3311597688177
664.6631746237927
660.4919823627833
655.1025076611725
649.4789181818514
644.6386203307682
640.7955228482724
637.3408089099795
633.820652813075
630.3736811858583
626.9935797097079
623.2031709392406
618.8108351359868
614.189531457862
609.5498122235477
604.6333587669315
599.1704575101372
593.1158012964142
586.732357641575
580.8440300372017
576.3328200573654
572.9265789464954
569.1875021533868
564.0217228392524
557.5913635134631
550.7482602128936
544.2264608940204
538.3026152970066
532.81325696083
527.6336421938628
523.0371885406588
519.071405642202
514.9322573157795
509.76268624803527
503.7777366215377
497.94701670035073
492.9344284632859
488.7434754874675
484.8781139648845
480.58295967279076
475.3873478530481
469.499262889997
463.4212290539294
457.44620475857283
451.756810940406
446.6443955500266
442.42360677902303
439.2631675548651
436.87704939777484
434.2433706541177
430.2197374663768
424.78855354584704
419.13338951485565
414.17943367210034
409.60554717890955
404.5464299702922
398.75123431819077
392.73532002728456
387.04128531209153
381.57916702672503
375.74523796233746
369.18819636098726
362.21046528596736
355.1992663579447
348.1112519327623
341.0622143697482
334.92478503690677
330.4563717461563
327.120416699537
323.6497833441855
319.54211192200074
315.200544255386
310.9422005029952
306.7720117190788
302.9501094502002
300.0254838703229
298.3492077063412
297.9043621348634
298.3571703721057
299.0424103316655
299.3047665162037
299.14476890793503
299.2185793362268
299.9940580096416
301.17542004947984
302.11276490134065
302.5177732758335
302.5885263355918
302.6420197682125
302.8920319383394
303.49009639956205
304.44583769495404
305.4182543300687
305.8748125348233
305.66574564806695
305.27784645708533
305.3798914982014
306.33544628377234
308.301084081544
311.4020651944669
315.32119118823556
318.86796474562385
320.62427720292686
320.3880795650275
319.6373313860615
320.0526140043081
321.7031050166224
323.2541577945757
323.91546436015636
324.4592498672439
326.1375092184836
329.21925665964505
332.82075544840524
335.7334370943214
337.34224301486216
338.1030020330387
339.1282550546691
341.13840588033423
343.97885554696666
347.1028038378177
350.00868632489147
352.16141276905444
353.1245297151082
353.06593027808816
352.79726075860106
353.0777580588935
353.9488608739977
354.80077939908006
355.0928956671966
354.99174986678713
355.20716500696534
356.2530739874173
358.0908556880406
360.3812781795859
362.6442860215149
364.2054185730935
364.5725906946335
364.06951291213016
363.6773106005286
364.03018908348935
364.83400135382095
365.39592875825997
365.46311545467654
365.3909304747719
365.6854111648156
366.57889399214815
367.99441570889064
369.71731086713646
371.41983929021353
372.5127742423777
372.2920158728586
370.67231668756216
368.7386626409109
367.98147639091076
368.7582316338989
370.11308381545274
371.44184326554216
373.51796363644104
377.1545690302243
381.5385876054915
384.82860415437017
386.0537076185285
385.73255129859
385.02634258653427
384.9076429091029
385.7728935539471
387.3026805863651
388.8544893692249
390.0950276833678
390.9795659040097
391.3917551549997
391.413964662541
391.68790289580477
392.8071055352837
394.4637736334153
395.68229981376004
395.85361660067144
395.3839075717775
395.3555936942262
396.36199354663466
397.6871951304444
398.2219680466374
398.1913396564501
399.0196526244558
401.3246945217916
404.0762733136323
405.9273583065105
406.3847619440676
405.57066299664325
403.8837288097739
402.15081793790205
401.317473308112
401.69507517011976
402.86043254528295
404.1838912666206
405.0607291066827
404.9324619987378
403.72624025273484
402.1466122988487
400.94209986687827
399.98344686846576
398.6141597092916
396.7625953180835
395.13263441786495
394.4298893914574
394.9063906759353
396.44910250903865
398.5629543337985
400.3860802061284
401.1435611736217
400.5658759398685
398.8089157094195
396.2654638779668
393.51678480480007
391.1162589102644
389.35045759377726
388.4082726835785
388.54144509655913
389.67751299838454
391.13285693648237
392.0963208638518
392.15092815310305
391.14965164110436
389.141090469103
386.73266621298524
384.9333812489362
384.16720713837054
383.709247241858
382.36341463477237
379.6878325161451
376.59521950840315
374.5688770204571
373.9693816287081
373.5222759236943
372.1331748625902
370.63751351970416
370.67357610255726
372.19975945062566
373.30207191946187
372.36424363962806
369.5362968069711
366.1610254593569
363.5155524544627
362.1255686978883
361.6650975541539
361.2112008754935
359.8901444506195
357.7165786815137
355.8020328598303
355.32203334984814
356.21628629601685
357.31592703537297
357.65214995158675
357.047009094647
355.6211533320579
353.5519962542042
351.26441718309326
349.18943084049175
347.4309225320113
346.02222272349803
345.06769703880383
344.31742541392265
343.229868828754
341.8122492875482
340.7976597155955
340.61620903159144
340.65284576886256
339.95583501442275
338.4992019190724
337.26419157921714
336.8794082674009
336.6232504045946
335.30144903152507
332.84509326659366
330.4422443051593
329.23792925776473
329.36514920703604
330.09317356490277
330.5923973139874
330.6031165753879
330.3672657717473
329.92229590683064
328.90060916315383
327.20024073082084
325.2746469697861
323.4858828446841
321.70182679415734
319.7480842481329
317.8068883834845
316.24189882173494
315.3226276159937
315.0325334202233
314.8592087250079
314.0031635843339
312.2118379897084
310.2734165027409
309.2673944220327
309.35708926391726
309.655221349922
309.2060601075107
307.7180633209755
305.4442379512169
302.92847716430975
300.9590944320242
300.1340724346905
300.05384881530574
299.3013548214399
296.76828191238957
293.0666971063414
290.2806235541551
290.0227097362101
291.7553799547041
293.2368941509931
292.68666825857906
290.36071254956164
287.9622756078545
286.7969660766849
286.75850638074303
286.87103596048735
286.3544749798206
285.178419316442
283.97828188517167
283.44299419928694
283.47019028310336
283.0633590282488
281.45222975527895
279.09452902892934
277.11388030803016
276.0121009114205
275.4365089635421
274.94267925045267
274.4231035263245
273.8996533521756
273.3347782445349
272.6775907863904
271.9310716387509
271.1856678950791
270.5583138417244
269.9586843880641
269.00949439236734
267.4767824181627
265.72885544278284
264.3899940436031
263.48909926935625
262.361111948178
260.5405885909012
258.42489698631965
256.93571772692695
256.73771702584116
257.6827405030847
258.71724824820996
258.52540449409037
256.6549668112027
253.9469911829983
251.69039014088827
250.51146700639063
250.113493350682
249.77890394483293
249.0265615999514
248.02847474402665
247.44021244228625
247.6311467234416
248.11699955730177
247.9760629102731
246.78090648460136
244.93551977275646
243.22364292013657
242.1737033425753
241.60849253167862
240.7359205817413
239.11949752083328
237.50345885089536
236.93492380056293
237.1737220728203
236.9839001568395
235.93219680889177
234.76850640232888
234.01416099332556
233.20998864595043
231.6658207439033
229.33411866825372
227.02423670802875
225.96515198442034
226.69858864428895
228.3102920795307
229.3049363923877
229.10369444136376
228.12283026484502
226.88544164716816
225.7933959103976
225.18497913101584
224.93884114521038
224.57582690843776
223.9956540068742
223.3312522630576
222.23537378712751
220.45589827653532
218.80693139278875
218.206695559715
218.05048133195686
216.93108141103468
214.7976103852286
213.17619832127656
213.27585004108812
214.7367611433436
216.21816722152127
216.65699709471068
215.97134510711996
214.7736119853878
213.41203015779104
211.57069761664147
209.10651119708703
206.81608510181593
205.8329220906513
206.51986886203076
208.14341486438258
209.29514446974227
208.83915650956178
206.97958936200163
205.01593580354975
203.71224034668535
202.71863026124188
201.7740709366346
201.21052942053768
201.0231112037543
200.7269763074015
200.28106862738056
200.06662257381413
200.06421648026222
199.91949523605618
199.4732632848998
198.6482576188898
197.40444058875596
196.0857202387106
195.00721438693637
193.75936865081
191.95836671074056
190.32076445113796
189.74527462487757
189.87365461884124
189.78534882008842
189.35199832436993
188.86860451183145
188.35900498468487
188.03078473562036
188.26708655494
188.69323120230928
188.3670302736897
187.0737624786959
185.6211272962059
185.01432374537623
185.68430647049368
186.95450580029274
