4.01809E-20
-8.085633E-07
-3.831164E-06
-9.720617E-06
-1.872637E-05
-3.06087E-05
-4.457542E-05
-5.924763E-05
-7.266172E-05
-8.231424E-05
-8.525556E-05
-7.823651E-05
-5.790935E-05
-2.108124E-05
3.498627E-05
0.0001122428
0.0002114963
0.0003320626
0.0004714436
0.0006250628
0.0007860885
0.0009453755
0.001091552
0.001211276
0.001289676
0.001310978
0.001259317
0.001119713
0.0008791749
0.0005278887
6.043197E-05
-0.0005230548
-0.001215814
-0.002003612
-0.002864149
-0.003766813
-0.004672823
-0.005535819
-0.006302906
-0.00691615
-0.007314512
-0.007436149
-0.007221002
-0.006613592
-0.005565865
-0.004039991
-0.002010944
0.0005312611
0.003579807
0.007109915
0.01107837
0.01542382
0.0200678
0.02491664
0.02986397
0.034794
0.03958526
0.0441147
0.04826207
0.0519143
0.05496963
0.05734156
0.05896205
0.05978425
0.05978425
0.05896205
0.05734156
0.05496963
0.0519143
0.04826207
0.0441147
0.03958526
0.034794
0.02986397
0.02491664
0.0200678
0.01542382
0.01107837
0.007109915
0.003579807
0.0005312611
-0.002010944
-0.004039991
-0.005565865
-0.006613592
-0.007221002
-0.007436149
-0.007314512
-0.00691615
-0.006302906
-0.005535819
-0.004672823
-0.003766813
-0.002864149
-0.002003612
-0.001215814
-0.0005230548
6.043197E-05
0.0005278887
0.0008791749
0.001119713
0.001259317
0.001310978
0.001289676
0.001211276
0.001091552
0.0009453755
0.0007860885
0.0006250628
0.0004714436
0.0003320626
0.0002114963
0.0001122428
3.498627E-05
-2.108124E-05
-5.790935E-05
-7.823651E-05
-8.525556E-05
-8.231424E-05
-7.266172E-05
-5.924763E-05
-4.457542E-05
-3.06087E-05
-1.872637E-05
-9.720617E-06
-3.831164E-06
-8.085633E-07
4.01809E-20
