0.38143665487897943
0.09504742565029631
-0.32103466542024783
-0.5156290870293185
-0.38192396538048734
0.12340308955256316
0.7643209122953246
0.7418602744202071
0.16824065621851944
-0.7390241948777208
-1.0824615502297519
-0.36669330096825925
0.5806865418884566
1.0667181298493829
0.6874082664560163
-0.32247391986627505
-0.9417104957805792
-0.6298004441721404
0.04003599825045241
0.651115398966731
0.764333141329128
0.3327856508343387
-0.34104889150782497
-0.35697046947350464
-0.20922195363737522
0.01341359747172263
0.14266123654062904
0.22274476316879244
0.2806293860526037
-0.0039679971664541795
-0.3113464740301233
-0.33162692379812003
-0.24267313832681628
0.2870775896316637
0.5756568457173185
0.30671904149036666
-0.25602629046012954
-0.795800474700969
-0.5917326624665992
0.11825274076168453
0.7889722424374118
0.8615439457823084
0.17517135579288082
-0.9709873829860662
-1.287569947617996
-0.471428635272295
1.0472958819387932
1.6791830616032084
0.6647889895946165
-0.8814148894627015
-1.8987142077805454
-1.189953913659248
0.7688550533942358
2.0631918173145034
1.697668493510618
-0.2484792355256131
-2.1127708706147903
-2.0376320940817982
-0.28317767997106685
1.7936743878640342
2.334878210428877
0.9185149584813621
-1.183638968838636
-2.47407128628168
-1.491888525848795
0.40603544609747694
2.0406049431696482
1.9520399937614976
0.4262430486801039
-1.186547247197862
-2.041081699198205
-1.4684368290864076
0.24961531065813317
1.8971466698180972
2.3909384697473297
0.8567827233124179
-1.7365115185791675
-2.8457348670538796
-1.7125588598708699
1.0828174014073522
2.745976358374178
2.355044595053551
0.008666525621758566
-2.3034262784580677
-2.8388063039421314
-1.1951520883512436
1.4049498259067024
3.102993316874494
2.3260497323711014
-0.5061508082081557
-3.21127904698502
-3.0046418327792996
-0.1622521340701661
2.8122474749673896
3.259552182036276
0.5967450063918514
-2.0019889598477176
-2.9422571771607253
-0.971289056322806
1.126445644841537
1.8121130783417598
1.3599352406489371
0.3206450038860913
-0.8703787917065244
-1.7211899899760825
-1.4186679643722273
0.08327170128562283
1.7962806612115951
1.8379610517970306
0.5572573406608724
-1.2810515206286601
-1.9410486160783618
-1.0298171210054243
0.30141403369074915
1.7026342691356744
1.7849651066472694
0.6212605413698294
-1.258114006782957
-2.3902651520173452
-1.7425421921734359
0.9056842945004187
2.9090927697325175
2.4309326120939967
-0.5448582489206301
-3.158073026978058
-2.769287284004969
0.2975686404630888
2.9121574144161166
2.7227581868352897
0.19127693385303718
-2.3572790952981366
-2.660903538006323
-0.813367707309933
1.8288875962319004
2.8803240848824307
1.3287630436065752
-1.647819493830274
-3.0649511474659747
-1.5769521788119316
1.4568669853180096
2.8318015490890858
1.6884671822191308
-0.8703218241470658
-2.404667212419992
-1.7776071402432072
-0.014634308996319748
1.6902917075613486
1.9777505994362898
1.0894706561049667
-0.7127760920060046
-2.03544934569337
-2.124679608670753
-0.43001553691944494
1.8042297971667811
2.770960736331761
1.495657667242931
-1.1893762426446972
-2.915199245452352
-2.331764791586141
0.1497888646246303
2.4635379283152723
3.014638872079788
1.3091143746641036
-1.6346628340848994
-3.6463846509728985
-2.693786747936589
0.9073420260314367
3.816042834080085
3.346444502220917
-0.21807777458565752
-3.333937223005438
-3.159428604637024
-0.35478163108251637
2.2451618345217597
2.508387256523525
0.6997532792868316
-1.235694292725523
-1.7181188223230688
-0.5153817417405882
0.9244322644663268
0.8478082058609799
-0.31197320276644447
-1.1803696930221956
-0.27138827842878643
1.3902124480630929
1.9164432764163855
0.24945834925642024
-2.445144355695136
-2.746763997534411
-0.3576739738117341
2.7327370106944096
3.206308752864089
0.5895255454377136
-2.386389775807498
-2.801737486774781
-0.8106298930621809
1.2290101881612225
1.9391133535933545
1.283602637512434
0.08105351148019335
-1.2424873179242732
-1.6779591039147648
-0.7873985117864196
0.7864235220455645
1.4733651674245452
0.556828778846381
-0.38415411404103106
-0.2235660094569636
0.4123473234294335
-0.25120939567352246
-1.8208369124802597
-1.713990676510349
1.1741404828727224
3.7084575390969383
2.7196268431290402
-1.4466219577703676
-4.608528557093005
-3.572485963483754
0.7365856894364574
4.5062677097746775
4.123618768480188
0.42802405591125253
-3.444949846622921
-3.96871107083545
-1.5829677441555592
1.5980177451351187
3.2613747592110394
2.4273198763983435
-0.12124926843404014
-2.3051268184256095
-2.25467410640154
-0.30284948703653575
1.2981899488411957
0.9303073299393262
-0.021392394718257282
-0.17620702548026118
0.5580568437711942
0.2363567519026601
-0.7985729329348328
-0.9736347821324008
-0.16759832287935983
0.779530596186214
0.8358811722698433
0.50570894522245
-0.40127274278023806
-1.2260848613507502
-0.966304413135656
0.6705318705201605
2.031846545513622
1.0621178501001562
-1.6574019051567503
-2.912335956595665
-0.79557159172181
3.114261634829219
3.9832238123360835
0.05553594696754164
-5.1043804869987195
-5.1250250654294005
1.3590142712679574
7.459433024018807
5.6157984147095235
-2.7371564122854424
-8.488766825087538
-5.9782832138438415
1.9055133063975065
7.586012782982483
7.510163250038375
2.117882416112387
-5.88537446034365
-10.572333468084485
-6.628251004432311
4.169097721263347
12.168030546529387
9.500680020791668
-1.6293804468862738
-10.59244681775579
-10.059327760443487
-1.792496881152546
6.232765500363966
8.485743830645667
4.962337793225302
-0.4696261411823319
-4.8494453459723506
-7.219715098933698
-6.023562218853769
0.17557021712065854
8.979210490500193
12.125978301319568
3.935898938444922
-9.791561922959488
-15.701370118510164
-7.510784559364635
7.063245856698846
15.963357168838932
13.216330654221819
0.3987890539493213
-15.263825593485215
-21.708429363453725
-8.981189100912133
15.388114567489318
27.99062675231408
13.351198195924342
-13.950238249185833
-25.4998733480733
-12.850333585248118
7.171362443328189
15.909217548845287
11.203556314460359
0.8159764633778701
-7.316178984673509
-8.179493568073777
-1.9307458511368563
3.5919098862462127
1.0269699378240429
-4.380820703439806
-2.6917702160269315
5.83503063891845
11.85940675331785
8.048274393949482
-6.812000743654043
-23.190470610688354
-21.043599053415928
9.976131594502016
41.963167413222166
29.419103297532164
-25.391370064157083
-56.69772397535549
-19.843103770624044
40.6623221906268
50.64577311886068
6.80311450769892
-33.51619719308939
-34.65951353946145
-11.450580049094572
11.07604188578449
23.686888695362043
23.2775344529751
9.873085274645252
-8.769233563192639
-20.945187213024983
-23.697788469096583
-21.76644745737061
-9.029007245490101
26.506934416015863
70.29949403226604
76.20931192026448
-11.57271505630974
-169.4318754925651
-177.68434448162392
92.64674325455016
288.4893529471888
92.65708461837733
-177.7579328346552
-169.4914796536189
-11.525449871160925
76.26853844938888
70.30079526740246
26.48738254758696
-9.01900424873962
-21.750551182326905
-23.68912697437842
-20.97486916024847
-8.826788100676929
9.827250319622841
23.275425951457063
23.771602536100474
11.220095983783178
-11.332739374662367
-34.74503047114429
-33.83127407082782
6.512900283577275
50.77151512043286
41.16636450271122
-19.484434267835056
-56.859543266541614
-25.91625023686288
29.08971495838228
42.057022137149815
10.325850317800064
-20.738171715792575
-23.13599603674345
-7.009145672934447
7.806685696106478
11.764669751716935
5.9698253533528955
-2.601610423995973
-4.469092035738958
0.9399799450980054
3.6756749835031157
-1.6300216795429265
-8.005893155306504
-7.463383845940418
0.28974247149969695
10.746662275326017
16.023010610915588
7.951144402994289
-12.016864411678338
-25.512339007414884
-14.923760099289296
12.237294311940838
27.81480972374093
16.327663289723247
-7.7304888353067405
-21.292990065082282
-15.908878709707718
-0.8413724543302605
12.462798572717396
16.262104597783647
8.173802056169949
-6.530523505261088
-15.658141292476056
-10.664865727621043
2.919157751424893
11.899812055381224
9.484261534587038
0.9133469516364332
-5.62181545934254
-7.281730013522579
-5.301086242648638
-0.8185928030045424
4.672444463247949
8.490760411445592
6.521047398715125
-1.3555787050550856
-9.623752856007247
-10.682566960654695
-2.2322112138721453
8.793017347322955
12.051927085664849
4.734282034776745
-5.808273200085512
-10.213385018500274
-6.239483059197833
1.358845470840845
6.895410143107947
7.673131507429957
2.5994761230728964
-5.1667370301243825
-8.437321537101964
-3.4894207041331553
4.922656862263323
7.419872550911426
1.8927288458379243
-4.513191621308854
-5.142826994051235
-0.3253373908727404
3.5599259356316324
3.1194792387459818
-0.3296196441082236
-2.682924271833513
-1.7730487701143183
0.6616118167113022
1.8713680212294097
0.8462540745083235
-0.6652659397915318
-1.016141759351635
-0.4945914116635679
0.14427293823585832
0.6623685616140514
0.7472729473032631
0.12398002393861204
-0.741188895017841
-0.6979187321315625
0.01660873754901828
0.33712684819052374
-0.24456100932362101
-0.07743025895182153
1.0267775333813718
1.4141654931403165
0.05212478114021392
-2.0385443159924788
-2.487507327316105
-0.6062723275945793
1.9932035213308175
3.197973177631045
2.007539937365694
-0.8348448662313152
-3.653795755612692
-3.8150553184162224
-0.4530296133277799
3.593276346477202
4.7246775468332896
1.589994566985485
-2.89108845640769
-4.530741552544898
-2.139311300044257
2.0171058049688986
3.4551189987424786
1.5696951760365665
-1.112638179617218
-1.604915920787814
-0.4305144409103334
0.16221051897523775
-0.3346674908194397
-0.457470737540656
0.5598749123434612
1.5402772627957115
0.872179726371513
-0.6314348358550187
-1.6466637801159076
-1.1941359394214508
-0.14947190693939605
0.9241589683345187
1.851276330820828
1.5009369471424168
-0.3135838353749331
-2.480176783678247
-2.521936825716628
-0.0600874701319361
2.614284847226265
2.844388198804386
0.2198631113892804
-2.3081067008441103
-2.305922595363001
-0.1987899539850723
1.622937362147872
1.4963683443760443
-0.20141604156444046
-1.0433406408118222
-0.4319046452921003
0.8347360572978305
0.8216183152966772
-0.262701392184973
-1.5603509293753348
-1.405866832642083
0.34765642128517565
2.1552947964367477
2.5086431399344726
0.24600165635316593
-2.6436243467621408
-3.444904438290653
-0.9219064050460831
2.5947647481313596
3.7894687332185635
1.5064927599858757
-1.9413061144437798
-3.3522950542843915
-2.0218573213164377
0.5307754621182744
2.604176601919889
2.6421690339427295
0.7994467718063984
-1.765081176781359
-2.930132280636566
-1.6968602289970698
1.0290782834768406
2.6094079413889775
1.92232234672654
-0.08930781234053566
-1.6927136462374086
-2.1110649015681973
-0.9015980263471304
0.8650055351807574
1.903287446636774
1.789040456066972
0.12369306295904177
-1.7245586525173118
-2.3190497555094503
-1.0726920725185418
1.5109178104010401
2.716975959160792
1.6414208864544741
-1.2515239887087344
-3.0031733588601757
-1.7855625922373402
1.002579234911037
2.7445728849281377
2.091780367051788
-0.5222703218568675
-2.5490714634447786
-2.3860638650095587
-0.2940400012722769
2.4458143198296747
3.0010907388105488
0.6859327465356697
-2.3037448964193414
-3.1492530801165377
-0.983418969765936
1.9394510509406504
2.924382177901061
1.1629285191922119
-1.141117216860745
-2.3829668261829333
-1.4566778345103535
0.16298639855436522
1.5949867436012037
1.813401102751088
0.7537450584986639
-0.8549643826337421
-1.9564125842386157
-1.4319783716341514
0.1604651531006104
1.7553706362799286
1.8246667641260494
0.35338835157071014
-1.0597714358836405
-1.6396794820261624
-1.0623339195395283
0.0992530499537155
1.1631382341131353
1.7466485112858023
1.1955636379597587
-0.6825283607036642
-2.6242724566032853
-2.1721133425073007
0.28339513549412343
2.8555744234058427
2.924920760867278
0.26462904927170555
-2.5328398869233895
-3.1256108662801743
-1.0624429027642404
1.7931282415262144
2.9752486766638
1.6829663139388562
-0.6371792702570942
-2.559014756650505
-2.3312511980410555
-0.48763232575873405
1.9115379202756975
2.893995385037016
1.370459563880515
-1.209110803779197
-2.7930292258204408
-1.9194744275019486
0.26302689831458076
2.2098138078812597
2.115968693371832
0.5976444503384529
-1.2133479132082534
-2.019609644631469
-1.5233427427065371
0.22922660389635008
1.8034463828405225
2.025798353125908
0.7485592293501467
-1.2261712249708332
-2.2829638060463577
-1.5674307694563225
0.6114546113175061
2.1392129970848264
2.0184026065548983
0.11596844728070926
-1.7794968856227589
-2.1045811817259437
-0.7638867636358505
1.3411355395265965
2.0718168986865884
0.9579752264752515
-0.8125491573136727
-1.8364166078083661
-1.1875335342279143
0.47811948017257233
1.4461352932228686
1.2702119519439927
-0.10526529917042413
-1.1567361248881503
-1.0688453582905482
-0.023273667401482432
0.6764077767763376
0.8252414118067921
0.28778107118390717
-0.41713085184085996
-0.7574156954724907
-0.38106821562286536
0.2629489088447836
0.6407865333603083
0.37395827282966554
-0.17509959711411463
-0.31261413138384486
-0.3816570256657711
-0.12454772507437367
0.23474316599323053
0.22162189247520372
0.3016200639342099
0.12676920774870376
-0.1626272077512109
-0.3920276278012537
-0.46164061212715135
-0.03148201617829442
0.5958623861066071
0.7076365575127606
0.1484743904293876
-0.5718681098795467
-0.9283372378529725
-0.4598765054778603
0.5303281679492237
1.023075924769853
0.6668730931630228
-0.2415293288491207
-0.8890011225026674
-0.8283599134152169
-0.1090425223862801
0.5813561879451955
0.8300455176760952
0.4167877761578965
-0.1896492440530723
-0.7398360785349644
-0.5563259789614902
-0.17152894652735234
0.3476737107117608
0.7573772323721246
0.47607347001010325
-0.08955621296771332
-0.54753105895296
-0.7356136540288789
-0.1226694377956713
0.41935322109190354
0.41027840668321475
0.37992722306576676
0.04157773314456283
-0.2121400785886379
-0.552964062916988
-0.6003720823663266
0.03555984446483207
0.7293951284873763
0.8901379071669832
0.16624843019098684
-0.703126994146125
-0.9926350704417903
-0.228470700401822
0.5406221593753926
0.7845969072315186
0.32707836596729273
-0.26036443154067207
-0.5632666728517783
-0.2875558082876499
-0.018226787586868427
0.24284606391615476
0.28452228995779005
0.14348774511838852
-0.028963297917522175
-0.16958556608246136
-0.1475690407265028
-0.15686246555197267
0.06242261141803144
0.021563828751397465
0.1940535035606831
0.2135779584126126
0.08174562045668878
-0.17916143563777284
-0.3857440398790629
-0.2231897104651686
0.21501380254527622
0.3130415674761986
0.3191185141898552
-0.06047278171231378
-0.3111595388882758
-0.33163836674522595
-0.04260767207153835
0.43696199389051205
0.22407896630754356
-0.12728554277748405
-0.2172824656896646
-0.3006824674816318
0.031276885803571575
0.46731227138820075
0.2675581791518529
-0.0864506880944851
-0.5491235943459546
-0.3564864567265999
0.146300529289261
0.6160872385925495
0.42491454894183067
-0.2701751396337403
-0.5246846076064535
-0.34458880935565656
0.15239168125688454
0.4255657423600405
0.24606633254020568
0.10793755961831106
-0.23631320132684738
-0.3231905632623871
-0.1631748617998193
-0.012387234918998537
0.3180522150781124
0.23418867546462266
-0.007751848802376113
-0.056086091981734386
-0.32653373216029896
-0.07220529277307908
0.07074129007650377
0.09631847995298641
0.06237636309165717
0.20872706768377533
0.046153417852309475
-0.08869209477171433
-0.25255895305296233
-0.2853637390554636
0.1218990208623197
0.30402897723383937
0.27468085764882455
0.01945721949384011
-0.3753699008032903
-0.2181476659946469
-0.10755675849937166
0.19538189478675688
0.2888019007602405
0.21908954587592833
-0.0930349194868982
-0.25762054207813334
-0.1947819122030175
-0.027965143496628674
0.09356100457734501
0.1939758746021335
0.031279791177696754
-0.04650576582583245
-0.007314449705729044
-0.008220483718530477
0.05951966677065879
-0.19489131517953054
-0.05443540058855771
0.11868733788828012
0.1681281638635211
0.11377402169246255
-0.1442955522152302
-0.3197762719224364
-0.19262656143296972
0.3107953967813718
0.29874544242722517
0.13759221278071262
-0.08699294624779133
-0.2515999450586548
-0.2456465560755733
0.001982920501522413
0.16261274617933014
0.27438781365098863
0.044822906982898834
-0.22952196456617163
-0.21615482313086937
0.05240511366839445
0.1772405271053657
0.22631453655177725
-0.041002050041066385
-0.30648671665510074
-0.13131960091968803
0.06068000743393539
0.3151634585198054
0.05406117633745455
-0.028321010651149846
-0.26760639516227014
-0.05726970009478837
0.03441420133038174
0.1280897605425174
0.041668249937422665
0.16328291191944305
0.0180202732935606
-0.20298841667183765
-0.21893723026041473
-0.18002639556956784
0.2394497299151372
0.32463503358094775
0.1475981178282488
-0.15306958739297963
-0.2651985249202693
-0.09554877455894135
0.005909467254828424
0.1443682284245758
0.11090139458078258
0.05855433850038546
0.06032667199732358
-0.22123553153219908
-0.14559325267747508
-0.08504281636077769
0.03601478774486315
0.3145750639563716
0.21106886609561293
-0.006878606316767974
-0.2619176810362343
-0.1610015878723341
-0.0671720457155025
0.07051681477391158
0.110193723174545
0.09448259668758227
0.046011860363960586
-0.08729696198454981
-0.048932819906178704
-0.1757765752510438
-0.001556635014186197
0.2473784439532051
0.1506363969975806
-0.13764381731342662
-0.06932512840173276
-0.05732691130613821
-0.12237311030747845
0.06777231284000208
0.13343540892773437
0.03238362577627111
0.08980245761633418
0.01961586636563856
-0.11745262076673106
-0.12197590582829676
-0.13209274656722406
0.07280207728018435
0.06192151225576329
0.12120866714049332
0.055285357816189235
-0.06725388525148779
0.009153310011590818
-0.05753960618974539
0.017705197076253634
-0.06123803090656429
-0.031914371293996165
0.14247270795334846
-0.05128982366038874
0.06847590501746348
-0.08236683969638946
-0.03679479416193175
-0.08021962647248085
0.010296613875332117
0.1475092716010768
0.2610666592833061
-0.08025535773499742
-0.26656105357968574
-0.17344049845346288
-0.09781953690809937
0.19004370100370185
0.3053949864610704
0.11025440179130935
-0.09413822827544903
-0.234751298091571
-0.24979541095872862
0.1024781649313097
0.25221183851076323
0.164097951720399
0.060638865443639445
-0.2701905157835834
-0.2653707047258627
0.005103746567992373
0.16413405849105828
0.11563767430518601
0.19356719623397386
-0.03278556422451833
-0.0919839612552853
-0.20116680705315
-0.08981225996858158
0.0433864451303976
0.20883383866944616
0.09525381023745884
-0.0576066788391619
-0.18225440666964263
-0.08979476234209982
0.05572171825859124
0.2106482321120467
0.04800551824521456
-0.022329945311927994
-0.22844144986225629
-0.0542992114870036
0.06971540857135405
0.12448653946300975
0.1943191023539237
-0.05424313126865843
-0.1346564941528582
-0.1844791499370517
-0.03903346543034938
0.06473698487238304
0.19155172914426022
0.21764380681469922
-0.13445858559938068
-0.22126130537402278
-0.1879898192754751
0.026239985174664835
0.20046682093871634
0.2527255193482426
0.02291893647169622
-0.1116143141353905
-0.2399571418533215
-0.12393266469962017
0.057215473279177524
0.12903524176376235
0.2165938129464694
0.03305231486836622
-0.10597755638751188
-0.19221752919884977
-0.1326400994651025
0.12458292077623649
0.18182553625272388
0.11540672416200451
-0.04833483862950508
-0.15987578003161404
-0.15909164782089255
0.08739657435173645
0.08413529408512861
0.11473710215903654
-0.0627674645923728
-0.07409872082013615
-0.00059275668856881
-0.061794761860281204
-0.03747125500973217
0.11618420488758636
0.1278969567631912
-0.05310985837147929
-0.021446215620966907
-0.06574580109558538
-0.021397728173990764
0.0571734510191192
0.04109779681053648
0.033771373454468616
-0.05882709170347033
-0.12765620720646648
-0.021968803563146618
0.04594186400085469
0.06439212491086219
0.08945726287896853
0.03629446237386538
-0.09900861423824468
-0.1215569046661985
0.03967969959421734
-0.03009194946130563
0.12272744052237151
0.13287235262564237
-0.05516351976807687
-0.12151598647509645
-0.06547516562447167
-0.033005449893508586
0.0866794628501761
0.11731085377845368
0.12700538087082783
-0.07183159309378213
-0.21569998333160828
-0.18147189472086794
-0.04475132541075598
0.23102728861684024
0.2393914342992642
0.13431568675003006
-0.18644654741652703
-0.1652258845257264
-0.1369745855547808
0.04488007937646116
0.11578507912426231
0.13307038610694225
0.01631582939047538
-0.03950750057514336
-0.14159727211873332
-0.06383296025253193
0.014201090885221479
0.06687835991327218
0.11488107471079853
-0.043794084201422986
-0.011760896060077347
-0.05762088963557746
0.035255521468798776
0.10889495055530139
-0.029082282480167386
-0.0975618894552938
-0.015675933600040045
0.0172407670914003
0.004483096503380297
-0.06821280800390565
-0.017709255539873046
0.05430719104504541
0.030272008065852146
0.01771860672457676
0.013402171931427365
0.13860579007189894
0.03529328700254455
-0.08095868639010002
-0.22138406740099675
-0.03680274910123427
-0.023402622277028325
0.13929239526113568
0.11906808994464933
0.05216298761984003
-0.04864200099916868
-0.1571238784803443
-0.06979360409534062
0.030838358992639012
0.09675864747937582
0.10233629499181977
0.022398509012193753
-0.09167068540572955
-0.030478043102589922
-0.07454950233288735
0.05692918510936858
0.07736124135232897
0.060472270252021634
-0.05769267469096798
-0.15648635539910344
-0.028746276251962646
0.08810501851150539
0.07353839642242704
0.07638503279767371
-0.061579464571619974
-0.07178420806326438
-0.084154810850132
0.09807074019060226
-0.012385086802381503
0.001567255026325607
0.16430820171470567
-0.10410190605994121
-0.03583868841387271
0.006465801624361328
-0.05378436813930552
0.060092131770389946
-0.06694690066958779
0.07370002052284912
-0.04461400078787334
0.04618748614914072
-0.008478429390309546
-0.009809516085129664
0.027135436471853236
-0.009542456597703319
-0.0850485404166555
0.03165593653285011
0.05965992530807199
-0.03276877081223445
0.0009517534103643695
0.10045256241157798
-0.06255663205677958
-0.08140942850728888
-0.03506242118199156
-0.008838993006635947
0.09423282461564886
0.06280439082564421
0.046546147676713834
-0.025525749251669682
-0.14006019203667602
-0.012317136119932601
-0.0027536566666895054
0.12449108971583368
0.00886485838821521
-0.022655667041937163
0.00011911569156669555
-0.1841578674090307
0.038076369904028184
0.07208836570943807
0.05996321876776114
0.06627148554291742
0.06143329446067366
-0.11157108400439661
-0.08908354524779152
-0.02969001569196101
0.03289504848069901
0.058260378567012674
-0.0122163044413357
0.047307240848315286
-0.03591444318245014
-0.04355258372112132
0.000973425975838176
0.05274517717185867
-0.03772055163153849
0.023645905993429507
-0.05455976620360591
-0.03207298146893994
0.097708150861938
-0.0003253854314540487
-0.008660395933801657
0.06594223342135497
-0.012655334104537232
0.03869218085193183
-0.16518375344737996
0.022607206501696495
0.04571256661353952
0.005106465477202505
-0.03562050508795006
-0.03715566576544161
0.051647406050816594
0.012403901557279523
0.03478308912513232
-0.034891034229342664
0.021797831572032043
-0.11067311314187193
0.0857262975469955
-0.008294339878652229
0.07954080104262318
-0.0011674336645290501
0.005607234033102294
-0.06441845654955276
-0.13674863631184075
0.16807544781614084
-0.07421606527692191
0.002327653720897836
0.08073993916923874
-0.05830647020436662
0.02834917407484619
-0.0555998029567035
-0.05114329096357982
0.12461956142577146
0.004995564202175274
0.05972847318400988
-0.03641243711979516
-0.0454921569015616
-0.05973581643497384
-0.05282300273555185
0.012431987185414961
0.14314123568225803
-0.016929782709761563
-0.06436903147956285
0.018700967325741707
0.01961831446879899
-0.02659299196956064
0.056441766561025127
-0.03315267958560543
-0.026433731128894977
0.03135674473405377
-0.04543119924984476
-0.014306807958401165
0.05660612222688323
-0.0021748813824494398
0.009326996612173184
-0.0981420073476548
0.1038409969516692
-0.010790252027298696
0.10897138047865988
-0.12011290871662396
-0.0686100926017707
-0.00995338549629679
-0.005804073281647791
0.07433554226479605
0.021898907446015838
0.055986154502502855
0.07457798267090034
-0.11529234212643126
-0.0634211206876235
-0.023553696334594518
-0.00531242748919671
0.07756642181651249
-0.06850097511890056
0.027406133208421325
0.07304360541081753
-0.019249093270276452
-0.009897355837777152
-0.039045721202220635
-0.010653355042499691
0.07757412742610638
-0.02290070959655912
0.0046225968088923885
-0.05952376625746401
-0.03695676214813485
0.02299948632732571
0.08671105840984249
0.0600412109030998
-0.020553472959446765
-0.051627602787057615
-0.07185733972597641
-0.040087894903983706
-0.043587567529555074
0.05172654643459063
0.15553171365655866
0.023412201265353937
-0.04044053856057335
-0.08347647666889395
0.0005183306067849732
0.024982894400117927
0.004801754220460923
0.03438874518084222
-0.07297825575092258
0.03216445841054752
-0.05724372188555975
0.07271079855250027
-0.04161185496434253
0.04569939089766188
0.07409621524582638
-0.1753430930272448
0.004084984391035802
0.0704447169811862
0.06320833170814033
0.012085898079093922
-0.043057979819641476
-0.06865873199709453
0.014775673136155174
-0.01653779604124354
0.08507665984287473
-0.008992348421579813
0.020406871095658707
-0.04129069401221329
0.0004839112538115936
-0.08739454229114221
-0.018980351923518195
0.05874881134850244
0.07585330156983393
0.093003251581041
-0.06671606776675783
-0.1048911203111997
-0.08150476875797669
0.11431545123063924
0.055148202389983435
0.0005525595689428997
-0.021758007370889818
-0.050874806341721965
-0.0011615408571381707
-0.03150041326207691
0.101391719082022
-0.034740553414429116
-0.019453913199230587
0.02606830644900589
0.012627905390484454
-0.015334409813863858
-0.0017469783708981565
-0.08675358875206733
0.11830087362830043
-0.012753271876689006
-0.058118306255339605
-0.03704960924622503
0.03450112006895228
0.10974276554132334
-0.030511867399486813
-0.07319883916738705
-0.019244648185587365
0.04850863934697278
0.0876786831753151
0.006550407483302597
-0.16295398027610267
0.015962639825492345
-0.007352565860539372
-0.0026403870475331602
0.06749096265298471
0.009826153161920924
0.03993715186024903
-0.0348702174736417
0.027987464021732328
-0.10044763761361
-0.05243789949364585
0.05219709274998454
0.076885407664469
0.03770552359777034
0.06885087611514354
-0.04452257536014967
-0.09237030454133321
-0.061427136122711785
-0.0037981054930173188
0.005806012323295795
0.024637049065404648
0.02917379649119722
0.050520874760853964
-0.0429094372344046
-0.009493901118482898
0.003555067392976289
0.11606866339072495
-0.0597534737984117
-0.030448800589261454
-0.08562802841862208
0.08148476712990091
-0.02059822926153649
-0.022537970368644564
0.0277977310677144
0.04034650135041484
-0.03950376362233506
-0.0520531383615401
-0.01932230223231814
0.0022129974474645263
0.13275727289127712
0.08004514128193865
-0.07415592335128578
-0.08034701755665087
-0.09939282183083561
0.09014689343965929
0.08993477281397551
-0.0038979246854515003
0.038223133943125855
-0.16679416208586623
0.018816747934586712
-0.05476859964813934
0.05638837661127546
0.05338995702050045
-0.057785574800892046
0.1081814362845398
-0.059155796668095784
0.09301839964948935
-0.047783880525343284
-0.03084302152151333
0.061482927757994583
-0.045188528011631944
-0.08820102089974087
-0.029550140669739204
0.06175683116479176
-0.021170039460361712
0.04765194439207319
-0.02231575235885194
0.05685619113830626
0.019384683270357056
-0.03661420132776431
0.004959586999877047
-0.04812060434299528
0.030351823871773907
0.06414729889933543
-0.08108806563395561
-0.029836171434578687
-0.003074497931510909
0.025242344648940214
0.0685795341366874
-0.015076033400602143
0.011659451755281837
-0.07106881339285573
0.03447343258830041
0.029528870163316935
-0.0796985913572861
0.03873392055926604
-0.015614875047770913
0.025797161620377408
-0.04232189356564526
-0.02080934341154488
0.09565403118548094
-0.008874166835842412
0.028133730723292064
0.022858295772667864
0.04312318517553819
-0.17249922724467537
-0.09473434837282413
0.08078399739481915
0.02045830119734424
0.18135385877072047
-0.10274802257931304
-0.07604901416008461
0.010471185815707095
-0.006448334716038401
0.026658545458676373
0.06891224091224739
-0.023440578953263545
-0.1253470091589394
0.058858005989885324
0.08759547877021771
0.004879429365004736
-0.041524220816071614
0.0650344762028587
-0.037853122213142514
-0.06931120232267189
-0.07150421230700965
0.05446441667035517
0.03826941270733391
0.01919785562732121
-0.04048136685703482
0.04655477734679076
-0.030792178820572773
0.03053058520892777
0.016698935290256053
0.024091611392652472
-0.017393177558251652
-0.12957232320378645
0.0025373359901936627
-0.03228652757427484
0.06368635324958732
0.1541543164284419
-0.006768906759093163
0.06781608993458808
-0.1548173654920744
-0.052545162012875145
-0.019746697399849182
-0.007314227675698017
0.05972175745292601
0.026561026579890495
0.04073419710690104
-0.05368316761254445
-0.026949954712205383
0.027474421105102374
-0.02185898840379201
0.07590354459645503
0.021781256195938348
-0.04437795436103587
-0.10079701695061614
-0.070778598187359
0.15105815596923622
-0.042089546562374944
0.08955379047247694
-0.0511758107690282
-0.05874494316926621
0.026032251145979145
0.05182429480789964
0.09475214963196331
-0.03749706829915176
-0.08829203451775001
-0.015702718952491895
-0.060657271295024774
0.08502793740189574
0.06252073612466716
-0.04172777911167013
0.03670802415997001
-0.18066383016037074
0.054489988134920044
-0.07255330473305363
0.07336490954574346
0.21897231574147324
-0.05027493175753673
-0.009391669177301432
-0.1919964498099806
-0.04765924614314774
0.1179477172471687
0.13744818081021173
0.013558056101343863
-0.0510399986749175
-0.10763159919765704
-0.0632351212264712
0.004215460963562181
0.10069240817925346
0.05311892269887958
0.048797296880076016
-0.07429142416427592
-0.04010043550799547
-0.0851365940157254
-0.0058210299397592116
0.08760344690713402
0.0643957715107023
-0.014882751809523038
0.015367327670082804
-0.07432391774309816
0.008256157464853935
0.008638581602027531
-0.024690508686616847
0.013305009863168868
0.0004751308828314206
0.04388958885449573
-0.07962812717839303
0.08370812243054093
0.04717990254271682
0.04003367810636814
-0.10535589228937897
-0.08290473811189679
-0.04143682024326575
-0.033846430642957843
0.09809047988946694
0.11089652606643301
0.0630480039568754
-0.08569630322330829
-0.10334106410743715
0.12997230489950026
0.021876419542175955
-0.08532793616945343
-0.0097442919744784
-0.005761436169214295
-0.03899186201430219
-0.09625571324470722
0.027990059228739282
0.10707614261564467
0.06166715943416088
0.11190041507794618
-0.03759466725960411
-0.17630018782713275
-0.023971081890429784
0.07228343392886302
0.04410354988927094
-0.028907176148889647
-0.016490025159207534
-0.0087144589807213
-0.03655285663408752
0.07997516628346155
-0.0033589022364568038
0.010872620180051598
-0.06936507621747806
-0.03190212287307605
0.0900853185316274
-0.03112741657801121
-0.008457254133015792
0.06995801256943993
-0.06763158256350192
0.019223430320152415
-0.0676090902483408
0.018513780785010776
0.12375669294311276
0.018495807946728067
-0.07116785888987363
-0.06740061669329869
0.01735044079161796
-0.04163372212595239
-0.0042088617636839186
0.10256036375872979
0.009046250324121785
0.020061313893258638
-0.11084061334294824
-0.005146618200371514
0.04280767487075308
0.00535129788484199
0.08719024400833181
-0.06277294446620504
0.016437572489370344
-0.021105955033536718
-0.02200612876986888
-0.00010012081125595038
-0.0742188595785997
0.00987703151746991
0.01393763900816076
0.022606854886978778
0.08773387019910793
0.0342884164684078
0.0109654645099324
-0.04044838518125607
-0.039365650277296944
0.005103914761063992
-0.057459366972598507
0.012765349741322382
-0.04355682905483138
0.044361786616886466
0.03675510478083194
-0.04312131703991985
0.007619113319921854
-0.040129073468357944
0.05958727894535618
0.01621517772531945
0.048394478174062214
-0.0371784883772203
-0.009515207082051209
0.050707454052393686
-0.13419031098996353
0.14046170717176554
-0.08088000869376165
0.027398756925584113
-0.13509514111568374
0.019399265707914257
0.09844096554567443
0.033705950699442155
0.17947507736112056
-0.13988534918391574
-0.15728517805767472
-0.009188075839712186
-0.029106658472935087
0.14158704795620272
-0.005444573970680919
0.023132453479006835
-0.016953679830350545
-0.027972926431325384
0.08022324059326702
-0.048662177011735204
-0.02392949850516017
0.05630045271004567
-0.14061261990657226
0.027991321573004553
0.027075062960222742
0.031420916320748886
-0.01056339674888029
0.018780052865730975
0.009212957418803467
0.0013609513846176396
-0.00810227461656978
0.01347904907602553
-0.07978202583795486
0.10237436806139097
0.020614755928205525
-0.037938417730564014
-0.052164271861175324
-0.0344161125556295
0.009829362954651808
-0.04733999865780408
0.10039237341982826
0.0016511698537840364
0.024811948465750935
-0.0005932523852930431
-0.01481802386961062
0.03407564065551477
0.03402915405784683
-0.05924328135801373
0.038600253985375504
-0.15437812122127845
-0.10913481378592303
0.14952426498007249
0.06990210592209266
0.03984304931898187
0.04812070701664863
-0.06535264879350944
-0.03507658432643681
-0.1280372072585592
0.020918711191380186
0.16918392257607864
0.06567757619557094
-0.1500073890063996
-0.039385573589057546
-0.010060198418487761
0.1709931487447023
-0.06984807189492108
-0.0320282275664695
0.037526981853337166
-0.09995411149457349
0.02866725692827134
-0.053900954443266064
0.04806581668719499
0.06353087346071849
0.0375280192901268
-0.013461376017258522
-0.01823155851030527
-0.06571749399926306
0.012135049746869724
-0.007275509909125175
-0.030583636823289004
0.06874030343233128
0.03315653479956926
-0.05322054530066483
0.0652270579909292
0.009144159498216543
-0.036921139681306114
-0.03510239689964179
-0.020045672810601968
-0.00099979707355922
-0.042947896147366646
0.04936574427024089
0.03032003197901399
-0.0019634143054778424
0.06280693932586216
-0.04966542357289237
-0.06701895614863766
0.025576500481477814
0.05348459668324867
-0.031751980262005035
0.05735924220466861
-0.07588242917607911
-0.014061879438004798
0.04672893786200708
-0.025347751035105674
0.08150641540029481
-0.031045560840815643
-0.05380883506153669
0.027992720204580584
-0.04223618399894817
-0.038244641029831355
0.07696181783910266
-0.04929391452630376
0.07704754486991985
-0.00032287059011559935
0.004676881889461528
-0.029544800549583323
0.0052970354209147825
-0.03647358016260216
0.010614929425615654
-0.015031644790096218
-0.05772573038797101
0.04603266939977328
0.13257420893765878
-0.007407763884225207
-0.0996727001836005
0.03439553945713501
-0.030280540953923026
-0.005800737847326252
0.01592432513934842
0.01412316965339355
0.00371089703903943
-0.056500933066034306
0.05826620326714334
-0.0021822469146794412
-0.015162813489527825
-0.06185609453771858
0.03783379026399799
0.05595918081041283
-0.027943259886715296
-0.061697184949222106
0.03701483099525356
0.029006625424809168
-0.007202922480556126
0.09952850093092096
-0.08198225532453615
-0.07228781952515936
0.051017793185110114
-0.013419423356215394
0.07210317504780325
-0.07806796563163716
0.029573046174756545
0.0024745614226410707
-0.07008250425500125
0.05721034979412588
-0.014323691497499147
0.03871721013735236
-0.013017930848285796
0.04194293180227827
-0.039685619898742995
-0.07514320031111658
0.0915013527248414
0.008347652898513256
-0.015574179606819224
-0.029797272375427796
-0.04818188403793882
0.013663467679013979
0.022595279497173982
0.015067149849567557
0.04225981148877492
-0.03489958519785999
0.02453255823363931
-0.014685059584448523
0.017437948551840464
-0.010068287520318337
-0.018672424371915804
0.02411579731008895
0.027121120934162184
-0.05976522567258121
-0.022214504403696708
-0.038808668972728805
-0.0074595280370040136
0.09807235258283742
0.02079889644628376
-0.09857136963858114
0.05062633477369669
0.0997408027073389
-0.027740513926392485
0.015293623717090187
-0.10759212541251101
0.024358849851567683
0.09845711427794744
-0.19615197461352193
-0.035790994804969674
0.0790761594651267
0.06160752311273972
0.050241769764749034
-0.01767392263002209
-0.043191845611760475
0.03732701620365513
-0.03929664300573566
0.0589415311848414
0.0074711013775496625
-0.024830556392687234
-0.09425722624739562
-0.03415401383478421
0.1002719885083252
0.02980269662171202
0.01906738870135687
-0.03313820342327381
0.02022871102698262
0.016484286336260447
-0.11600605804401631
0.014741224160161638
-0.0363186055607882
0.11024512975133681
-0.025737705195158864
0.00027330240420359855
0.02645249168677997
0.009039178567275636
-0.06718784688362275
-0.0019137275083073607
0.051448484436382357
0.031048775150781322
-0.0610717095926997
0.103125046767967
-0.0614151217296957
-0.04824028970438608
-0.052611241858185824
0.04857778895526923
-0.017863735005267334
0.05563424267294329
-0.056055870858301764
0.001992667430800912
0.07600911239775654
-0.015616437128453224
0.09713304688040793
-0.14053978123646468
0.07456878161318277
-0.08610509897167493
0.024129387990719647
0.04994888905182237
-0.03517909255456333
-0.02720827850207699
0.028745682939167842
-0.05862658768890569
0.00018535798474031778
0.044119022276156786
0.01645621663945749
0.019702345492765894
0.030355460244545714
-0.0910010257962663
0.0043593337021870125
0.03813811411230266
-0.007085962115529657
0.06847711030771322
-0.07269221270895786
0.028648737259323303
0.007243192839167503
-0.05645680563268002
0.053909155864967154
-0.07536429681682134
0.003692395252907437
0.041427468911834485
-0.018339507637678124
-0.023691501310191744
-0.0013624456876515179
0.018302341410102292
0.07462844829525757
0.07031842172865567
-0.05440127428001363
-0.03920005381011275
-0.038009531121097055
0.013910277417469226
-0.054983371705046774
0.05218735896845244
-0.037215772377857566
0.029698370168730108
0.022903477010817797
0.029493719145996113
-0.07561614412020203
-0.01123927936952256
0.059059883656008984
-0.04267438621912339
0.03622253170047069
0.07298198960976524
-0.07086659774202403
0.01228156895864772
-0.044967584273933554
0.0368503693853737
-0.01552485452281663
0.030258582692149105
-0.04453464974107063
-0.08384407524304441
0.03197045302485751
0.0004469910070733629
0.18217679972921058
0.012158467504902805
-0.005373311727140832
-0.21915022890154806
0.05761114947446008
0.12231639383504536
-0.10064982693211866
-0.03111916860496333
0.031011176096476016
0.031090440884397143
0.01108866184335653
-0.12099622713493877
0.11966045436293689
-0.032294120033394005
-0.008432243744603338
0.05860487937215048
-0.02813851631526578
0.12904910555292134
-0.17631672656525318
-0.006089739827107174
0.084235745889932
-0.09654607661570254
0.06742454271122042
-0.05209146539591759
0.06124746754178061
-0.019135377048905066
-0.03190002738369636
0.026017054350652644
0.015849741544722625
0.09390265973717889
-0.05332273586440719
-0.03240211584072987
-0.07020087335353326
-0.055683754447294447
0.10397431860624284
-0.013858138563141397
0.06154496512664265
-0.07187119860727682
0.00471681952867711
-0.03319480523670002
0.06492190150299414
0.09023224535465979
0.03820442279762754
-0.06581708672313459
-0.0720227006944201
-0.07539626935786513
-0.06253585830780803
0.04320864671563042
0.11456196116167255
0.10282653504304783
-0.02383834519921249
-0.12767277510849986
-0.030388654728285162
-0.04607808976420015
0.08395665116262209
0.09490215716269898
0.013986010311594362
-0.013427443696075559
-0.09058599226950664
-0.040827731481663916
0.02694387808736858
0.009714585812590286
0.041827512355350864
0.023800380332607483
-0.09156594594363754
0.026424303408679004
0.0039033129125995544
0.023892426033105364
0.087095635622626
0.016164269351981515
-0.07969791138069511
-0.1393636300930292
0.04479345595565814
0.06016481714707954
0.03663791268702268
-0.011728314361829714
0.0007416421584901888
-0.06214661504552895
0.008611686962550383
0.015074296383924516
-0.025334052019627802
0.14606690965505995
-0.028339781512930356
-0.025450515452113503
-0.08125946417958722
-0.08575400450488434
0.016711182831159587
0.13208427866488662
0.0699589966289586
0.09717104630594318
-0.19531138708431975
-0.12987672969331407
0.08228138808990834
0.04629276440491112
-0.003582616621726773
0.06922203678852283
-0.06241999900700632
-0.09015127837401593
0.022540245596601585
0.07042984306968786
0.08196785325161632
-0.02832855999787411
0.035614360962000796
-0.12306555147299142
-0.05450602304415207
-0.03677116862088588
0.12381592920680258
0.05735948543690199
0.01041206429792551
-0.0174903970459261
-0.09587950469725813
0.0021668569447981607
-0.008238908343944805
0.07979655734723717
-0.0024446496473239385
0.011562501866710914
-0.03809231026057057
-0.004017089366205845
0.02131744867861439
-0.0032392954413365824
0.02334584407218547
-0.04747286940863358
0.01746753986697224
-0.1762650412998903
0.04397261238912219
0.00460936154490031
0.19281475313312318
0.06666510793242758
-0.00325245591511616
-0.06480440197464063
-0.024299619574422233
-0.08056293217665945
0.005604720431142541
-0.06407487590595926
0.0574393633342876
0.05008435216926409
0.056723164444771955
-0.04726977798187606
-0.06329002969782237
0.031688799505331974
-0.03144293285700768
-0.012425638634393126
0.0058988640081715496
0.10014974152866579
-0.08185861544084312
0.07878226653460742
0.04832421559332054
-0.113043043045886
0.018885104298428292
-0.005065596759758495
-0.049253833365018485
-0.0452092944071138
0.012831422149999177
0.07715521275408568
0.2040508336140975
-0.12715089517034023
-0.09403458920789268
0.0226462204505732
-0.00593604929985544
0.045427084852823374
-0.09402982353119423
0.06751672430149694
-0.10784618573016942
-0.03175863631207328
0.09522134287537745
0.11016135557757614
-0.0014636371532548568
0.030665585063099042
-0.15787864018882183
0.04150334953977109
0.04305169805478397
-0.024981052438157746
-0.020108994703599496
-0.054764755272913176
0.03120994384026551
-0.005829094423113795
-0.005919530114579877
0.045375274349697264
0.06826698599724917
-0.0017030098587346282
-0.017155491222076345
0.05305038377849176
-0.08549921890492973
0.006209504563861445
-0.067672499547882
-0.03156249278000551
-0.023979648139785235
-0.0060906554984197555
0.11694573576204638
0.03197007664340785
0.04040209131776034
-0.040759122081046824
-0.09716973608952972
0.07471743935035773
-0.0961042353790801
0.17628682031150164
-0.03589607243059555
-0.03391001642510937
0.04934032473957763
-0.09602422761580899
-0.060813562187905935
-0.054723204379590926
0.050682051740745894
0.14204832554067462
0.061164273175656377
-0.10297361513232851
-0.08252019917768535
0.01509945842177242
0.03702846041171845
0.11105995622874264
0.0006984973629079453
-0.07174585535800047
-0.08503048919302679
0.012741441999216655
-0.02053954456856305
0.07435678366518982
0.028507271870777517
0.028190438434958782
-0.019442529739099393
-0.10758146121207494
-0.02909660264921745
0.07486174498580123
0.08242054172958943
-0.023617443459392675
0.06248301800265318
-0.11930727160677111
-0.12320663666677303
0.08834035945989958
0.02684406253235019
0.0723788976663751
0.060832016100563886
-0.10822100958456568
-0.06067845268073891
0.019858852496834847
0.03844457518730451
0.040940909053314774
0.05409709764149896
-0.01873712800198997
-0.07927907026711478
-0.07093944454790418
0.027338830374156076
0.02274155099325024
-0.008897605656097799
0.05002286321791142
0.019723425861900335
-0.03471065208639857
0.010199337171599217
0.011540044796597477
-0.004112384338036648
0.0004481763542570659
0.016098597042240075
-0.05299454124065067
-0.054413691978502814
0.0336353014505866
0.06442011810889567
0.027003236666431184
0.018474710175285014
-0.0368987480598905
-0.08656254683765167
-0.04183715817954183
-0.0020142733223308053
0.19677608527293333
-0.06704336098760956
0.04562126144767874
-0.05345663922392614
-0.09222182140863736
0.03351369102265291
0.08495762317111828
-0.025524833764461557
0.009957171315768369
-0.026293257865079474
-0.010805237214720135
-0.07915229146403936
0.05500452900876614
0.06620934968440838
0.020175249134435646
-0.07701302155141111
-0.014413519997130156
-0.07724294821056965
0.11800235413935406
0.00357044022132305
0.11535797309889549
-0.016822138866158905
-0.08487089763078627
-0.044931767180494936
-0.12551127487199656
0.08898813930817574
0.055527340884733475
0.013036981968324476
0.044754182974880145
-0.056960544027443515
-0.017954389066935292
-0.02802615345989115
0.07594522597180267
0.04716271877436908
0.07145739414140062
-0.10981780331950777
-0.09415057475162379
0.023334096970629565
-0.06915009332129309
0.0062310756004375295
0.06389687499919665
0.02552096582670782
0.06432258102413306
-0.018256942469825798
0.0031448412606187135
-0.024759505669687584
0.036108175706548964
0.026264534902407495
-0.054000861720534914
-0.13706434466979672
0.051022640367369976
0.05968024296235399
0.011201330475922361
-0.03968234826652518
0.041905158671247465
-0.027908761828908436
0.030252737486594686
-0.004334778685005315
0.0024186409566840433
0.0644025538226607
-0.0007547712710671084
-0.015768472374681253
-0.11469558808389041
-0.051456525274913005
0.04235887774416798
0.018881763328374247
0.15330371144721713
-0.09898686407385365
-0.059809425553032036
0.07309130308702783
-0.05294775583299921
0.012433476945491285
0.11946910893388138
-0.032764035333705914
-0.017144087997908973
-0.07218074769469454
0.0328441676302652
-0.05673257698619091
-0.010300284336463468
0.0785886869515556
-0.0006130573782820425
-0.09930207552493323
-0.010866862823569263
0.05600213207121495
0.09905655020650794
0.03348732037731737
-0.05923137247066562
0.018569661747788513
-0.08539388555392129
-0.0021326143349648715
0.04254411159124884
-0.03362465501513393
-0.0011396300855600872
0.001870202436579231
0.019946941846139682
-0.01004056569197587
-0.04021934621960445
0.09738496883828923
0.010515532341433625
0.020676451754896092
-0.09029588410751004
0.0037101772766007838
-0.027447969319297827
0.05106218042577553
-0.05625573366620176
0.05178661668112405
-0.048797289928999225
1.8790851535126078e-06
-0.0030214397241155023
0.03368131502672468
0.06329398647640028
0.025217138861511414
0.02795316603062306
-0.08643186810901937
-0.04008668113404011
-0.05094417975204798
0.0741073476623639
0.035145993514120566
-0.06288542562011136
0.01573942490888084
-0.08291269369774
0.0071934692379117034
0.04466040300284958
0.06797096711318824
0.09796958900049409
-0.014740354151111431
-0.09185458590737405
-0.09181100496568169
0.014253515174309955
0.07200225677831698
0.029701731634482097
0.03497675923141341
-0.029771924456380477
-0.07226883370408911
-0.10930336023009164
0.04809296338057949
0.0675460256442176
0.002387484073135127
0.07231281882950204
0.03355728355662759
-0.10593705125861136
-0.010581126228666126
0.006282345802625534
0.0994766081166728
-0.006602806538671366
0.036276729798713145
-0.16217279645014754
-0.06108484773621399
0.04846444987076067
-0.022660533397646915
0.1624670778609817
0.0152017620574314
-0.07433136897005778
-0.0881890819739628
-0.04322177798522976
0.1595755427900245
0.05326043237255177
0.008824177759445023
-0.09486732324231315
0.009714686672872576
-0.05901736298128031
-0.06186424991023969
0.03713676263773148
0.09022231819028034
0.05656706171597553
-0.009425794710097427
-0.09039094029857465
-0.058524348835110686
0.05877133606944317
0.041498503148087194
0.04919461792434417
-0.044590415026953045
-0.10009841856057862
-0.00882816781262861
0.03084905173244074
0.068442353431347
0.09739716816349589
0.0013537736288793127
-0.06297299452043383
-0.20135194619778016
0.04864984868416727
0.042162274041943004
0.18405238960597003
0.0027567441933004167
-0.07025916603894826
-0.16986442245510416
0.03144502702206089
0.039759714886688835
0.056149926526557405
-0.022990452513435115
-0.0165156808847738
0.06943360013138385
-0.015813360700660403
0.00609431764637895
0.04903395840252715
-0.06973717044766918
-0.03056158759077426
-0.044123890272441166
-0.05563949096374654
0.054472031617619085
0.0570969577882006
0.045670756828491754
0.0585081025526794
-0.011127607979276668
-0.061725534342394445
-0.056632007935987605
-0.04433318932856596
0.03272299850840597
0.05805539699721869
-0.02416388670373756
0.03374193346188393
-0.03962255744460683
0.029347231889149575
-0.021651911788940582
0.02071539946598262
-0.00961609302081441
0.030826255546828354
-0.03937345612197365
-0.004008579323551879
-0.03363537989131606
0.010844020594792834
0.1287498497671819
-0.09763228511718579
-0.09573555212626401
0.05046400670769018
0.05184737671354894
0.059359252330534296
0.02423259596793941
-0.06668356203149395
-0.013079938003000858
-0.04983455358615993
-0.05971891214094034
0.019990559289694513
0.08308697298201348
0.11489210043370937
0.028103733258007645
-0.15129574702605286
-0.06206743923340101
-0.04477195751754863
0.10601173504656185
0.058786383934660874
-0.07780129659935159
-0.03549528014508363
0.043679663433576016
0.04091881948131382
0.011484344577402697
0.07399722380268613
0.01123611229583908
-0.09699246537630866
-0.049450853454034466
-0.1356000047172159
0.03940242231846352
0.10641361737758236
0.09351037024897459
-0.04686512858544817
0.07444500132708147
-0.10225061874706894
-0.02098923696172203
-0.06314320722342188
0.13876784489102204
-0.03062757507489587
0.011663206319529225
-0.0962575721802966
-0.0097378332242266
-0.01301919064300285
0.05300253103168559
0.11320200147591594
0.00941687630763058
-0.04228274191435194
-0.05007755859307191
-0.05867188601010515
-0.0033979517106202217
0.11335549964932032
0.11451787774471688
-0.13085459213275855
-0.17667790982502335
0.06281675098239828
-0.013180734960224268
0.11459411575528711
0.08498451464166733
-0.04448771757636537
-0.06052587143831166
-0.054151758876636286
0.002290996284198738
-0.0030264517961912773
0.012869649131804408
0.15857466983282023
-0.04364531152543601
-0.11822905015494412
0.006589995286940659
0.06069316284821768
0.03459245257487808
-0.038977609182411214
-0.02382978939547776
-0.09240300057585837
0.11979893577692093
0.005341749288183411
-0.03296568129465947
-0.03221372443492445
-0.001984252112885925
0.041783460915925955
-0.06395214348867094
0.07332812812876587
0.0462935812495328
0.035956256387140284
0.06013289285628337
-0.1838758578589964
-0.0801851866833022
-0.03631973655805797
0.144977182403792
0.06086242676343544
0.00861282047034893
-0.038245476748839026
-0.035239692539858605
-0.0451296832054709
0.049846575028141424
0.030560038473673362
-0.030099262577187303
0.012063440747484246
0.01891127013971173
-0.07886051429116005
-0.04277825367659899
0.07120463065218635
0.06090557218221876
0.08072295938321251
-0.09818025055228939
-0.1142571134336101
-0.005780200899205929
0.08111931594706931
0.08484865981020051
0.04189678231445649
0.027736871253222124
-0.17276240478525656
-0.04777641861339646
0.01676345953023764
0.04210371066553235
0.02637689444499252
0.04164961696511523
-0.03284936605237967
-0.03241618009407924
0.012856575421589743
0.012910941389411486
0.019020679253423493
0.03342401857181256
-0.048291088219636354
-0.08108584620900575
0.003858522138926402
0.06451395634091202
-0.018378152892503052
0.08126556142991821
0.0544681818560783
-0.1530487581390187
0.020472827577033417
-0.0005730274198133138
0.03669840008845803
-0.001143787603932361
0.07053867411625905
-0.07394515312366658
-0.044457115219751674
-0.034548860631006297
-0.018289711351478416
0.08779447874761875
0.09150474680984831
-0.05723518674401684
-0.09672160737719658
0.021961501577268443
-0.025937296139532922
0.06631404242594348
0.11504979607199191
-0.017260541475900303
0.03850765826084124
-0.20254497460685267
-0.0030665425876228794
0.01258133355059829
-0.01618189323428113
0.09087772844163161
0.023384746411077094
-0.08512815153109216
0.07369665120315512
-0.0966789467283241
0.13452214018447547
-0.048720642273757504
-0.003608431557525597
-0.013213263948720378
-0.027912089959807273
-0.05286731153930636
0.10919733563135721
0.03763606008949766
-0.005230869864042205
-0.08423651950775349
-0.026833358012450143
-0.05473596313535902
0.12251410035357498
0.02818412742411764
0.003186356923580039
0.05570295721879023
-0.09853960505318284
-0.03621891313152314
-0.03905942250329061
0.03912629499758085
0.0028076824933617856
-0.01138436793750113
0.026861650989722187
-0.032479875938414386
0.0805000709565357
-0.020533262130281518
0.10505891014823268
-0.06959592857092807
-0.0030656324326345775
-0.03661007841149306
-0.18614219509781577
0.06582773729950855
0.18636025779911242
0.08132166911236371
-0.14061044773660195
-0.11210117607968491
0.0268422028726623
0.00818089015534127
0.050319340180805555
0.07382037883719134
0.0025095136708389444
0.0024877082158244208
-0.09751096456559441
-0.11079032557647098
0.10784221663135217
0.044513421122596014
0.10144261507259175
-0.006689389376735989
-0.21837003193406582
0.02740169369673959
0.11541321397785245
-0.047606983614857684
0.06573131063734648
0.00188065841645081
-0.0016328903294115721
-0.07809338971958378
-0.08067722995073603
0.07895906001369879
0.01480524545754439
0.08171923661370563
-0.011978057930097262
-0.08970100228599305
0.049943119593365615
-0.024115953013789933
0.030293817943183716
-0.053177744061497945
0.019914193032988893
0.028640748009865706
-0.043049841744302667
-0.007747531981324182
0.009920463317873517
0.05245829290644392
0.016964915717774667
0.0029687873721500556
-0.03350348162918076
-0.0603117269343311
0.018712309586771253
0.001973970070818356
0.03189082452384172
0.08343373527501365
-0.02668914900079503
-0.10101703339903742
-0.05736114060054286
0.049045580960350006
0.1032616148076378
-0.003356910585546021
-0.06981319116079024
-0.014930642164883847
0.043643581358077256
-0.012077475929972097
0.018360899853900037
0.04479729279438576
-0.12984759885064925
0.07921583260903847
-0.016802821639902713
-0.030537093441600632
0.01825153646783157
0.04173139922996797
0.025053050510581706
-0.005814150005915106
-0.07374087029485794
-0.06080385657971647
0.0749613875191452
0.10065121190268321
-0.016849733973883323
-0.06941616980097902
-0.04976263834310912
0.005158945712058355
-0.007179022540494637
0.131657317965145
-0.0754702681484079
0.03040717300767839
-0.002225224185344133
-0.028472627350232486
-0.017377676462871243
0.013348185596152294
-0.044587196040970216
0.028299219234039625
-0.028885339726410202
0.04359561426113795
0.03050045369558195
-0.006674170240708169
0.05705312837566507
0.038446834560453225
-0.12276685455731345
-0.03130777813511881
-0.07409766962355165
0.06729920941865575
0.05811808910533551
-0.029581665444007203
0.01842095161086745
0.04570466432368246
-0.00453516906906844
0.001132478548523846
-0.01407852202566233
-0.025068898194090146
-0.0032982477356502684
-0.0737962116521586
0.01319638723167837
0.05672869471226024
0.040915959710584676
-0.008156915200091383
-0.08219411843175918
0.043298070496894256
0.027999476851739938
0.04397650746983696
0.049077682935173284
-0.11996444290465039
-0.05573375782473328
0.011823872785404674
-0.019483858304050587
0.11485335197865656
-0.030498167199261236
0.03543922495315463
-0.01853442385532262
-0.03807782499562116
0.008526357178925806
0.04044995843822174
-0.06605979519086413
-0.01870474238037654
-0.009566542391529405
0.04209882397176582
-0.01599836004827485
0.015606058686934633
0.031483588355859925
0.12771943752244125
-0.03683795877736908
-0.09503331793781307
0.004201380350917715
-0.05641733678615016
-0.09760496300337282
0.12327030234001285
0.046122344623194055
-0.00016821052690057896
-0.054605197538372494
-0.0067295917996607465
-0.02776715418814237
0.022440516382349267
0.024322813213469404
0.07750122674124138
0.011175745027614793
-0.02892590865496175
-0.02931263373732233
0.016349525316255924
-0.11827837331548047
0.04330335754158826
0.03179417215036183
-0.03340722602815908
0.08019103795107382
-0.016153582393689154
-0.0004008823337821669
-0.022302109807664873
0.02919733842453245
-0.04018842444353279
-0.0073584551828385315
-0.05332656034055471
0.05289377180201635
-0.0037669350667386965
0.06596212129858493
0.04094598786069028
-0.020260651777171866
-0.06443481966247125
-0.0691286412684789
0.0694819901390839
0.0022374488804283847
-0.018938690585054013
0.0686125375541316
-0.031192249712737107
-0.10758396038522942
0.03702320360981251
0.03306031834846488
0.06951364675103675
0.015800387497667608
-0.0626011492465225
-0.02373794738217577
0.08886975906595528
-0.07636595318597819
-0.004190267091037276
-0.0838295112696987
0.03512254838411631
0.05205207590770343
0.07148432300576962
0.0137654837607311
-0.07549301448180341
0.07089433258104073
-0.07232485557057529
-0.01142900942683025
-0.05089783405096017
-0.0410944719428279
0.024352312311401184
0.1409618148706225
-0.055627552576621664
0.09130008796630393
-0.08129116032282828
0.0611048125817715
0.008438477340066928
-0.1413110979513639
-0.04108904606954013
0.007673900332579801
0.08602137939910821
-0.014187660801189111
-0.011911389990246043
0.09218327941409929
0.05347418446778231
-0.11782897390953083
0.0013974053264332654
-0.008157786089983
-0.05479652159650716
0.08932116431789798
0.0015427024928110831
-0.03213079269543426
-0.061517447608624494
0.05618243376398918
0.04148036677154062
-0.006014293704038618
-0.00812674428309109
-0.09651678280785174
0.10158688917683006
-0.0059355880158694
-0.03297624089879659
0.05571035262915668
-0.033356404471185465
0.04549737180693788
-0.010138434887156276
-0.008463605039226472
-0.042332138079053436
-0.05811247434213551
0.01952332475593439
0.038671092958051885
-0.04278054845582742
0.015146536605093847
0.08847625476849767
-0.025556621737471304
0.017057128281646475
-0.017450113898507338
-0.04140138039690046
-0.04539422439523077
0.09319835900735848
-0.008399277197201377
0.04326726864466013
-0.01878723469245
-0.043460072820911404
0.0038406395615648583
-0.053328511367751984
-0.022875062799467376
0.03474100465839285
0.03709717280833612
0.01929301897066639
0.03207999443882773
-0.07251309271438817
-0.022382895247799874
0.03823374539242441
0.02145571309108635
-0.0009405666502236543
-0.02527486222076902
0.05373447535556287
0.019770504708576105
-0.11563043496109507
0.03584300682349135
-0.02090165918731942
0.06340603556715407
0.0004934329756504232
-0.08178591001273969
0.014969180710902318
0.004951185896196898
0.07404553723034711
0.014903045919853787
0.01179442401777038
-0.06389840665145127
0.04470835310368277
-0.06334348586706855
-0.06106730916161013
-0.018844585153287054
0.07276001027154518
0.05746538174721097
0.03701076947037888
-0.08341879403809196
-0.03598170400299775
0.08758846535387685
-0.024281627020250173
0.06880182661267434
-0.03757247722116499
-0.028276064661075687
-0.10899874859815374
-0.030829344850282474
0.08978454619367313
0.08612049765827036
-0.05395198466996661
-0.0007264187135266914
0.04248552153966656
-0.009078588052826813
0.06289086822767785
-0.05252511693259588
-0.016037610239197458
-0.10627923933917005
-0.0707026260962995
0.08119193229737252
0.05090820844638309
0.0369945117650315
-0.01543283461834073
0.11290074254553477
0.010021263174362756
-0.08645942184177757
-0.006981883825383639
-0.08517355332326157
-0.04405271747301405
0.05241591113976417
0.029303856831160477
0.06473837860134117
-0.11139666575324936
0.056647285977219776
0.06330458409959303
-0.07077568111354841
0.03188715602407661
-0.02837194417892678
-0.0006879913979100244
0.04219682727832121
-0.04105959162496176
0.02871116148247915
-0.01665747530907185
0.025295664090012708
-0.018412541073323394
-0.024658126931056765
0.004424138224056768
0.027876299157395434
-0.004879647030485331
-0.007040878122041965
-0.037153472935035584
0.07609811734484462
-0.10631871388154218
0.09398727227543272
-0.07423947058958516
-0.047018389960615824
0.1071992135483876
0.04084190897787754
-0.01252126806848019
-0.057118395680503524
0.01525857854213536
0.0530969893750907
-0.06673499082069775
0.08125223339499975
-0.06018177709163062
-0.057962404712349404
-0.01692305654355131
-0.044524503442779334
0.0967467688709871
0.061911480327752004
0.012592061020295134
0.07673311044371997
-0.14600749147123973
-0.048197035399220864
-0.034349396240571727
0.011206462393361297
0.18996611150345338
-0.0957364127213531
0.03172705832559381
-0.02747352499578761
-0.0037507241334578103
0.005255045233178469
-0.0676437702717009
-0.02326172101499996
0.07248461770771272
-0.02024386710069759
-0.012812599273087076
-0.04433681309539564
0.12341138511030943
0.011574188671882387
-0.015774985385005144
0.003977753447401593
-0.006686928674748219
-0.0419341074268092
-0.018298802869083548
-0.02723676562192607
0.047822373526639914
-0.027959811506779203
0.03911255129807023
-0.01932586903919464
-0.017633260680461605
0.014900478978629852
-0.024513611931364587
0.12356851781474068
-0.06541487820083945
0.0040544726246694186
0.00775727276695736
-0.07896964342996475
0.0944294278369053
-0.09658793003340545
0.03304246639332091
-0.020462880787260444
-0.0590976052466116
0.10674851812949283
0.0023538044957144154
0.02498158931480207
0.05022346281127463
-0.10394070612019224
-0.0047147902000014286
-0.021510998463967333
0.03250594081542408
-0.00789711597554527
0.02621743608839842
0.058560147289614346
-0.053474400696613196
0.048205434056610236
-0.10961512449205145
-0.008010168563131317
0.06773011118315109
-0.04277311404162351
0.0028180596794051046
0.03158042773746784
-0.04700175200325885
-0.014667077052039377
0.09421433288778999
-0.03534542958059618
0.026507762558038245
0.05531738208853046
-0.0726785843740424
-0.021980165884410246
-0.01792691727408513
0.004540254069815884
0.03696487230635624
0.04379953232629491
-0.00018819367984482905
-0.08857576230071275
0.003191603694472362
0.05471820826236245
-0.04758411241559874
-0.035752200246704696
-0.03878278910349085
0.14377997713525859
-0.03688098473487542
-0.02917617307852828
-0.04611240161989662
0.11530242234450849
0.03740154556413123
0.0068680115179441574
-0.10990503486042724
-0.031296506323936525
-0.01644404367773952
0.06904004236330537
0.056651580444845515
-0.0341319953273162
-0.09816539015269352
0.010082533379439608
0.052845798405856285
0.048612472816199154
-0.0196162350151764
-0.016787761351934063
0.04422557653626015
0.02660778428210875
-0.10177628148795353
-9.54437578503416e-05
-0.07600835334265083
0.0249646277558127
0.11614704426714444
0.006414110702925078
-0.029699235873640147
-0.014823717579023135
0.016718395570217648
-0.03470173812240078
0.004666425426148332
0.027489864625378595
-0.03999032239629773
0.012335504619524583
0.0359056882714839
-0.0043325060799426236
0.09561132184813943
-0.08340784372365091
0.0020696018733034746
-0.09835528856301297
-0.016665474225898248
0.007850702056742785
0.10935780520159445
-0.0348146462235814
-0.03740093862704507
-0.026629328352413516
0.056683733528261705
0.06583401455909511
-0.00021008282310062872
0.055639922179289404
-0.11525795230283067
-0.06738149565351446
0.02732899991164371
0.07966377385068554
-0.02591331559987002
0.015676129750696304
-0.06585700092732799
0.03773205220329738
-0.01699096697638231
0.03654380257649179
0.007173023683997574
0.005603193911665472
-0.05778478093413977
3.494086048538042e-06
-0.0671133133043733
0.018931294884522554
0.12666149547809857
0.0013597547718389974
0.012943249952449786
-0.06692829286894032
0.04490765856064548
-0.018557395229577524
-0.0628225557489146
0.09904489529649883
-0.05385264736558998
-0.034060141081963514
-0.08435200293781343
0.046786306262004744
0.016145616858167653
0.05299978654309421
0.02376524411509795
0.05710457525550681
0.02388831637850655
-0.0712547035734877
-0.07700323767790651
-0.06212469356136859
0.04282695542358815
0.14181797114632547
-0.02408522544499644
-0.04219987203939826
-0.04689224631279754
-0.03333954425499842
0.040075415528331576
0.004079190483972013
0.04511139649900512
-0.01524879672051006
0.002230328588694508
-0.03397478523699754
-0.0030017614689936225
0.04646286866005627
0.030833012910527747
0.0015266371589591845
-0.08998295396583444
-0.08081589752919686
0.08536452783876952
0.006562517658606611
0.14265833953584658
0.06421243238505799
-0.12016831801285054
-0.14775685587297605
-0.07705628360283046
0.09650596945408957
0.0656508841661032
0.00037631296133727726
0.0032667306922659076
0.036337371425688936
0.0037165406936444877
-0.06922632737658352
0.06271053241502068
-0.0475383156407932
0.079090781525748
-0.06385646595447009
0.041900248692003345
-0.07712154691842565
-0.05217578526672927
0.022939680485117454
0.05892081717070632
0.01433335427967477
0.045526448621024916
-0.11312964621240332
0.07966634123823582
-0.03894803374035305
0.05865473358408533
0.0072980183880042605
-0.03767630548709188
-0.01613078847495948
-0.02190389269999297
-0.022652453049578584
0.04875519346717445
-0.041740149209545746
0.06212621682543995
0.03825281416966064
-0.04070235333359767
-0.08191462734164949
0.024733739304575036
0.03646046695153429
0.04523723533693125
0.011057267745969546
0.03876819234752523
-0.14016881223773572
-0.026532566937844105
0.007249745467286884
0.018392083754858873
0.06711742337077033
0.003039429907242478
0.029798093872537335
-0.06392838776530922
0.05655155588236414
-0.036974514662420806
0.010978453529353045
0.021315919864305113
-0.062198564668927335
0.00013388152892488713
-0.08077187252773307
0.09933106136790565
0.02668856411735341
-0.003613923845296562
0.055191111831381305
-0.03827972480675005
-0.10029018558183099
-0.031130359195053133
0.03135182672123226
0.05925689264847
0.12853396796919558
-0.024619934044939184
-0.05457943834298996
-0.06668796608970685
-0.012481818407498829
-0.016842484971791614
0.035130237723148786
-0.00031419791369937365
-0.015765448632658476
0.0763819270028071
-0.05786119458971776
0.01328494598872434
0.06478141654949636
-0.05332247644607866
-0.03053601536850177
-0.029961636885197516
0.07968547359400917
-0.060897762735376275
0.06271802482771538
-0.019184212481391166
-0.016713633028485456
-0.023617745162754344
-0.003000848984136683
0.08396295489177936
-0.06552529032578351
-0.04207669158350232
0.14432736929283765
0.008024090802525904
-0.09205298615482262
-0.05098462498867249
-0.008634430665344929
0.02053051847968513
0.02228279628879792
0.08827792775121435
-0.10648109631249825
-0.04789314361814233
0.0365597663301636
0.0533720173800241
0.054016385791382085
-0.03222903565366076
-0.010464239867287223
0.051263663301157766
-0.1183935430750472
-0.010564790700245755
0.033822650188648454
0.017105582131213527
0.09420392120709851
-0.012807063691408632
-0.11829683449309114
-0.03866228520933695
0.0010670191269758348
0.05098160639847862
0.02649582497029076
0.015405375954015877
-0.01303988496956802
0.11735022486129651
-0.09464465022200307
-0.016970562677314758
-0.03698089266840412
0.018387795812926967
0.056806480608585515
-0.05519880636743718
-0.03257927658646439
-0.0422581562830461
0.0820437151512987
0.031002967943465666
0.02551819759610969
-0.006500534444886219
-0.0772768170595246
0.06009357365307385
-0.03958585994615549
-0.05551557135337822
0.07900104928748626
0.02152623486569443
-0.004854507836245521
-0.020574347191153784
-0.06723870400094725
0.06885637071314651
-0.0007922288434461
-0.03569023602499743
0.018244040799130223
0.043117955358375495
-0.08315781335239804
0.04566146018350526
0.042733525827177536
0.04391804019380266
-0.07741812672823851
-0.11188118188244082
0.11382832955038935
-0.01982525438048241
0.023931910583501338
-0.007298830485549972
-0.019232802786898893
0.02532692804121656
0.057536891181168726
-0.015401279929858947
-0.039083906267533525
-0.07915641838589839
0.04350572178100643
-0.0180220788834589
0.044958132646063714
-0.04124262512716814
0.04011966335935688
0.061352600744429615
-0.04184437436262042
-0.02048458816790467
-0.13247676753484963
0.14107039243518607
0.04093573029503597
-0.06465659306381433
-0.005383180832340264
-0.0039800992517379265
0.11560537192695777
-0.09842002122036514
0.00095214671941504
0.06549705653056585
-0.025241360117242012
0.028415968627329043
-0.0791712507418972
-0.06676607216059742
0.023386374882104908
0.0009623051053904
0.07476519243582758
0.008376140430918364
-0.005692247053015805
-0.035681560778133274
-0.022266783755149466
0.025402714491107824
0.022564372594710634
0.03866357389642432
0.012342979323689857
0.032648953590119635
-0.13057297841453158
-0.04921798410816907
0.08623577338520517
-0.06663758121131405
-0.003049507695684142
0.08188617888937455
0.0077920693071740705
0.03227689731236307
-0.0034394165449014025
0.023645702419914854
-0.010831357170985795
-0.02609730254075296
-0.04427309024142396
-0.056371420380417474
-0.0339965020784066
0.03878984919735712
0.05830792298032012
-0.004439752675817891
-0.012125075670116768
0.07877262767778677
-0.013081599222100573
-0.003124089646471055
-0.022829780575680393
-0.02404969453844928
0.02780591577115653
0.01654891049701534
-0.05209177264251639
-0.024068309728838357
0.018495875304033266
-0.07007179705530489
0.12196098118810872
0.05808652751431002
-0.03617722802265404
-0.09523292967583762
-0.03200431756252351
0.05187801538774771
0.04240176865005849
0.006333850007340127
0.02650685598601385
-0.036292134507290325
-0.0659044712892404
0.013021586733261807
0.030206487234338657
0.09067029253653777
-0.08118461805909594
0.006225710234428096
-0.024662222711567924
-0.004828397138617132
0.09256940275684128
-0.06824495127864724
0.059299865989787245
-0.06804100759664204
-0.012705863953117147
-0.1321052764279357
0.07015226357098996
0.15512206053078012
-0.00035067443225961876
-0.017304167306679785
-0.04154834595460425
-0.004050393105506199
-0.0032577190586591848
-0.012529862810410887
-0.013573976784959436
0.0675051016449528
0.0004066401977651981
-0.05138626587550948
-0.03746456563303545
0.012605860558124776
0.08480579863225185
-0.009550565781066785
-0.00033876700557833035
-0.003967407321994247
-0.004973810438360328
-0.03862680514340632
-0.004830732751647308
-0.006302058900958353
0.057622958600827175
-0.044083030515616246
0.059205372369959514
-0.021724984011839588
-0.02828970840672028
0.02906457933609562
0.022816576491968416
0.020875061096031617
0.015064503308309236
-0.12035173051338673
0.014725682801261736
-0.060557565517351496
0.04258651126876587
0.10906424190584975
0.035761011532368825
-0.07423645887900633
-0.025934562290396902
0.05486295686410374
-0.05345374819817297
0.015014460433619987
-0.0034133896461848163
0.016215943896296454
-0.02119678962419651
