0.575402989769328
0.10227446389407982
-0.3609199757416476
-0.6250586843453536
-0.36312935572738564
0.3162249628055365
0.7356230441612751
0.7835787834333735
0.13306613558552394
-0.8387599475541594
-1.119000187285986
-0.5171080595247115
0.6632558181169566
0.9921339571291492
0.6152033168072174
-0.30552820589837953
-0.991863435502445
-0.78566454555489
0.017469529802476878
0.6429189631579416
0.7136288110938028
0.16304686805139348
-0.43984273616186886
-0.3740850240842468
-0.1632087745691903
0.011729684699619405
0.1629215281996232
0.0816894926995253
0.30907794095125896
0.002310454496607285
-0.2419423488393073
-0.31176291163027825
-0.21113413791483088
0.34575176620731796
0.6063597805274734
0.32491101464744965
-0.2612537975984327
-0.7595590761934914
-0.5289122665080731
0.1454736268772805
0.7539062479704032
0.9047027623927861
0.042363593729860455
-0.944631923945734
-1.213641887058419
-0.3635273931603605
0.9595128177542733
1.6609221380835393
0.7034020052192539
-0.9911328915880808
-1.8780409698962268
-1.120348812774883
0.6790488346672282
2.0827132674373683
1.6873081960745522
-0.2095298483292235
-2.1007422118475905
-2.084159384504362
-0.26494082690397036
1.7277738043579656
2.353745714717309
0.9421026396492254
-1.2471261292123168
-2.3743181428831597
-1.5218675006101057
0.49160623485504723
2.0035830359347275
1.904145723780105
0.46050233975440946
-1.2961067752117277
-2.0442076039644763
-1.4472505226564756
0.13746098275603824
2.1016078530341646
2.3628367817187947
0.8726476312389544
-1.7616853530210521
-2.7817633755084694
-1.7003884076155529
0.9443593050208816
2.7972611958141425
2.2340172906022557
0.06164767009992317
-2.2541736517911923
-2.7278639754155574
-1.1652659629732347
1.390734935404806
3.0917627961757
2.29719589749834
-0.4801157744013891
-3.297223745791658
-3.057407922348436
-0.11799201907349274
2.847949219749191
3.1757344811861885
0.7640961093638575
-2.130205552603921
-2.7545968331269175
-1.0594987068041377
1.037764954398273
1.8126603652822946
1.3853814454277202
0.2798212498524067
-0.944704750811249
-1.6383693641154446
-1.3820622447490385
0.15021833605385473
1.6989538952251044
1.9947661343019751
0.46261132850549036
-1.2961030943621576
-1.9638231472411605
-1.126112072931151
0.31108594666747624
1.7153481457271371
1.819489058929138
0.6934121523305594
-1.2643805343257868
-2.4362912266129317
-1.6573336742279159
0.7878292903514011
2.99351821425584
2.3406796459024246
-0.4251634151142329
-3.1155064434986457
-2.7643179352781857
0.29670389139119985
2.812880954419313
2.658776547803972
0.14557015757701453
-2.364333570977904
-2.5978060739028987
-0.7772705214093614
1.8882050835114967
2.922025150046325
1.2865873585468142
-1.6621261441195168
-3.1047321092352065
-1.5615830168156253
1.450741331251049
2.895458758422599
1.6885508036240404
-0.9355347530359065
-2.311101403445405
-1.8528667030334764
-0.04533445524624777
1.5655834749842792
2.015475399455149
1.1761341460650023
-0.6841589647648151
-2.0488541369027526
-2.1078920305836384
-0.36175994207840023
1.8128537154790736
2.7333984289702933
1.4548852917942277
-1.1706574090713144
-2.998090907933599
-2.296136738283041
0.16696220684548188
2.4227260613808927
3.0397760666619327
1.2854340138054672
-1.5242366519950739
-3.7004749724898227
-2.7308047580315713
1.0352311957777627
3.7580231520353915
3.3098762051707125
-0.34151994644700007
-3.2538715986719637
-3.104951472295486
-0.32212292780876856
2.1893625147402327
2.5293969262118177
0.723494240103956
-1.3065066002337566
-1.6191122080928848
-0.6054863422125686
0.8713326568812864
0.9115715238594224
-0.30500650136520985
-1.160220722610792
-0.341766566261879
1.4549558327450094
1.9783587708406258
0.1856421727466888
-2.334599057163281
-2.9805130239066613
-0.27433049606927573
2.833379550909265
3.223520356047954
0.5700528032540932
-2.502854212645419
-2.8216097346567954
-0.8106156772447686
1.316620414358839
1.9136075359501319
1.2386682447207773
0.0772379966667878
-1.1591725849151124
-1.5717984261113782
-0.8669726636004662
0.7023614988327336
1.4957116027452413
0.5543564680784692
-0.4799122128766489
-0.12809778132193397
0.46629826772306543
-0.21563995359005905
-1.9158133702037232
-1.6541109282368014
1.2114597403101348
3.611744675006155
2.659009835163178
-1.4981753503482926
-4.526537905956852
-3.5612148450397374
0.854164384203047
4.477079896096255
4.1845732963789875
0.22941832858466352
-3.319881031968142
-4.058623701895916
-1.5823870097388202
1.621435808822544
3.3124925271797085
2.4295046924668298
-0.12466216282840263
-2.2748304301313587
-2.342336692218714
-0.35936231282753855
1.377155578472335
0.9548687861878593
-0.01935246921925571
-0.1261652476510669
0.4579160458408352
0.2963286052909933
-0.820410889222808
-1.0450965039931726
-0.08371135381059008
0.6893872374339777
0.8783848993656115
0.4833337662832326
-0.29981060066676285
-1.194324837618686
-1.0409947691383814
0.7463823586776142
1.9759495233363464
0.9077659949938572
-1.6625734802113223
-2.805905722813474
-0.68091370010182
3.0808300153214843
3.983356286151319
0.04400268844747332
-5.145268478546428
-5.211403602892464
1.3559576653043894
7.600643787862582
5.592556345958567
-2.7901399275858454
-8.497964198783567
-5.84944013470061
1.781022885650505
7.542768488218669
7.58961496053335
2.0391635427935086
-5.774800935160517
-10.597090535745362
-6.588391401103044
4.138264534453103
12.157184107430576
9.397517198170219
-1.565795319694159
-10.52612214073184
-10.081076829638427
-1.8504117165629632
6.240384090434713
8.496946454973482
5.011313164594609
-0.4403751179728446
-4.864714300930479
-7.281583014104494
-6.064149240176048
0.2154926246617997
8.94666350821577
12.266229745282052
3.9316065687105195
-9.841399534041297
-15.774906563801546
-7.598523279405869
7.077836192940528
16.074032169314687
13.395495777301834
0.3668858993075154
-15.412860945234852
-21.74816761505895
-9.075047451970583
15.580547357869754
28.007677159726768
13.29025577065413
-14.039856272798923
-25.556965890396913
-12.68320942129143
7.16184944700146
15.915206653826045
11.146593528409445
0.8623215070084014
-7.347063414414783
-8.143291415732138
-1.8354135873666728
3.4905519128198215
1.0152294889970535
-4.379667506117759
-2.7631982631725793
5.886302501434569
12.0156447095918
7.901001925722266
-6.9574854421845975
-23.223008752056046
-20.873893358057014
10.1518798006458
41.9859253949317
29.26239728755013
-25.675330357754632
-56.70198844677764
-19.445584501218438
40.75366462229351
50.61640185870557
6.492211950003798
-33.64066914966712
-34.635781120125
-11.272160125658083
11.198017184809329
23.654354551735583
23.31554756694942
9.77605529553821
-8.80422380467394
-20.931818367892113
-23.699719032358736
-21.871799615040487
-8.982039210539066
26.66951650648947
70.32765870936981
76.23693127521454
-11.638361222880404
-169.53826386443612
-178.0342993554878
92.72152853554601
289.0871340302535
92.72992021690209
-178.10017080084648
-169.58320342823598
-11.59183286293488
76.28852722113164
70.31820675809853
26.646311162376332
-8.967127949039039
-21.852483628502938
-23.68519835794719
-20.957833524574564
-8.861134666138001
9.728250805605184
23.309030779562658
23.720585427245204
11.341524185939376
-11.165534691579074
-34.69037012194479
-33.94670956435143
6.241461737658673
50.712695571120605
41.20810006760089
-19.120734559369005
-56.82708295376357
-26.124026140458636
28.946700710653833
42.021305157192096
10.443618364382102
-20.57925345842015
-23.133027002391415
-7.0934724530787
7.6603470671050236
11.925277248939578
5.940742967601722
-2.633770568114064
-4.4372961301388045
0.9268657995557805
3.587005030651794
-1.6125359223193338
-7.975795146165619
-7.501255438091931
0.41879128352040307
10.755817530762885
15.99177032660665
7.852962175571824
-11.969002905425047
-25.498028833019855
-14.914953655682323
12.307447641135525
27.80834271111225
16.383477105902546
-7.930852794869875
-21.34697764517574
-15.979419250666755
-0.7392775191124246
12.67891005329482
16.352296458077923
8.069215572736734
-6.705774892190831
-15.769813630976834
-10.558508419276423
3.0577680449128657
11.971952563530326
9.390193507629673
0.8673815750266519
-5.698786736307749
-7.3205313331075015
-5.171875533256245
-0.8119920053488102
4.7031475197567305
8.454943292706798
6.469806897475877
-1.3593236699096556
-9.60997578127914
-10.611975623647345
-2.164742296725098
8.76958619337786
11.970401523962302
4.72390072295698
-5.878134480181499
-10.239482260586989
-6.136664027191459
1.3206594011758988
7.00239693508345
7.632428908652596
2.520026091032828
-5.040638164437254
-8.547721637596737
-3.457936757060391
4.969719262199524
7.404265809659402
1.907817624455722
-4.644279709333267
-5.083177542493216
-0.3057419925012549
3.640691170103694
3.055623737345385
-0.34563409337786255
-2.63501043683154
-1.7853070699623903
0.5810705742794754
1.8204126231123872
0.9789087298191554
-0.7281434744171912
-1.071325003666796
-0.3758061910512976
0.16385893883431932
0.7260366198740648
0.7024032073832873
0.023889064990077393
-0.7378792311486991
-0.6463662696386997
0.05767152879988444
0.2439160239839894
-0.22248540416119783
-0.043815508563153485
0.9708166114449109
1.5288996133531005
-0.10874829404930292
-2.0937183657444454
-2.415728473625802
-0.5630078712982703
2.081664825969769
3.1877104465037243
1.9947714633359706
-0.8651401504604608
-3.7058335368737514
-3.7828255047493617
-0.48363977386931906
3.607684120179271
4.7992624571515
1.536358906882217
-2.9580667092989277
-4.506881664935889
-1.9887442752161621
1.9579541674160323
3.3910667453167553
1.5240604907855264
-1.1229036606377276
-1.6143078989342239
-0.29690569550415824
0.18010249337845
-0.3310892401393315
-0.5562934571022233
0.49347847957835805
1.528267647813293
0.8919529099342999
-0.5539585699420024
-1.5792081157431026
-1.224425479419307
-0.10853254149675008
0.8773452013239893
1.907982276333087
1.44495321892461
-0.4328282677864404
-2.4612129517393053
-2.607509544035954
0.007495888564102857
2.759083467452082
2.925069853136291
0.21448734518704227
-2.4021859498146845
-2.3473455528401805
-0.2414065974345835
1.5942492721426365
1.3889168703401549
-0.04618016301686111
-1.005457030722874
-0.4163293616447299
0.7362678287737262
0.9408412874599816
-0.2921958338001949
-1.4593053892835743
-1.4522342315949206
0.2899779124267071
2.1601418970895687
2.3472192140917523
0.2806162710321578
-2.588105096598875
-3.4044263397176686
-0.9082019597754736
2.5697978165399196
3.8120575950482847
1.518544165554873
-1.8990809694859137
-3.357422932029239
-2.0910506435445986
0.6138232464990471
2.510269074331945
2.6806272618942812
0.6986255355830111
-1.7419937176407665
-2.849694366571217
-1.7265284511779606
1.0788906652005779
2.468766439434488
1.975548567609933
0.07280685691161679
-1.8283919369307946
-2.0138532702068046
-1.0115987042620853
0.8702222677943274
1.9828606248892613
1.7391274017383613
0.1292079892748089
-1.7437369218955645
-2.255107555251569
-1.115461673231441
1.4213009310929903
2.8063573265397515
1.5859301179804663
-1.25541517545348
-2.967484937036014
-1.7485097974971857
0.9925932097020537
2.771193871712564
2.0078261996933358
-0.5066419672244958
-2.4899330655163716
-2.3929453341646227
-0.1888891753669293
2.374752114924737
2.9519476666515656
0.618617435664965
-2.334054151888384
-3.121340250413979
-0.9467487534969026
1.9931314272500158
2.8279314922501753
1.2274213101611888
-1.1801346334467835
-2.2696365847670723
-1.544033438160775
0.18780883300032006
1.6326840999035563
1.8120960695739792
0.6673789117399028
-0.8933445286091676
-1.8168457538062608
-1.392447456106748
0.10550818032757622
1.7282310680732094
1.7066790600913058
0.36329755816132925
-1.0486174366053158
-1.5838673767365432
-1.0367092360688763
0.0095151698904081
1.2277661923658707
1.8232783457379376
1.2232493675511116
-0.6626813479384984
-2.664588244476675
-2.2859900594779363
0.35277297620396747
2.7763585436875746
2.9672445783770742
0.2729789418800876
-2.646452291662393
-3.096969425083117
-0.9535359044781019
1.8396653539893688
2.9776182026576175
1.6741061062357556
-0.7384315239952295
-2.4986853158718625
-2.391639145466054
-0.4103302800758836
1.9146276231550223
2.8334081548184593
1.3511324944342462
-1.2111398983847736
-2.7828082444072213
-1.9051317290533205
0.3476632471130936
2.1688786600664547
2.1320868820481995
0.49579924781032225
-1.1636040957266949
-2.0014335881513423
-1.4638535170958389
0.15600442107067833
1.7638027718322753
2.1016203542618017
0.7006657285799266
-1.2929430312571195
-2.193851488887295
-1.3959454531506874
0.5281650345831906
2.062401437620211
1.8714666962094666
0.16129002772947199
-1.7857001816873472
-2.0656040984163995
-0.579875428670561
1.2531345265286797
2.0727721665167276
0.8629982704560453
-0.8654005352353442
-1.6590920447365283
-1.182180194738324
0.4788503787093904
1.4442670136448164
1.098480419574185
-0.13302015791884675
-1.1139630780072245
-0.942932952165733
-0.11082692716224926
0.6524046548150501
0.9566564391181711
0.23542667711125975
-0.4100056522423713
-0.7727794234766611
-0.3524974620103227
0.2492324260903296
0.6241770616030671
0.31770723601354534
-0.1455338888558436
-0.335163174205626
-0.3161137679795478
-0.06891691752713838
0.1425147282185438
0.28001623913196655
0.23206665629290385
0.08374034753877042
-0.1396783196628662
-0.39659631802379824
-0.436013267903694
0.028308539218034712
0.5168900454883735
0.6794580910146701
0.2888754286128911
-0.5549447480191141
-0.9084676915268791
-0.4546959748661616
0.39256210315262524
0.9599543198501919
0.6306016683005421
-0.1976446785238831
-0.8750046680911581
-0.7553945348231853
-0.09678510324129477
0.6260738624377609
0.76828170501142
0.41981813949293445
-0.22670206461274983
-0.6030057828256102
-0.6678188927312833
-0.12491837910624648
0.3517503605919458
0.6424186825467283
0.5036432191296343
-0.07718488561635195
-0.5517894251260134
-0.7191495761640799
-0.13485685388105056
0.34619633897143176
0.5786462909947957
0.33505472532871383
0.08483513105051214
-0.2453337997682744
-0.5912350632772867
-0.5876309869247899
0.12431887279450443
0.6170527085968118
0.8327094848971452
0.21544244100917598
-0.6737526296395748
-0.9523331355651435
-0.3533536811682951
0.5847827097964564
0.7538552228945974
0.4500995704854357
-0.34785762020291905
-0.5307938899306368
-0.28534242847535257
0.08961750154761605
0.17331000887608763
0.20085926099627496
0.09631115826865215
-0.02739481778451871
-0.0725931404966337
-0.10801658796392147
-0.0935469759737459
-0.027783035555283272
0.00861397397744947
0.17633491277617047
0.148378899342706
0.12935272605768763
-0.24111772011931562
-0.2873604589302976
-0.1906920504591929
0.1510066590792037
0.34100548812547604
0.2935119723456359
-0.010322039451120896
-0.3385303178147081
-0.3960226819547209
0.05462780107778973
0.323560733165409
0.2833801245414482
-0.04070223639172914
-0.29404517414018166
-0.2735848040298633
0.07997833588600521
0.3116795759616552
0.24223693150865797
-0.027354566564448356
-0.41433397777296976
-0.38769348836371165
0.16858389496371934
0.5248196854260562
0.37948837791799817
-0.2026568360334545
-0.5088207575926135
-0.3678705853344471
0.10776431032294538
0.4111409732821284
0.354107945753161
-0.0447693420647585
-0.20784238416641135
-0.1569261800535909
-0.2785387050576643
0.042613149656358776
0.2659338512157036
0.26576129393506065
0.16799391034751954
-0.26373865235785793
-0.22724442321590593
-0.20390480914088854
-0.014915565041164357
0.10948189622848567
0.20219274606013588
0.13752890092855694
0.1664232763373291
-0.13768155691892284
-0.3307438164619827
-0.19013827108851677
0.09925073869753674
0.36013638106170853
0.3382814081573883
-0.10185383286057718
-0.29271093376204266
-0.36983201702662477
-0.1748901591351637
0.2812099304434484
0.29340886738665284
0.15693425907491115
-0.13761863091765786
-0.14701347962898015
-0.13176089672327734
0.038007997591455636
0.10181299651189062
0.09917186361952705
0.12527947535515777
0.012367992655349757
-0.1205347978158311
-0.10973200393508573
-0.09812106968505144
-0.09603662683419194
-0.017179565637634512
0.11405483824162153
0.28345890202073604
0.08952580059270206
-0.0851925024677003
-0.30440865682706736
-0.2181847328352197
0.25851430563252153
0.17112343316000356
0.2212876280888905
-0.019667927476834678
-0.32973120649922993
-0.17246662951421
-0.04124300273629652
0.2041259870381931
0.2414635292818974
0.00927964803282971
-0.21279988209449568
-0.21435328524972608
-0.006800015391509973
0.20977797106631707
0.2972164008190737
0.027136030876538427
-0.3059919339201478
-0.17288585802100603
0.06465089901828158
0.22085064823377373
0.08386951806000302
-0.11515947391457501
-0.18507456909249312
-0.06179188432787102
0.03440818901541253
0.10298106103134883
0.117131966363054
0.06452227618162595
0.016660934329451402
-0.1795004437941208
-0.1815460799991224
0.001205762583462946
0.11374901659539623
0.26944922688979894
0.03655690602564593
-0.056195254136284005
-0.13295241222772095
-0.16486313163410016
-0.06317709425864734
0.09116828036447203
0.10331077507542355
0.21916151333299705
-0.051477663014353255
-0.11629369329998171
-0.20491728201443862
-0.21266568688705192
0.13990739613821138
0.4027497564797426
0.22028195845406381
-0.15098817983149054
-0.32064904789002696
-0.07328198386772766
-0.013399724620786485
0.13452391008962944
0.05878012732817565
0.051739457970776365
0.031205551775340252
-0.10953515412156084
-0.11791730980175201
-0.00308537730189384
-0.02833088860135892
0.16822183543351168
0.15131224460883363
-0.05018711290243076
-0.08255844288244023
-0.09636214750601595
0.03955414559596997
-0.012243096965081057
-0.012611337629216892
0.030251365001779145
0.1602762355913936
-0.052424767793767375
-0.1554072905799281
-0.1189333435858359
0.03061835202274184
0.08204780654306103
0.12103495154224714
0.03132377976638711
0.08284051896492241
-0.11255569744396919
-0.10440131378245368
0.0006843194696810466
-0.046433804799379454
0.0842260739783991
0.05425443284359954
-0.019032744468520144
0.06211686872067606
-0.07396516387454578
-0.08273560132092397
-0.06752148962188015
-0.053246002020355815
0.1139302961277392
0.2693438479667226
0.11417824975311533
-0.17580120155047188
-0.1590907737511103
-0.23351673915035534
0.07059894964361887
0.09963841392730352
0.22994520995053902
0.1552156489333445
-0.22702914839643382
-0.16338093310963453
-0.1243394018127724
-0.003684038757891564
0.2071623198279352
0.2287875622685943
0.0712561692274887
-0.18715578019797857
-0.33518845635517036
-0.00764255350473063
0.10186833473656173
0.23353788831438008
0.151032006844688
-0.08912707215159228
-0.17921490969694864
-0.10360516414862389
0.016865330120860635
0.09232741876327762
0.05466179211575844
0.08783728198957794
-0.024579626040702445
-0.19673213784077295
-0.0368874109267573
0.0616494759648362
0.18240580182522964
0.09117262743839494
-0.17072862263044908
-0.12455968432226491
-0.0703926160690547
0.06447643016785257
0.09265832694793424
0.07132352752574231
0.06856351983167325
-0.029723976425816367
-0.18174469787453348
-0.05350326483436687
0.06560829572112506
0.10333544443086559
0.05753900495644953
0.08356503455617013
-0.11557659706986544
-0.18504986440777985
-0.03231371333360358
0.05017422993710882
0.22732943284219986
0.06679058352933287
-0.11872842589774167
-0.2165230137412339
-0.06964964542911155
0.0754216448705553
0.20069488293876203
0.18658644762257712
-0.05224367996406002
-0.1606046881849297
-0.23121553405467252
-0.00755656246256559
0.04880988954147033
0.21982565002813562
0.23007252029593944
-0.08105392648235887
-0.20519500400713153
-0.1716315817545971
-0.010356138253602532
0.048923479707244553
0.12313059862286194
0.10508816698573518
0.01869784593652425
-0.06753607809224825
-0.14137088865938321
-0.026615393426398383
0.18554075594522415
-0.008293394548367557
-0.06198942686358637
-0.0155905053477096
-0.047449255849258735
0.06856125930271394
0.011925271709895484
-0.015227480948741342
0.06514605650752973
-0.02951022520461997
-0.1408658141168244
0.0047199072053015125
0.06020724014360723
0.03188273368812513
0.10325549616655952
0.04768008462104527
-0.10168518866089167
-0.08069761173031616
-0.16300658318760042
0.07973915726356684
0.12012143595560033
0.15482821807681774
-0.019740167753129007
-0.09440534447872116
-0.11435076427886785
-0.18355352075123305
0.17414286600830056
0.20999094087443682
0.1032893232036153
-0.11730720305419648
-0.14693237972370915
-0.1411328738419466
-0.006953776081465167
0.13652977680084954
0.17005006959680746
0.03447969933135619
-0.05947556965997345
-0.1799402840162273
-0.031145880638381213
0.018288017825885
0.02226905937363498
0.0971007684350308
0.1506590137435227
-0.145090218049612
-0.13393782625632275
0.04199128592129748
0.02384472731543996
0.0672093975586857
0.04384478632250581
-0.028674710702366477
-0.06138143714515615
0.013086217204985368
0.010043941227424809
-0.06205705689380158
0.029191225568495374
0.01759116259117171
0.001756900556700146
0.0616536094602668
-0.00500467616821946
-0.03951862428069752
-0.12619201676589495
0.04298981091598568
0.04084999640224403
-0.06621137653558813
0.08244104325613932
0.1492122205863312
0.03519013648303667
-0.05569800021125066
-0.12150802864478047
-0.14945810646052227
0.020099282759046943
0.12359256702706818
0.03764695439700078
0.06654835039620323
-0.08231026153165005
-0.061334323937327434
-0.03638524075664019
0.032064416950192624
0.08449428462257787
0.09608895366565791
0.029111732823381083
-0.15391782525236763
-0.10013935813129811
-0.10846305945438778
0.1781414926933794
0.06681616318679527
0.1501108183678011
-0.08866433828514067
-0.24658455909995347
0.0230159454014028
0.06482262866802987
0.1230669150954214
0.0001102119494321307
0.06141741647602582
-0.20531262986676493
0.09308364246444435
-0.016450175905140633
-0.04568906471362803
0.07092360806774721
-0.07130397410506488
0.06696703859233132
0.014400611391518405
-0.07210073504173839
0.04415455850503464
-0.04873141461151937
0.07279029517509857
0.014765395779150016
-0.027480136757178798
-0.11181766788760747
0.09443192861568632
0.09399382440971651
-0.04135358857456535
-0.06253925773933623
0.006720920899905457
0.019644062018586053
-0.1316819745112902
0.03991596345527393
0.07895634916789743
0.0708358630591568
-0.0007580043920220575
-0.10524812606064944
-0.09226170669501003
0.05748594027255664
0.11592370502454406
0.12263003135962515
-0.01387153165582883
-0.11595345957169743
-0.18131111428091562
-0.05097211545044759
0.1264616154835498
0.060045891987131735
0.10970205243424737
0.03763619716959699
-0.11477370014569178
-0.0908225051322532
-0.0661933752578129
0.10514500444850393
-0.042573806829167046
0.16103057852913266
-0.04876309460680556
0.0024875103094954367
-0.08516986466410713
-0.006049698760219865
0.003136377505217986
0.06362305737461077
0.05134167017124038
-0.0360300003168204
-0.0851882879771065
-0.028188546215542114
0.021775689943740236
0.07992370018660684
0.05082381576647326
-0.050886979202604266
-0.023628576414156558
0.0016914716772348378
-0.023578259068628583
-0.06243922588906156
-0.002684728111691466
0.036465954483079294
0.062456110278174194
0.018261870884630684
0.047692949250811155
0.02054926305262791
-0.0832058884743692
-0.035984538683658834
-0.002115733297122592
-0.0379876870218866
0.022829415685285535
-0.04460785276233158
0.08346747829185146
0.08918290860134738
-0.10487720275196954
-0.03460986126638553
0.009472474720111108
0.031484888452377055
0.02925350360650554
-0.010382940231818613
-0.017722955391248817
0.052744910861012205
-0.04262508823394799
-0.03465601508278089
-0.012743479036523795
0.06421016604345497
-0.002950773313321815
-0.04738180626306404
0.04028501584377594
-0.022783574325551295
0.009664778916096791
-0.04398134399272277
0.027665531414984474
0.04590308518543002
-0.03723915659603281
-0.009380448919885319
0.07349640337916837
-0.07881197924021122
-0.016239374886741313
0.03907781158787341
-0.004328152971737673
-0.027673242716724666
0.01130833892726653
-0.06456213277384226
0.14747992272482707
-0.011436204589837408
0.08949219459108915
-0.13157124588056196
-0.06869211936195886
0.0327324012961912
0.05130867704009265
-0.07143638564021003
-0.014563648816304006
-0.06582034060132112
0.09601475098583385
0.01673146225672008
0.12602829210366503
-0.02345183826133311
-0.038858228282138224
-0.009926037401492923
-0.08143861274307944
-0.04000349196800207
0.02934859051913033
0.04256138396092521
0.013688964972885125
-0.0383646938492874
0.05975892282612607
-0.020276676740404006
-0.006825125090591606
-0.004626480608384216
0.028380484386935488
0.028516229616485436
-0.015358723211209327
-0.09251332497314896
0.03629941693182534
0.0008431073624410781
-0.008807758184920158
0.033517750038020114
0.024820130295418706
0.00469407246867208
0.03661808403096864
-0.1699101076521354
-0.04401250657137922
0.03915199861853963
0.10309534346769114
0.0752690235428685
0.02907690319263818
-0.024294698749979304
-0.0660631638651731
-0.03102170227173785
0.03761817225905884
-0.07287536421031365
0.06185901546335052
-0.05506206547452921
-0.020685376441134898
0.046696417305365445
-0.06637597236221904
0.09170196297521083
0.06436104867036051
-0.0006987460697450554
0.02684023964546771
-0.13894217831702524
-0.015361597765533282
0.08489992614538688
-0.13895229723848124
0.15517745289904727
-0.004390006749199719
-0.07420493840057552
-0.030015643570560233
0.03337950022175643
0.06397279316182893
0.09510908974088654
-0.11652554627113608
-0.08020969630241225
-0.011301904441873102
0.048367905133591224
0.02387969525966666
0.09524408713581989
-0.07371669467419079
-0.046149299442538136
0.012927160033706562
0.027392437080206118
-0.030436429694655067
-0.01234066810373103
0.0630321076975289
-0.010030476142749002
-0.02552894715981149
0.05511529255287408
-0.059904911043961874
0.019738416543033533
-0.034063666309603405
0.026844043552519598
0.05764239717754775
-0.10192247431967892
-0.023136132256127557
-0.016845843151627477
0.008825674379952799
0.09072234861551454
0.01190594473605183
0.039155664525779246
0.03592207883796662
-0.13753903238123566
-0.017495786571052285
0.07127279584999414
0.04051501451228882
-0.012781681308268988
-0.11333763533213694
-0.014400299131168219
0.016664898546229094
0.02417317443956549
0.007830172505189907
0.05827233430434339
-0.03181991008948932
0.031488918872596576
0.05958107430455859
-0.06784426958212761
0.024146715950778438
-0.05511055823802405
-0.00880018013742208
0.02387113315228716
-0.07250092118121841
0.02674167727928345
0.06661044232962901
-0.0612881287709969
0.021772143643910172
-0.007316080614962135
-0.0378194002698017
0.15550956922768444
-0.09636477872023981
0.015947346067617756
0.05024848074328714
-0.11542504700159552
0.035710276998977115
-0.011825471583300495
-0.022736984078215033
0.10611230865459856
-0.007883470303515789
0.01404753983886584
-0.08042125670499645
-0.10267164784893569
0.06467214316585176
-0.0034496083525897793
0.0990706695821494
0.016091990032435714
-0.012506349330798174
-0.016058567353816396
-0.046840666643071224
-0.04629085432048572
-0.04522869559648503
0.09565265803117086
0.09261154890055999
0.018624057775624158
-0.08988262750031589
-0.025314323135244544
-0.01243774450845828
0.03466094617882241
-0.018814513773525384
0.02065966784312686
-0.03972918737730092
-0.030168767512545134
0.02137179127476979
-0.004140545112504713
0.07288400220401715
0.047064739723793096
0.03619410986245538
-0.09226747926049994
-0.07742577231882251
0.09607925670210439
-0.12425436009016055
0.1223201227902853
-0.003562634963117573
-0.022600178237872012
-0.008889089556351372
-0.07388015022874182
0.012103231494979475
-0.013713563226300428
-0.012852296195990138
0.14622070871955417
-0.007557420021448472
-0.0005900337319974898
0.006154350082571348
-0.01018693676055183
-0.04701761208155731
-0.02340739114084409
-0.01721033391842508
0.02438580738196306
0.02470493249843654
0.010670542425162523
-0.018933948171236555
0.02601672784512916
-0.009980587648284914
-0.06246675285283019
-0.028263459273844615
-0.029538581931137654
0.10201423682862007
0.052919783480244995
0.0443427410527361
-0.042747461119944034
-0.059469199369594154
-0.005282220462435845
-0.07509644914641941
0.08471019555726135
0.01981731065453119
-0.029560113409831997
-0.03138210429544446
0.05182761555151459
0.013483970523865286
0.04680008476862608
-0.03189967318860052
-0.10529625000763085
0.08508381383056737
-0.018421318485025748
-0.03840021844864239
-0.039942149243324426
0.046727118088943045
0.14252929767141068
-0.05823114597391314
-0.03338244429947404
-0.054539772005227194
-0.041697816518252925
0.042562158237075716
0.029259465516176364
0.07830081738728441
-0.09771091745681888
0.028610598142646305
-0.029929706594652238
-0.052571040734066064
0.13330902209718298
0.06552077437528947
-0.041095177491760344
-0.08690295201001529
-0.08180139180460272
0.05111084952502673
0.008305678763862533
0.038523510585150265
-0.006267025382222061
0.02198692931711345
-0.0836247160444844
0.03258163006577456
0.05970940043865908
-0.04781237861166804
0.02432371351583762
-0.01383608684856386
0.007552892074116997
0.044283810868953735
-0.03724058883250792
0.009026809011130229
-0.011674387910463007
-0.01107038791571337
-0.07889001147769853
0.05228291507456393
0.03690610319825321
0.03926931137998785
-0.04288007143839294
0.021776440250562214
-0.054782113580314984
-0.08013521911157742
0.08110611815238811
-0.024622550314764517
0.17098412015534578
0.03169402565475765
-0.08628114081329101
-0.07914141992202928
-0.0865604592928178
0.048461066891009937
0.019790204443248492
0.07326064668265349
0.0009204558092620759
-0.06304250433995669
-0.056765197822233875
-0.015612014687979828
0.11082010599291509
0.07281720555638754
-0.06191426998886269
0.021499311840060913
-0.0931074966207314
-0.011042766473018028
0.05833045532820513
0.023198128907250596
0.010740788153555532
0.01936417048809197
-0.06507778416875726
0.03729126339106575
-0.1349183168323119
0.05732344243792001
0.0737217578717082
0.03424397027779325
-0.013282741568665104
-0.08867016290638272
-0.06166501517742994
0.023316154626467356
0.10295035250028234
0.056101425087928605
-0.015778622601612082
-0.05208213956164777
-0.05355200396479819
0.008774972526924909
0.02364818485536938
0.06979415296466804
-0.06437374803280596
0.0029382486299713126
-0.038774541812632346
0.019238249670212742
0.06227715876035826
0.0011579367565869424
0.021085855191858318
-0.03700992437323423
-0.058735122470296545
-0.06731872422060244
-0.020703510467523962
0.1375290592427758
0.03671435860717043
-0.03347879985192656
-0.015735562344462613
-0.007971124282984639
0.02128423457757738
-0.05270180520166346
-0.0013159701339246657
0.08127303112860643
0.04375349399717692
-0.11652741711757011
-0.0855101625722238
0.04595761857180579
0.16861556040720072
-0.015653024797234114
-0.10108675170666025
0.040127103737924885
-0.0865907645171536
0.0508246589967532
0.021134917696796558
0.025343561579743316
-0.06790104329222246
0.014597864506047853
0.0026058884930604083
-0.11653765822084558
0.11113448945240241
0.10733955540138355
0.0025670009246074425
-0.040280765380281816
-0.05902437293267253
-0.1049956752518496
0.0734203398177615
0.06947113041501649
0.02761621469184445
-0.0011399569991305198
-0.056408462909553064
-0.08704776502945641
0.05053036232792857
0.004405638846136231
0.07790326026290109
0.021725869467885333
-0.08997815823382382
-0.0196428619456512
0.006617424775584709
0.031780702888376734
0.06639908126750409
-0.10302100275391382
0.09424137937961757
0.0169501110328743
-0.0682688212483089
-0.06892567535635889
0.03042027462615211
0.07328612650615146
-0.09931102061344407
0.02035449450461869
0.06457201225256974
-0.029111155742987282
-0.07315355495737712
0.09690363979685833
0.07414926500627357
-0.034924471850730054
-0.07843959078554585
0.007315230697926885
0.01404092537517943
-0.002856986797879068
0.003038748613440305
-0.025941065649577738
0.06530777922376625
-0.13539961640862164
0.09373174034300602
0.021921119015559393
-0.028541301653848182
0.0476626808565521
-0.021244791510212465
0.02144862235483237
-0.06959503669315352
-0.06388687159357218
0.04777315640917419
0.09372781300022832
0.041666234043811444
-0.10398913241441762
0.030403990353540834
-0.10005243057838477
0.09340125103606765
0.024152947563558427
-0.07462196459569136
0.009992687004244903
0.04632910322644747
0.004291724001657605
0.03790540785820401
-0.08780116738360166
0.06249760071658961
0.00032589378752918364
-0.057558249143246774
-0.0015373389850374224
-0.06910647865331741
0.09667226051399648
0.03229116107228302
-0.038528205729365356
-0.04266296449264714
0.002533647067268132
0.07662749645330678
0.0821115675980784
-0.04775500202536665
-0.0653240621155599
-0.06570300836766724
-0.03063278829847859
0.03223989986895531
0.12183677708293755
-0.004444124309922469
0.07646975022312928
-0.13156989482763812
-0.09398773994670666
0.01801680473269893
0.01649709077351727
0.028955868414602084
0.17376414894522288
-0.11066930638710056
-0.0894918492139463
0.04455309652185715
-0.06317693423436156
0.04416155820114685
0.084605440388767
0.0031509279240776542
-0.040793172743355054
-0.029669761624035146
0.056916842573837195
0.02453352526029096
-0.09737896173423981
0.024778246803728077
-0.06824738667981164
0.06256817117323317
-0.04547133644199767
0.002017424789398112
0.09059003758464189
-0.000356322935453631
-0.016832093720755645
0.022811253470691108
-0.09091345389509346
-0.04035702740763417
0.08131995924290517
0.05094723878713914
0.04885543008404003
-0.0362871435982783
-0.024885068318708896
-0.08106188159773706
-0.036919206462022236
0.05045611371431285
0.08700893063754592
-0.04758330562288456
-0.04233166098422572
0.04110508538269065
-0.028814084793337177
0.010815636767392708
0.035909663092432105
0.031635906077862014
-0.02031930106621317
-0.02276215642321294
0.007178229755187215
-0.07278391567624194
0.00232741664080697
0.03144044358841424
-0.01747715333944065
0.0616273001941356
0.006589360196264186
-0.028633261297277217
0.027491971558837067
0.03308822121540924
-0.04569508564683401
-0.03263485925390927
0.02071637867497349
-0.05661896083076856
-1.327596844865291e-05
0.01966569677645282
0.06317015254755888
0.078346722404615
-0.06500680005114864
-0.04864675927908077
-0.10260937802970578
0.01863368629164418
0.034935178771916084
0.0922266500637037
0.058368845752955985
-0.04790570941245981
-0.03527988814967055
0.004402706081666206
-0.11649766154501023
0.039172093401184924
0.07054654077124337
0.1191490586098498
-0.11316638937283925
-0.0485517096497897
-0.06090367063619973
0.09848225435378712
0.036392202310332036
-0.028441394049087174
-0.02960902076126356
-0.03106536461651668
0.09682677107058452
-0.026234877920716878
-0.06491329431412701
0.04308484177101613
-0.03584257043202911
0.03476789502015801
0.029231274610587183
-0.07860928078640875
0.06703350719411746
-0.05791959431288464
0.10831103718265409
-0.09076970070561721
0.05033404000817897
-0.01508949883447918
-0.01782097787582783
0.01352555912076793
-0.05442336039860553
-0.034386253687653266
0.058361222284911
0.05188146657837914
0.048175400161214396
-0.07523485428086728
0.03999694537923125
-0.10247499079759297
0.040295345732013994
-0.00263375180522419
0.0026044345288184926
-0.009213587827483353
0.06474652212887853
0.01169268806183344
0.008671138345143478
-0.10576858648739505
-0.030979166057442647
0.036216518247969814
0.05898315543205411
0.012743063669904995
-0.038416442729517566
-0.0062985745103325405
0.00270648985971722
0.024324184708112324
0.0677121920973129
-0.08535789813380519
0.014146973553240834
0.03974008736228692
-0.049934618695628236
-0.03681837661667444
-0.0938183792545659
0.1271324143492537
0.009092601196705234
-0.0028807539245527688
0.05913670214270139
-0.023826399729695833
-0.07952114133637148
0.010940564158860711
-0.0040931441907301695
0.08152376924785625
-0.028276138901761252
-0.030411405234575882
0.07826966522568155
-0.0503863876368642
-0.03904239811440324
-0.033446906375213345
0.015218911095494496
0.034864580391613886
-0.01576984012332942
0.036587692950015994
0.04496581792746201
-0.06568087596502824
0.017754618335623498
-0.021739510266619938
-0.03344581824902131
0.05981967063905475
0.026993019787404357
0.00201015564374534
-0.05331324811402631
-0.04262206615749264
0.052598088130888475
-0.02000585403356419
-0.00040801756458547033
0.02799928439479331
-0.011876444288210249
-0.05679000861639414
0.035408109648786504
0.014701420524553734
0.05225748601509957
-0.027159684482476305
0.06431175806216104
0.004143012796912562
-0.09326325705035923
-0.0544728081731622
-0.06800675462445449
0.1309786133630628
0.0036460576823827266
0.017703464708354995
-0.03876902534864337
-0.056273309034708674
0.08910334036263579
0.038435183155191725
-0.013909421455419246
0.011556800332522814
-0.0004928825346419527
-0.03042452802764608
-0.0711517267029806
0.056070956230898986
-0.10668189147841983
0.08553917755736498
0.05120653780258191
-0.030533118736337194
-0.00431424993079954
-0.08731987094992515
-0.00736401251105113
0.11204672757962783
0.041029580583236434
0.02068776905596802
0.004163072818720602
-0.09291788765769639
-0.07915519244174037
0.11560450786308389
-0.016132700238478757
-0.048604848996001156
0.05132510681559379
-0.016746117593573875
-0.00461023236687252
-0.06769197298005938
0.06048268188990878
-0.02047150335118084
0.09365206122184574
-0.01676884214445941
-0.05378237170059125
0.012713291028065126
0.004636730960393737
0.05725813817776802
-0.011514658440407294
-0.09527902782196958
-0.021783052844059857
-0.03219124552739524
0.09233075706233357
0.024441425156884123
-0.02855896871994158
0.06061411296325303
-0.018687458554481003
-0.08608931100193919
0.09575285552068913
-0.05117550729553681
-0.018782796792462704
0.022435445077759894
-0.009163894919290143
0.041416708849807936
-0.07102391639891596
0.06217224452368495
-0.034178299018599444
0.03629694439705405
0.008411458388846332
-0.031270692954923865
0.021660401874964944
-0.014247567026183553
-0.07100151293254249
0.05331243860646151
-0.05599985603074247
0.09031874360258305
-0.030546102505515798
0.04802873708298571
0.03525390606117744
-0.05690031627333469
-0.14017123778112833
0.1226855530079732
0.014310489473393131
-0.06243088074976854
0.012620308028540092
0.07810885457712267
-0.012068497674509206
-0.0010680909204036084
-0.04121842589322227
0.07644139209432997
-0.04642308772348944
-0.08842844212683469
0.02843905285528917
-0.06450408817984205
0.050192872604767964
0.11806199216813866
-0.03665582638737865
0.03884725084197348
0.019284038913239
-0.12607561642825796
-0.05686729481897293
0.02889667417689752
0.08232985034742356
0.0743952824585677
-0.05627775150383895
-0.05751917931322804
0.07362874425776327
-0.1585054781357984
0.05744492444414179
0.06862885530741393
-0.01284611978410408
0.0744258866162245
-0.045616756834459676
-0.04815301723881933
-0.042168449979425454
-0.03572917612523358
0.06029841459595236
0.09246324034419875
0.013705030268376089
0.03510201795272485
-0.13416666375528077
-0.08204729278509508
-0.02588794812512806
0.13059167471373964
0.06921114753298846
0.016918431389443534
-0.03181184605511392
-0.03301994701377845
0.009374953516649543
-0.039023025036403855
-0.1382021278195247
0.12239885088965353
-0.03612224700531754
0.06889747918385869
0.024313847527524374
0.02365505153960766
-0.0024015304674717
-0.05978697285338085
0.029020776493802445
-0.0637343610908154
-0.04040390720892274
0.06768844099378238
0.011450785802729702
0.12784120181000788
-0.03624410620242387
-0.12376262356097184
-0.07483666413057836
-0.05041210318860463
0.14055370221357325
0.06937547338609186
0.06824955411615265
0.028995961431064178
-0.10891774552019237
-0.0900271757480448
-0.04212444995866812
-0.027127555678800794
0.10617954587934353
0.08299551244837261
-0.016860800078859907
-0.08622373495865446
-0.08716448653619571
0.06172907354134713
0.11627201171300207
-0.023014783587099727
0.11696662361395793
-0.11510976676950943
-0.06045981732861197
0.015414595543287364
-0.11656846932280737
0.14717172837648224
0.009257367656905028
-0.002888212691105598
0.01941040781244046
-0.16112973899732574
0.06950388429038168
0.026000993852740538
0.010309234691399405
0.06629072524343373
-0.033869001344295394
-0.018286122350941045
-0.049042120080631524
-0.03428310655168294
0.18573751820234147
-0.05166904602398525
-0.021144054726387
-0.051003503924839357
-0.09669514880902993
0.08301776195583245
0.013930783848363637
0.060253639180413945
-0.031469376367925385
0.018052041250533328
-0.08232158589575066
-0.04726903997244837
0.03602528686050044
0.06281976862641123
0.17200883225267713
-0.006630058861528503
-0.21318270406755965
-0.12363699513361825
0.05426303071676962
0.16229854922237502
0.04415118694348265
-0.06680526829276068
-0.0327967151125086
0.007821140965149673
-0.06232719668876364
-0.011996372165401479
0.0765453070885643
0.05327276077833154
0.014963183076468895
-0.05639909337161492
-0.07461098440988277
-0.02080580797969976
0.05785250001460313
0.08826632084669847
0.07500115254258127
-0.1181740422734636
-0.04605202772400289
-0.029009527982788153
-0.006340051443953539
-0.06126563054234754
0.09424113540817107
0.04008351120693501
0.05064426170307686
-0.0599620588682548
-0.03829525670694127
0.049399863017073664
0.07289472363220295
-0.020491537879669595
-0.12015947678987529
0.03845157595486833
-0.03224534411526987
0.007348031023987848
0.055379904738882775
-0.039603604768887336
0.06569013256224851
-0.024243940677582555
-0.08039469573268822
0.0533175793407797
-0.05456581560956316
0.05945101485555139
0.048834569319207904
0.03613727233400467
-0.09012979306868663
-0.009030499340953756
-0.05943622749375913
0.07129255097405868
0.06672229441656516
-0.07119546819863008
0.011433969650974908
-0.04870338463630883
-0.003293592012576477
0.10962129658192026
-0.06659915425596784
0.0904277569128428
-0.1125354327353851
-0.0006536365665387046
-0.043011354131542376
0.011818920671450257
0.11684382344438515
-0.0029693069714605133
-0.041239338113158455
0.005801627634912639
-0.0750149830078759
0.006830363905663043
0.06671098658194369
0.01333157435253027
0.049949202775931165
-0.14226142259830016
0.024761447690404406
-0.028173295979992047
0.09185285597018324
-0.02798137244821572
0.027221069584090485
-0.006014448213147402
-0.021505562283876404
-0.010803167068595044
-0.055750767639554784
0.11580116643176545
0.023374389322575052
-0.06935704278391176
-0.014265185880423682
-0.06819591645524872
0.06262128530068796
0.0065408522259258
0.023713175421967523
-0.00906748616474099
-0.010095168411252544
-0.0388382134510127
0.04400911842704763
-0.01907080931571867
0.06190277691138013
0.0018100027156669205
-0.00042765251066507825
-0.009721487668125526
-0.08555342387751035
0.10223801973981106
-0.1191734477628807
0.031226752922761263
0.011266468414929232
0.023847255713643795
0.03156270128443222
-0.06136185794677022
0.009778074078176057
0.00973051235707543
0.012566582420701506
0.0027809219796797215
-0.0180154373476342
-0.012645936107853464
0.07999054276561997
0.02796989787902307
-0.04520596337255041
0.013999599557779475
-0.13397608267405858
-0.008017081244027285
0.040918647282838776
0.10112497910827374
0.0010052858302956246
0.018166549649044943
-0.09066023519285661
-0.0715565072244992
0.03156789546499784
0.03997915373427573
0.07046048684823684
-0.01721729317186009
0.023753586408955953
-0.07094716345973719
-0.061709894807272146
0.02591779622265237
0.08763806359226924
0.05066649120638236
0.021780304941866984
-0.1225989258604249
-0.09379562629954585
0.032870026814684504
0.06503302302693877
0.07602892495064029
-0.05167483883737566
-0.05720908844621745
0.039412695506870196
-0.023312244606652648
-0.008696647754151743
0.021862834538462297
0.061717784787403654
0.02693197928450477
-0.07815268548312759
0.012458893036811648
-0.06491362467745418
0.007171033796936616
0.13870638783459033
-0.06977654032287134
-0.059897375121286574
0.018950638035531216
-0.11488223874116514
0.058024565246865646
0.08378368888801063
0.05244457572869517
0.10137271886509495
-0.09919607225521732
-0.0845401155866171
-0.03514660703474368
0.02256930924470366
0.00996216297799621
0.02802028114628889
0.02171396099136325
-0.08912866132618229
0.0001296492020196227
0.09750036237546472
0.02426815414563738
0.002703184499297781
-0.06349574204770508
-0.07947364881876083
0.010775042608488852
0.04687554381111992
0.06895316313876072
0.04851099667369951
-0.03808762712270676
0.017669323408006567
-0.12828095254117033
-0.050135865057719546
-0.03349876697483418
0.061637111115656444
0.16549958965196965
-0.005777785499941479
-0.07555789488116416
-0.058428366469692274
-0.025659528651995032
0.20559172961125408
-0.028628221765407375
-0.030755536499137454
-0.050374172961645244
-0.17048782022102213
0.04770112405443852
0.04777383372129785
0.06592586083132547
-0.008195096719120817
0.04820830605123261
-0.016107934597670296
-0.013876480484623317
-0.047258870930824266
-0.021125184066177298
0.0940307314638193
-0.0036999099706213024
-0.07577106699767244
0.027706357611921858
0.0013412920856453905
-0.028197558849086812
0.010981048753844687
-0.01123825520760666
0.06652754197538639
0.05197683584611622
-0.056366762522297394
-0.059672950163438994
-0.04119573384729734
0.020479722216094468
0.01393972091966806
0.06933162416350219
0.0007705449270843748
0.001752084155336723
-0.039732839544037064
0.028126630562614458
-0.06585077090326509
0.048408134727675495
0.024183680364733885
-0.09668828324313193
0.04049486087726
-0.020130886475200074
0.03808555765462912
0.07200855046727891
0.00803488014799069
-0.05299973844771698
-0.011799152098849502
-0.05581069797781569
0.006534565628803933
0.016097054769234453
-0.06208562438442073
0.09824681349438642
0.03069068970412427
-0.03463695361971119
0.05504986381115807
-0.035287426137521345
0.015324769962148302
-0.03962504535373264
-0.0931462796182164
-0.00247657113404839
0.027745942861186253
0.14348536962403663
0.004330988418057817
-0.008202085051221648
-0.10724114856723468
-0.06715374233596971
0.01914731940737277
0.04767648257582845
0.07501462438871326
0.039122382690724336
-0.09450506188486768
-0.0002626792394970462
-0.020743674558091046
0.054191555787176306
0.014508493401051455
0.011564452620223185
-0.06858651270435534
-0.07990141961192493
0.0312698310453176
0.0784293267348519
0.0427838660598484
0.04679206737394922
-0.0053472212944128935
-0.07067267384345713
-0.03468538630066413
-0.03793646988686819
-0.06835299237469535
0.009004653333560542
0.0678487533136897
0.035510556611023154
0.05645509136743337
-0.030764501895087438
-0.045528584522495474
0.0936595347887091
-0.06341230048921492
0.02291271150658644
0.004201170051602339
-0.060251023546929565
0.05968333906276178
-0.04025689194670247
0.09818867128884586
-0.044020285567233856
-0.08553074940042543
-0.08101775545289602
-0.010732488548405882
0.06190939340778653
0.13908655520549054
-0.0363468215561138
0.0536550314535934
-0.06246160200979145
-0.08041945331725213
-0.0184213563133528
0.1031586160205796
-0.043525801745072666
0.06058384209606567
-0.03133286489238238
0.00824729596980163
-0.03939998116805573
-0.029517043553385146
0.08758364100948628
0.0020797394003572085
-0.03876496020352764
-0.04560710988713313
-0.04489239301864874
0.04473438221444888
0.01569308373336008
0.0824623481834333
0.03223400047112536
-0.011832562827448592
-0.1504272175322982
-0.018763129386606403
0.05226746340772978
0.05608445021842223
0.03465898812277402
-0.033079474680899036
-0.09086844499889203
0.03525736883328713
-0.006833422941049283
0.05543525970356319
0.0783211387903272
0.0019392937707209132
-0.05180883142473238
-0.07211543932600803
-0.08094164979281157
0.0494703622606716
0.043885943306489386
0.08087687761830611
-0.02814678209665736
-0.08596928688729878
0.010925609549853558
-0.00037751862951896026
0.09095332925937631
0.03976566570411
-0.04454797053026763
-0.07278228741216151
-0.05357344444783275
0.03929083679692842
0.01932210715487744
0.0529301075987485
0.003716074043183726
0.02060561643286006
-0.023497236846106127
-0.07554319435477046
-0.07736343014798562
0.06762839072840264
0.08269067651707687
0.05331061690304228
-0.08304571423535988
-0.01449608978548364
0.005863074957149756
0.05782440212373564
0.02045004143207084
-0.10430189866284324
-0.02294342410504724
0.000794592962898909
-0.0007487096790946682
0.02300264341313626
-0.012698783010626661
0.1470147962735475
0.04878519642898196
-0.04705338743071852
-0.1359310344478747
-0.03447065420760692
0.031181429575626182
-0.005283869184560868
0.051410310552657275
-0.06831776191687992
-0.04912020013611839
0.11869356687166892
-0.017384839689710913
0.05621339882820749
-0.03162940939722324
0.024940001952930224
0.007727378170492686
-0.07946461240798255
-0.011780054609561273
0.019658418754569574
0.08837292197725147
0.045428956190412026
-0.029112696559535585
-0.13395795945936503
-0.12091022727698661
0.042880657242420454
0.08454921013968593
0.09865789740732335
0.014478642417382306
-0.07724570396211318
-0.01900002792489021
0.05283093060734836
0.027823001033810295
-0.02830898800710296
-0.013085320878474848
-0.024545593216377917
0.008551856141604558
-0.030232731143808804
-0.011223513514885331
0.03237967959248821
-0.003990994912402218
0.017753766612310453
-0.010139117351929893
-0.0098949903883842
-0.0845408552681376
0.18154898174882347
-0.030748117775515175
0.05537898368167739
-0.03748453077417685
-0.10216300843575327
-0.029364739284437055
-0.057337855998606906
0.19381699570075323
-0.032231759655029626
-0.06768004952017705
0.011737472399802669
-0.055397380785411246
0.010922848758280536
0.04478320757277944
0.068046368877615
0.07323220673222237
-0.06539063901590603
-0.09105661815377519
-0.05467840377092759
0.05043451818742926
0.0666436084054033
0.03532853516811061
-0.03980790005738631
-0.0673902538477077
-0.025601720412243442
0.005899226771748604
0.00820867918038764
0.06411289294060293
0.029732622504118584
0.006867473465107313
-0.03320406133350127
0.006694665780753192
-0.05791037256308721
0.07034144086896174
0.03219761156779221
-0.09804366525709864
-0.0422654702883585
-0.01159602850777477
0.004810693749879295
0.13139713199829428
0.046543528621552185
0.0006691460299151117
-0.11390113889836621
-0.028520745814435332
-0.07538115376542101
0.12790498935380848
0.006979378150437561
0.07416827905875045
-0.11524363617965477
-0.07327971192887625
0.06314675170567818
0.011884613079803277
0.05502181434781088
0.0954129906127813
-0.10888892543853043
-0.03976737954910527
-0.05643059967626552
0.08341865241142696
0.0582597264629178
-0.03382917504924797
-0.0005890397009383699
-0.08557654231140839
-0.10721834431128917
0.07712831348149887
0.1060983842427199
0.062050124905751854
-0.018661876347748227
0.0075016235840612445
-0.11223272366451768
-0.013871817615711124
-0.0313670921756147
0.11408525665535439
0.13981073388896006
-0.22257749914231303
0.0823749989900593
-0.1318341402797273
0.049240357007864714
0.04621241132520824
0.045190716892885535
0.043327783040854245
-0.10660984359777724
-0.006261189307599405
-0.06521104110306676
0.021616377670804654
0.20092447494584334
-0.049124383512583095
0.010136411985292266
-0.06309274644495975
-0.04569154106725884
-0.08603655792011577
-0.004354986689461153
0.13171661403421786
0.013904039109920356
-0.07243412645081648
0.030154946678269606
-0.002257283629588689
0.07910736184545368
-0.060290200864779216
-0.002844457572824077
0.017516278951642004
-0.1493302637637845
0.04862565804733467
0.16056812318506614
0.007647349103304844
0.06060321857020268
-0.03968650844451405
-0.22082364959762893
-0.02021400720389152
-0.054811731740611186
0.13919255673990558
0.12213706328380927
-0.029488274917030988
0.012156785333932899
-0.08283690018296812
-0.059280937005324406
0.08222169731919123
0.04358494123399199
0.014980962709952963
-0.028942019359604273
-0.06909667873185121
0.011023782591531762
0.008881824229316503
0.11327982452921496
-0.017490483672622563
-0.13636611179035688
0.01462446401634737
-0.05351430073815646
-0.005083945652200974
0.027695414656042156
0.15970798521060317
0.03998791049453112
-0.01954852463740432
-0.11693608864538522
-0.0058675674414967
-0.06153968880397787
0.03194945204753969
0.08948732144566794
-0.03623613207850914
0.009535694106032909
-0.04748723181098725
-0.04524214930158728
0.01886010956604055
0.11225825079803627
0.054668340487185434
-0.07246416252374639
-0.1767220528698116
0.11281486334289026
0.0706438062835985
0.07472468974443017
-0.05529967154387894
-0.10980747665143469
-0.00830834806332414
-0.04623140950883349
0.09081441493055412
0.00029227523247158396
0.11177184073323436
-0.004803387479897646
-0.15551954217272718
-0.07713310716726911
0.02161969236378081
0.1566611510030345
0.026675516981918918
-0.042015084441663506
0.026224268226415035
-0.10199549557553636
0.020206863686541926
-0.02059053544795124
0.06233172829130152
0.19658031676060503
-0.14415789485175043
-0.09427843876971212
-0.0996879847247795
-0.06982032621939052
0.21562963242074465
0.020760996939757043
0.007234998340625516
-0.020911412846896474
-0.053913265217936046
-0.011013321444062162
0.00010762580268936054
0.1296445984044733
-0.02991012902365734
-0.07261751686514528
-0.09285292345962326
0.07077009840136815
0.025705563311113334
0.11610084320377508
-0.029711861749528393
0.009982624750432245
-0.12326344300531789
-0.09507369822317495
0.02295925853439491
0.012438345391887762
0.18386658656658225
-0.10435209413528963
0.03806020662260431
-0.016224308401314037
0.0005688114534331359
0.027936282524740855
-0.011687609307501831
0.07088062437542739
-0.06840275296042943
-0.0393578155375151
-0.1402335276905452
0.013617625713933235
0.17147203111672563
0.055404440067295994
-0.021753498762314857
-0.1090780313370075
-0.05029175598188758
0.060919570697519604
0.09164552909443471
-0.005919437631884248
0.021504662566137395
-0.02405828098855714
-0.07026229889890544
-0.12489023414459229
0.13669315336616847
0.05494418109143195
-0.07855554246024132
0.05697930378669532
-0.006665131454472026
-0.1146094691803474
0.030246415377337812
0.07826594458046097
0.0339505754609468
0.046129861110588345
-0.11334601748154752
0.022086140667513333
-0.024288473151550326
0.032821435089059346
-0.0018603400391982658
-0.023856155154682025
0.0702764426118065
-0.057017487915009296
-0.09359024242552583
-0.008353165340398233
0.14665847470411117
-0.04184573045433848
-0.007271346638121094
0.07885559576472807
-0.056233976208400614
-0.02557232105436217
0.028701396553977413
-0.09083971986776052
0.06413895656250952
0.006938177529304244
0.04216941090735133
-0.05707810549871614
-0.01481590849295765
0.059126357560260176
0.006371387925362044
-0.03935023800047143
-0.04607429748392086
-0.023083452585790087
0.043767842840916664
0.06029686479420892
-0.02139750893417624
0.08724615033958646
-0.087995847554939
-0.06155812275959203
-0.043364575070610194
0.05153963137265873
0.07559211450699314
0.02826078673804864
-0.039634185311108856
-0.007167291917658945
-0.02900171739303084
0.028435150021476095
-0.03301917327916511
0.004903782244127313
0.028356772199905268
-0.043165658439532885
0.00019460681129941028
0.03384708946712192
-0.07151799330682203
0.15758261703133694
-0.1533210304867105
0.0780671307592218
-0.010107635309703737
-0.004979970417274816
0.029900222818223073
-0.06781566163795338
0.03973380283458598
-0.00823244570684657
-0.03896326601008113
0.039311142456431136
0.018407859395373795
0.0719584321326385
-0.06814531621061026
0.0014775770864844612
-0.026844304370119424
-0.04654384481270444
-0.0002641108639577843
-0.010738835931415744
0.07230714675409952
0.034080596315099264
-0.03218398019474983
-0.045592910255141936
0.03073551025434135
-0.021431705020758227
0.030676869958596833
0.03166343687846507
-0.013400649214611574
0.032897673604073634
-0.04963128606108266
-0.05869218103489288
0.024881355963247444
-0.00036140761214524184
0.09248688460719356
-0.06056492453848022
-0.011069619730955427
-0.017909241827065183
-0.021037940765268916
0.06856669616941277
-0.049945763861560494
0.008930810816267974
0.005568544338352309
0.06816054203730783
-0.0734466446150992
0.0833864818869265
-0.06811903749575826
-0.04119490221601722
0.02783621790219364
-0.013841376204654551
0.006785091142460186
-0.041660115929502174
0.095094612883387
0.05737966280145746
-0.023927981915028023
-0.0593970460790328
-0.09520668116737081
0.10130734179135578
-0.035198684600449275
0.023170105467622774
0.025498936437300782
-0.061249377325076695
0.007212596075108646
0.044365543320827705
-0.015837147322052422
0.0023295677476069215
-0.034901525452453556
0.030850911827975454
-0.0221998634880672
0.04707848394141713
-0.056051809760729564
0.07610489876471979
-0.022619129234188667
0.05719267450478686
-0.013280636632334282
-0.09843516418505481
-0.005006134037516173
0.006873211169345149
0.02295230456201897
-0.08176633261878456
0.03725025532407229
-0.011385906740579342
0.05241356463476371
0.08523080356908136
-0.037007329282722386
-0.03251926539073646
0.04143248250324738
-0.027620285434575134
-0.013158462628096073
0.056065617635144116
-0.02979771511806602
0.0036197618490679197
-0.05409726403867136
-0.12314599865258465
0.10033932196308949
-0.020113768839255718
0.06842083511013396
0.014683269333430272
-0.03150222486032418
0.011585848009106342
0.005199243441413034
-0.02259848155966505
0.02200532594419367
0.1243064700761275
-0.0657808611655653
-0.0793511014217416
-0.031927330619559185
-0.006588142266839983
0.04418598330745881
-0.037580934401226646
-0.003182524433202237
-0.011291679928931684
0.034833206277446925
0.10970123201498379
0.026027811780848106
-0.05075058887335768
-0.1091665306001136
0.011203706671756592
0.05633421318600646
-0.046350135909726274
0.021594309873969753
-0.043068807306192176
0.04548393135892033
-0.012992978755783492
0.06167251997723021
-0.037613893151397
-0.0432152667893186
0.03725522990616102
-0.05415800216686166
0.03952965601623523
0.0918400762441877
-0.00675853573654948
-0.04130481427075661
-0.050612369910304426
-0.024446421017062504
0.041431955133621044
0.026616911820617244
-0.10208413481496027
0.0661142796390702
-0.03797737718491212
0.067771349053682
0.018667053656679432
-0.01707160650508574
-0.05977438193405191
0.046449555376088685
-0.029215574691173973
-0.006212440635151657
0.029184534532419867
0.050850959670234744
-0.0106671689572372
-0.04016468074729717
0.04969182380477268
-0.03199861048648062
-0.028568288179404214
-0.03977399688936912
-0.008232612827789301
0.0011791502696605184
0.010035194482104787
0.07369604640029846
0.08024233019949763
-0.09717606772081044
-0.053718319823059475
0.029184752095320392
0.007244937498829794
0.012679944271762798
0.02161445166792549
0.011181943297100724
-0.06742170871604067
0.007945672192340398
-0.014452387551445713
0.013002938426194863
0.05712252799057239
-0.021379918744969823
0.03197516087155979
-0.06701385878754217
0.029208413683942988
0.012507445611696769
-0.09978125051443011
0.023678531941336758
0.038634923108078825
0.02102947761615323
-0.03705871032757629
0.12020693083538263
0.0027576128169762622
-0.037770582765848444
-0.1060464730480897
0.050963011651238184
-0.0473320322629328
-0.009472817039973207
0.012254045305736073
0.032818868143448844
0.051080294352161805
-0.050915312638051595
0.1640418395331955
-0.16075006715936552
-0.03090801199235072
0.01810954390063967
-0.0802740129158027
0.0817936741964706
0.12041519668535879
-0.06749373206917388
-0.0502311125345678
0.03258534232628042
-0.08746595342063203
0.07154746450689571
0.018613057041412986
0.05783686346412984
-0.04007744831079637
-0.04227860783092474
-0.007430878412522272
-0.0060474601592639815
-0.04347601508494221
0.10327224145071802
-0.060048021977630005
-0.044291910302573706
0.022201490510644323
0.02168430868979859
0.052147201577522236
0.050283571264673296
-0.018983336158868665
-0.11255383835695067
0.04445828899536463
0.028428781042577966
-0.08609187733899425
0.14012560609620442
-0.05422286893141188
0.014714936032839087
-0.047809689686844375
-0.06156658679818052
0.060578546851758834
-0.07836547063338481
0.05754331495668975
0.030035247312102265
0.05346987694155078
0.0706411192932097
-0.15492182490221437
0.020505060970789062
-0.02168690165454903
-0.007704343898416758
0.04492184030231563
0.023250802061238966
0.005004395974531236
-0.05192888357772394
0.03196092331276317
-0.05043441644395729
0.09502937759937496
0.00966946161611276
-0.136372258892373
0.03834435171226717
-0.029821348786859013
0.030204108906642418
0.054841435985479574
-0.011048739807138903
0.032853350791536416
-0.035154931929352505
-0.010215291990006965
-0.00984405766037988
-0.01709635385189135
0.0930355025647502
-0.04236438858865785
-0.09987135230648049
0.0495110333343462
0.023317979507297245
-0.00024785764975067377
0.021240533371318964
-0.04239353225206606
-0.05179125579778622
0.06390321621469339
0.07844010826631416
-0.005784692764906456
-0.07950631625606831
0.06943748540273824
0.020830107061700714
-0.00614061629328985
-0.132768166529574
-0.020978665241300612
-0.003000691851642335
-0.030416025072696168
0.07652800206010797
0.11905061130003529
-0.04303666940769795
0.10190638364686377
-0.10017060191612895
-0.011518746357242126
-0.10576539882414979
0.06059203425937404
0.04034487699908264
0.036306857865804815
-0.022579479056447103
-0.07697584606763491
0.05969031433845173
-0.1085721048377852
0.07368350338630246
0.03367187408420439
-0.054882840081707615
0.0069748311296930115
0.06308427794775144
0.015345143629383802
-0.044789082651635795
-0.015116903507585046
0.10370447158391975
-0.04524559702086925
-0.019310558761279423
-0.1148096328202021
0.02320183873004104
0.0348457321567479
0.05983454517457196
0.08110153401411581
-0.11114440356914987
0.010889816335283452
-0.03603454625037052
0.005430623276370453
0.04033971122253539
-0.05660763705486799
0.02935812390868276
-0.03568652785692941
0.004445754696571527
0.1100014039549986
-0.04691561130536796
0.01834256887867776
-0.09356579837954201
0.12036120429451183
-0.0720199380582786
-0.1322056616987602
0.10923046549492352
0.06896342225086025
0.05211584751554123
-0.008938852702125138
-0.14720702751157463
0.023061000116365082
0.028019714932475938
-0.03632548547944174
0.05935330727434769
0.09012768802200484
-0.1332981010828718
0.005006979594678286
-0.026639418319620654
0.07824528577693904
0.003452631199670822
-0.022669060090330297
-0.02139498202922899
-0.01639662903269423
-0.03029243273318439
0.05480590850655932
0.06880739078458234
-0.00016566497822602234
-0.027540529265309248
-0.08404569594711661
-0.019927951878033884
0.06445769951293209
0.03674676651196686
0.011630509471393697
-0.09357611043231052
0.07495294239799544
-0.0609774427125427
-0.026993454471703357
0.17946992660031197
-0.04590185088810456
-0.058736239898342424
-0.04820546288263532
-0.08064317342426433
-0.018718905363532986
0.1053110295846164
0.14124416128004394
0.010067500448656369
-0.12124388432740191
0.046000712312460446
-0.06643108838150032
-0.07357513768081864
0.06874401924736548
0.02492036799444363
0.045060616812674516
0.03224010692422624
-0.058028412273603155
-0.02447676643140331
-0.04164529289029855
-0.03814627526316118
0.08186725514053422
-0.016199646637463608
0.007240644981258957
-0.01445374835180255
0.004703764566946915
0.04578004056565864
-0.0009509871994096063
0.03354388780543017
-0.01173937121073274
0.03729694368213658
-0.07814788225529781
-0.05217031745738554
0.043552335056432336
-0.05002858458806704
0.09457218075428106
-0.13788032734116792
0.004836851283425055
0.11134386905456156
-0.03727890398191044
0.07167167548294959
-0.002735019418890614
-0.030867937347955593
-0.07988682952318171
-0.0014714998446181441
0.13575802192573727
0.03695161795892753
-0.07055150421462154
-0.0936051043151071
-0.020989938690868286
0.05316622989839293
-0.023057404253088304
0.09529961669145155
-0.023097843983252667
-0.0006776853687030823
-0.10375579816178054
0.04118659631904174
0.0201855056935781
0.030024779482671675
0.06411865160325837
-0.004302687636754502
-0.07569643175470837
-0.051725084339739415
-0.044193986685881675
0.04737251856464554
0.010774402416296937
0.09046288935807274
-0.027976588546529443
0.004470201970101574
-0.03260325996495847
-0.0038936660287823897
-0.012913582110613714
-0.0019888861984330396
0.07651279171796578
0.019490536063664746
-0.11485745375106014
0.01649813282734076
-0.039928713783500776
-0.00938108451725307
0.146094794993005
-0.020083344980878153
0.03386016971059503
-0.14307800673452917
0.005100937289354377
0.04728410033308488
-0.03035985282752517
0.09539432188434836
-0.08476896577182333
-0.06410300424253794
0.08978733938479587
0.02284559301610071
0.013142272823791299
-0.03312008210903325
0.007668770258272562
-0.044187743978723465
0.013169994118717552
0.014847906197733733
0.01670749837788891
-0.03688676190877375
0.050722415587471044
0.06615451829931161
-0.05314664334735797
-0.10885716700992165
-0.02702047193589017
0.05638244433861601
0.07993758815891067
-0.06518779058350231
-0.037732149958226276
0.04126043654496428
0.0328849203199471
0.11299011061636789
-0.043548523773962136
-0.08607294132914645
0.0014182718420815464
-0.0070151284645420765
-0.02821558302360647
-0.06334254330075972
0.007407944014943746
0.11037371512010596
-0.02031503428766946
0.0801638660716411
-0.05315187806961882
0.020197592188054135
-0.029380487645879663
-0.03334361499090756
0.02779221594776886
-0.008205417705846416
-0.015598736732591833
-0.028270741107234248
-0.033409794753692997
0.11439091220114772
0.020225875760093426
-0.0301625514040729
-0.06383155554314669
-0.008141757565178423
-0.002948089062601787
0.0042054448786362116
0.05681438406281573
0.07399925422788899
0.0002621545295765441
-0.08079869998956231
-0.0669306014001051
0.02433649152851214
-0.043030752571076095
0.08531487263908306
0.030388169534197495
0.00434786051310971
0.015500863714890744
-0.10008788389523171
-0.06132334235549799
0.09095600713978992
0.04565981210219787
-0.00734869587886163
-0.01999207353316486
0.0598666420377664
-0.12528177520378675
-0.004206360132798341
-0.0005144837971403792
0.07082634455126958
0.04640731808367101
0.06503898026892437
-0.13060071728249648
-0.04626255399828866
0.03861491733553961
0.03309620876970867
-0.001986996093385834
-0.011584694194890572
-0.042635158262596284
0.049931309143897463
-0.04632144078377011
-0.01450609880637142
0.12453931306328947
-0.009986794421482204
-0.05913121125227819
0.003954797351045782
-0.06008285104563839
-0.007335639965740124
0.036850283476652604
0.06409103932188555
-0.017461815598976606
0.03443209214147724
-0.08653043287347609
-0.01931906945312695
-0.06518098776908018
0.1197901989548879
0.07888979509021603
0.021527344654379003
-0.09634006821481345
-0.008312197955442125
-0.02560235246982366
-0.010903768001590831
-0.00974887109218441
-0.0009337145284499896
0.07283131687028442
-0.004943656184473715
-0.046577123433304314
0.05949425501620092
-0.04412814107418369
0.045521705839936866
-0.06001742643724346
-0.043002427115407645
-0.015568245304717298
0.06030815899958186
0.11749302915656212
-0.024985946954270605
-0.06863289685767104
-0.02267169940185451
-0.02099875055767077
0.03780385120727759
-0.00667362345870349
-0.005468027669340965
0.05251821197947464
-0.008388440961064888
0.023547536216689233
-0.13897171034226952
0.11528315511974752
-0.05628885516108829
-0.008915551428066134
-0.014370404865149195
-0.004901831840735288
0.05973766537805507
0.05991566559244245
0.03774025519968791
-0.06098607182217072
-0.07256573819924741
-0.02751597617063272
0.02066959459145886
0.05995908366753726
-0.06803168056050737
0.0806512496886278
0.01065798512989995
-0.12124076671291699
0.024211895933971588
0.08459711417120078
-0.026024182868094985
-0.007522112203268421
0.039215091884690426
-0.03151943911058848
0.016214376783466992
-3.321779154574058e-05
-0.05456887305504627
0.04860861558810781
-0.031895498408582225
-0.07965051634873366
0.066723122727061
-0.045251852931142804
0.09256993284976178
0.04513367694682219
-0.024741036834108346
0.06516863288226431
-0.14072600323270812
-0.018584902087103703
-0.008868761197117154
0.08669252885855304
-0.03261477892070996
-0.007224638656219654
0.027053612860875015
0.051047886033906996
-0.1088652187181618
0.02484019099855903
0.003419650275560979
0.0699269170202886
-0.05661074202026767
0.021166803169864155
-0.09536433464166116
0.040250335726632384
0.00581724653348998
0.04033031148503026
0.04353646864866323
-0.00660810941063304
-0.009122968608233084
-0.05832379058011969
-0.03931648200268678
0.03894016341482077
0.04528524957667615
-0.004746602008810871
0.07374992038592128
-0.13213617304820682
-0.06718094879819865
0.08289447022034671
-0.0022248384045743127
0.06304443019405641
-0.039136443969238495
0.03388160914393193
-0.03381687698344673
-0.010602270046673908
0.010404602064988186
-0.026483553805678926
0.01678907582377693
0.03207550877446514
0.01015464995966196
-0.03576174298514768
-0.0091362215053636
-0.02796939910839423
0.04408704795650676
0.031025658356539917
-0.04583082492892509
-0.004327056503107103
-0.029389804424434982
0.0274366561231115
0.03711997685210208
0.005475353360765026
0.008908276007060413
-0.02823328175839965
-0.06755243643820963
0.024317616815880988
0.05134474052812769
0.06280176741955029
-0.07809419273944984
-0.008792189836737928
-0.0636195095841448
-0.026706676230339507
0.07783347859897986
0.035329316710314015
0.03940653993327702
-0.008065968118105912
-0.011735427402410525
-0.09902187355633554
0.03205681632990622
0.05028947296523689
-0.004150196223840414
-0.009377995869087784
0.022978437524019898
-0.01914565466216444
-0.041050271611997285
0.03552827496401762
-0.06999118551613652
0.10445942711924319
-0.028917263839858175
-0.13501119564279487
0.10090488259064985
0.012604114653794731
0.013785170502324808
-0.005011974027846057
0.03526136278881853
0.028600255776904872
-0.0494736316326566
-0.08070098357945002
0.10191869167797596
0.04947789180542925
-0.10558847270585836
-0.012461205591697468
-0.05738423241433717
0.053499113836023134
0.02261704851199523
0.004828674231882487
0.03637593530250991
0.014852328315647671
-0.04222843009286338
0.005287069187928109
-0.04703644079712889
0.024300505568684752
0.049410209983576044
-0.02754251364645246
-0.0033611155357809942
-0.011172207361817036
-0.00138933176045315
-0.08566767506167233
0.0810909644747992
0.08387083898543951
0.03149571797018179
-0.12240280320897513
-0.03461436864182221
-0.038180788763134375
0.05867202711717742
0.022912411956961757
0.08094364262893315
0.014381605115995748
-0.016027987601869284
-0.0767284175483303
-0.10941122157270936
0.10614770126108515
0.0452152093744127
0.009480267433664398
-0.027002072818725735
-0.07714809789285418
0.07359003242922066
-0.030616121962420993
-0.019222187648876697
0.04657604156746051
0.04053945628117664
-0.015233278298356096
-0.025501813221400955
