0.02793783546719486
15.502911449142374
23.10011737258935
7.543056450550751
-25.079265347428983
-40.436021691180095
-8.868617983372799
43.29314654375692
49.201610823740054
-5.784521934852632
-54.677973959500065
-38.228928331395274
16.651805371645533
43.79579833974635
25.353566063798084
-5.268400256038439
-22.43551810657157
-24.36134994007479
-15.090639387650327
3.112098606834257
19.017676168961188
24.438369212729334
19.00052337181925
8.350315845872792
-12.182016777082719
-47.26732761845422
-65.49139556910298
-24.40881985358328
78.98067834294066
165.15901417752397
75.72965755778793
-184.74383738783925
-258.08548999108586
26.829485617132487
248.97722158761755
124.30372035542776
-73.0728975200242
-107.75441494826715
-48.82431971249489
4.164103191724249
26.692977208262583
27.56800415355836
21.203773719721163
11.717727566365408
-3.516679518616706
-19.970391780010168
-25.23202358348012
-16.238873477184256
3.144177851659683
24.447115887262495
34.54790949548969
16.60623136737211
-27.231051981590767
-52.5279275118009
-19.468077030610168
40.46582377100244
53.628382014264446
3.5212898137321353
-44.09123102383141
-34.65348511962171
7.087787614365786
28.923126444181012
17.319888390852174
-2.9024115913356408
