-3.222660773721107
17.17400915645834
28.970237428609277
8.013467576854964
-34.53481016452433
-44.47758733682859
2.1621950758470323
53.419321415934824
41.62701903038591
-18.413072595155327
-52.47769394382813
-28.00633215752326
15.520493464723458
34.641031346040286
24.66051632603242
3.73357567966993
-15.691205562959466
-25.415637155399864
-20.283765352475644
-3.869523643081344
11.641658799695053
21.05929716390116
27.346449708842158
26.854516240363917
4.61212863452929
-47.28723676065695
-106.97988213822535
-75.13147920083622
119.88240397519944
249.09126971683273
33.343164289476405
-255.26023030932444
-189.16664212094327
72.11222668837115
165.50485964192706
81.07680811328322
-23.139781302581717
-65.40192318016773
-47.80788764302133
-12.691304964956888
8.119035607334892
18.816588620389762
24.470171378458033
19.369899714662637
3.2842749263262228
-14.900429473952565
-24.494436795774693
-22.413024269552988
-5.643082513315446
24.992436932770406
43.9472386039868
17.179641675090398
-37.74247319750903
-54.997818494807944
-6.210706743230322
49.15615748489996
43.26405826161198
-8.092530480531341
-40.70226900817772
-25.4112228629494
7.547895686557807
22.9086919575538
15.63456545196409
-0.015831699646327357
