0.03635506066863156
0.4193566259125254
0.553281586774758
0.479381597789574
-0.22795658633774546
-0.49097330623672614
-0.8056539091242539
-0.22738842744655138
0.4461324121971551
0.9819874896391021
0.9245914823132659
-0.4190242499165424
-0.898110839474981
-0.9644140915355536
-0.14489398076948157
0.7540547422954033
0.9243064459768621
0.3428042869048965
-0.5500381278812433
-0.5731970252851474
-0.6252939412084346
0.22683334452153972
0.5351703893287777
0.4105272616884765
-0.026709736939693713
-0.12953126521269243
-0.12910461726903913
-0.11113130422512796
-0.1302090807583485
0.025556480835378523
0.4190364957187661
0.10516156921987399
-0.1165606916332265
-0.4632834676756091
-0.3578807102454603
-0.06715316249988729
0.7256965609012728
0.4402412715427981
0.345930065326838
-0.7443888504882015
-0.8088622803561799
-0.4864142268484418
0.4718309153541401
1.3417264686934265
1.0560379019049952
-0.4986608473223335
-1.5732466712256385
-1.3188909335217238
0.16091090679015868
1.706366768957382
1.6335301527756303
0.12029756970547306
-1.6135738264912434
-2.1131423839795564
-0.5742946222702762
1.443047342939768
2.3672408668523874
1.2907524182696213
-1.1020284334178827
-2.295830549067128
-1.8544556421675846
0.4753008009503203
1.8929119616705723
2.2133873547106515
0.4886541875980229
-1.6301347670082602
-2.229684331318176
-1.139438956893542
0.6495391868514203
2.0781151392577417
1.7579484166734731
0.5717212786311989
-1.4516332387094721
-2.247131441789652
-1.7284716360823196
0.6956570249317637
2.56271570289159
2.4289522050135317
0.025929403210619067
-2.307491320260942
-2.7483505878106835
-0.9225363095513521
1.5332759817043986
2.643229723743934
2.151209642095437
-0.5290771864830858
-2.5433741901551956
-2.8545112696740325
-0.7152037643411848
2.1673432248309354
3.508785200544694
1.481861886776428
-1.5430752444438158
-3.56395907944412
-2.057044349030492
1.1156120150943074
2.864304053838913
2.208576675113807
-0.43011081332961115
-2.0110676146129842
-1.6890858732053007
-0.39804407594618657
0.6842570891848518
1.2555806390294828
1.3309787880489692
0.6043665586483987
-1.146129158270746
-2.080438479280298
-1.0893878432694044
0.6599148002858289
1.8667499912130685
1.66767083091644
0.08825855598340256
-1.2613935917396975
-1.7892087997052526
-1.1716691781617463
0.518258989165591
1.8511133057890652
2.260872765398109
0.31433757432947984
-2.094433975941789
-3.041185319180424
-0.8432212940867552
2.0095908381250247
3.3786518619887693
1.3099538628085674
-1.949776258029347
-3.2024553704629244
-1.5176166440793135
1.5660467021228932
2.9355521711025245
1.673870739179049
-0.8482818162978254
-2.6790416253199485
-2.2743796924454713
0.44414400410984434
2.6044738546523996
2.5087323760023628
0.0175267943569285
-2.524123043441789
-2.47818375681001
-0.373959123828077
1.9940457088505201
2.4772316445934024
0.7549519227896144
-1.181388641712349
-2.0559430302357913
-1.4561828995992852
0.050233318174608965
1.4878714551947467
1.9992185417280632
1.3502579929658427
-0.8299130655019833
-2.4015589653442744
-2.23245839019961
0.006186177840279805
2.278793732133657
2.7584066477989277
0.9167899614564129
-1.6810145868250082
-2.989581613785219
-1.9277138921574015
0.7018101953013998
2.9356110580613572
3.07737316418205
0.590923154160167
-2.879737349895357
-3.9257747568291763
-1.4295111107034528
2.4768196323867264
3.854707142025915
1.7162664088018447
-1.6348407507678873
-2.888154954978013
-1.6747563305941402
0.6154623556939802
1.873717591741791
1.3375535579781714
-0.24061694903846076
-1.1537691947484883
-0.6126312771415872
0.8420364108451552
0.8658861658373617
-0.5174567844930046
-1.6600023890305637
-0.9932240691781233
1.004677698183859
2.828963370634679
1.5715282492095408
-1.5368055822015207
-3.3001224331639225
-1.9814910247934523
1.3324928926072768
3.1127564415117934
2.067919241250193
-0.680009499519714
-2.189573455302659
-1.6565841638259695
-0.27605895912609985
0.7560872016571162
1.4898283131324301
1.2822538324423371
0.05840370991139883
-1.3762246704717953
-1.4755426246043146
-0.10215105024426525
0.648695417588839
0.28418086668752957
-0.10079832078687556
0.8499776100085384
1.555082462109712
0.37562924702879363
-2.3699642348575116
-3.436155769005528
-0.5858282876596075
3.4867465962582367
4.618131361908862
1.0969928217113765
-3.4495069303730506
-4.832112204027518
-2.3073906631578103
2.30913573910483
4.454212707727644
2.788759260409274
-0.5079111167099428
-2.9022873266775817
-3.156563956508899
-0.8682389845069753
1.64327158189986
2.5998335059447757
1.4938585368973123
-0.763458864092287
-1.7352397339258416
-0.8058419044089463
0.29440188861719485
0.18404639206882772
-0.13318307407254998
0.05066949616738972
1.0934409281389081
0.531006055883509
-0.5037079981018175
-0.933348500492195
-0.3314976451647324
0.019456107039711158
0.5554115352935056
0.9262187558595619
0.07261391156373363
-1.1449080368674946
-1.4516550956585266
0.16740781899946494
2.4612833522097683
2.026416481822083
-1.1763989878775747
-3.7872060560502065
-2.460929425898354
2.6256781394501054
5.682118534070743
2.5632706440593527
-4.763148967551947
-7.664102841428756
-1.938112879671
6.254054827195472
8.578666948367982
2.0776474663681075
-5.8281470680477065
-8.376239990469278
-4.446022991138364
2.561348330889821
8.639457632915525
9.113086241123277
1.078613717518472
-8.955679857654903
-12.258117492631406
-4.075002198132636
7.18993004883631
12.092927518234465
6.426436276238093
-3.3626037918068903
-8.864213504205717
-7.545451440735676
-1.5667049758107041
3.8675026228219087
6.579537485279393
6.747301308143134
2.676593371878446
-4.971830123901139
-11.283434347968038
-8.86477417965674
2.8864177086661966
14.472974378851863
13.20026009107544
-0.16652420565449155
-13.543272960023641
-16.114423425584413
-6.185538612639858
8.714020957506877
19.54460395222179
16.22032032198396
-3.383478657816678
-23.538563935369048
-23.887817452613692
0.35635887787501663
23.629219440006707
23.018878860840342
2.0538755466602012
-15.56900100035699
-16.112039784703512
-5.632710237777315
4.946475735434156
9.412499341753175
6.185127257034401
-0.8261732535702
-4.071989534777966
0.5280939924185175
4.1024024788698705
-0.6441269170666486
-9.791325662867184
-10.588179841188088
-0.11203000606380886
15.77671976238217
23.010943579355118
7.29668645856508
-25.52449646183099
-40.562816533943504
-8.051205046874266
43.68685815143848
49.10929897742126
-6.455163219395885
-55.105755207893985
-37.742405234266826
16.985525735399438
43.84495674392489
25.229496304985087
-5.46188540579712
-22.539406963343218
-24.4689260796333
-14.950129556898716
3.2412784058762627
19.3565640705117
24.569555360438134
18.83353655372978
8.061667010320669
-12.923650197294707
-47.52397629890045
-65.25488377951002
-23.066538315050035
80.7869354964013
165.59795898471634
71.83922232473276
-188.79173942753124
-254.8426683782346
32.78187422486305
248.6690526899699
119.91057147245715
-74.6621295025636
-106.76236281935088
-47.71524377434612
4.83256288713088
26.729380701006196
27.550436811861474
20.94986268282752
11.812955345658256
-4.1028509275223675
-20.14074179851978
-25.46033467096076
-15.900270070733743
3.67472440747887
24.941530681452683
34.5701358764091
15.699105134609981
-27.992875789146538
-52.52849324961842
-18.603542471284324
41.541613551105016
53.24335857092262
2.3217541842811134
-44.32309520151509
-34.32322423437397
7.777095271523889
29.060660880186948
17.25003431503279
-3.3934428438559596
-12.557229952500668
-9.779157290599805
-1.2637358215334877
4.949967512550974
3.4462751000018725
-2.268875864243384
-2.6105828693362607
4.284284626214274
8.57856556345061
3.7684111476249544
-6.257682106238303
-13.679484445951068
-12.044570361277465
1.9224908917301269
19.74598385011604
22.356969093403336
2.2804541221885524
-22.93487513122118
-26.19472683830954
-4.4691195063291795
18.290222721053908
22.11883021089388
8.275917768070915
-8.629120644407013
-16.303388446109516
-12.996340098316491
-0.11037577700514445
12.614527209375824
15.164172066374665
4.215274609150579
-9.137971771766699
-12.827300715015395
-5.442072856099349
3.9495906475498255
7.749152530052881
6.501400697723304
2.184854514976164
-2.5160767327577105
-6.876951620490278
-7.55829837234907
-2.5914480113365213
5.964396213609656
10.897124645245594
7.029749734243961
-3.72926203823474
-11.889996687454278
-9.446451694354412
1.001468922541109
9.889045434589402
9.448881949533824
1.9022185027323215
-5.520763357867262
-8.020098653289836
-5.175743627483937
1.5811612269234463
7.5923465730667665
6.830040508582216
-0.6022551928714249
-7.41448108006002
-5.863028282660218
1.6459597250355822
6.006478064811834
3.5430097741433335
-2.06374766594066
-4.327960706482694
-1.7370185914500964
2.093890670349611
2.9327569243268385
0.6778611832454537
-1.9293119923045414
-1.7956393085767626
-0.051738988736393376
1.4907098333906017
0.8390420679683354
0.009327488298933668
-0.6915446981493222
-0.7822968359029631
-0.2996834170940225
0.21304664999865533
1.1675141264815483
0.31189990486750246
-0.2820579587292995
-0.5062581370475849
0.20285607593826346
-0.33582627635782897
-0.8576702106038927
-0.8250656185936975
1.043289749601044
2.2538386658730265
1.717557035059071
-1.0832555679231324
-2.863247797810276
-2.812256951648517
-0.037738373530254776
2.6631783568173883
3.8229377328140335
2.060307159147329
-2.0997160538972013
-4.689523859041252
-3.3454198546908134
1.183945276450771
4.450622800556832
3.669540411768734
-0.08886436290874133
-3.493697585825818
-3.2351162886164513
0.03446776875733448
2.057244386153214
1.4832605420794656
0.04351670241735217
-0.49876689806366425
0.2589980502710053
0.11517053497863344
-0.8983639727373078
-1.3072655640390334
-0.11014770323538262
1.205951365893754
1.6713252143358488
0.6574390589678147
-0.847078719465443
-1.5162735788137531
-1.7224757936074555
-0.29233356053816684
1.5808421696481139
2.7715870011984935
1.2602351368412328
-1.590730596792858
-3.0943197771505075
-1.7123700685101724
1.264955520431918
2.906302633692642
1.5422994489796664
-0.9095777713857036
-2.1125036498112477
-0.852053054066761
0.8584507943473435
0.8725057096465485
0.1082891795242443
-1.164121497710515
-0.44093349456800884
1.1393035972605743
1.482140494581542
0.5256767014351894
-1.4110341875464523
-2.4671899247114912
-1.3585487967568
1.5091939895983455
3.548275920514017
2.2988106376316706
-1.2649786323096222
-3.966802873743043
-2.9159537563068603
0.6186413282006398
3.4035371378950856
3.1711733648124674
0.20994734718400473
-2.0376992243970964
-3.1338488838149123
-1.5267651937111577
0.929136949958496
2.805044050396871
2.435376200142944
0.2609883656579926
-2.4094917895707018
-2.6203811320610098
-0.8627180180521032
1.2722241035934583
2.2372268454296846
1.4253723979033908
-0.043325958147902854
-1.703503538645548
-1.7784109783919264
-1.0150728397514592
1.150384047481515
2.165461296402416
1.6696085393018856
-0.46219919056472974
-2.433606640282679
-2.325411811956593
0.03351094531652998
2.512815879941223
2.700023890045153
0.3343534664055815
-2.433368344743001
-2.6769723038955364
-0.9006339773675515
1.9593961220619454
2.812058080355048
1.3648042063633588
-1.2672197221855521
-3.0500019873562922
-1.904080940383611
1.1502961885699372
3.1042241436138265
2.167166631561663
-0.7509740999018135
-2.9556264835214883
-2.317046020398718
0.29738145117189224
2.1952429403590794
2.1748193889271525
0.4098161722725969
-1.3195914440152556
-1.7603333978661029
-1.2585964922851336
0.40489265656739
1.6968048561191302
1.6309918521549713
0.6194778144639486
-1.3627475225910146
-2.1390111911971896
-1.0075446290745913
0.7215735467312173
1.715524702766484
1.3125629127242533
0.3304853320984989
-0.8398385800391515
-1.5435939870027746
-1.5553528713629567
-0.08346073339278637
1.7476615306356627
2.750513966046965
1.005865051663548
-2.0007624601199185
-3.2591166942457495
-1.6176287238448517
1.4435855435442808
3.272708872647175
2.143179363762541
-0.6279798454387215
-2.8789100072960254
-2.469082175406306
-0.3024013917063815
2.0476499140818514
2.625909877020041
1.4616485707139435
-1.0860984407607213
-2.754995525000206
-2.2504690506191576
0.33168537286927846
2.4113931521015184
2.5611139905796887
0.5044823712464194
-1.6553755896644062
-2.484920647906605
-1.2993709053186686
0.8379416688786935
1.706183389191604
1.9475808905342349
0.4558056787613625
-1.2542960242241576
-2.210119784572021
-1.3079008205889617
0.5687265946599108
1.9651708967731132
2.023295759044908
0.20835114420281994
-1.641853112514345
-2.1860404795347605
-0.945554352648883
1.0444362656582131
2.342720427569717
1.3562810498528632
-0.3408850994953541
-2.2490796208090433
-1.6649306197240228
0.04925228183020097
1.6746749614727483
1.7009633560229325
0.18881680942884294
-1.093881384476143
-1.4964780017702768
-0.5658474583689721
0.8014036959364296
1.2984454759788702
0.6843927074249171
-0.6165208986141935
-0.8869792986236877
-0.5029681845529386
0.04930427942942037
0.7094838925761118
0.5634120250313917
0.013971253169859076
-0.4808400094767784
-0.44635478889287994
-0.16492931085893714
0.36908465924230316
0.4251508607946413
0.008679780414704977
0.006024549372245627
-0.2797067215816425
-0.32548421370008246
-0.16354153552485293
0.018967067437105786
0.44566409473955076
0.45118490596161637
0.34097972670512705
-0.3439776059909349
-0.755766386854726
-0.41726261679011994
0.18933822786790677
0.8887163213187538
0.5623885195552549
-0.03648445602809146
-0.8706111248381461
-1.1997885498400318
0.10191579403926179
0.7423917389038794
1.1000848833641501
0.3947991906389209
-0.45173710866362565
-0.795477469523861
-0.6719704936405599
0.01385905142239012
0.5927134025250508
0.6603475677657158
0.24673139529871638
-0.24274435562752208
-0.6053020272719721
-0.44062543016881206
-0.05763505506421558
0.5089149668416877
0.6257184512135154
0.23172595473538493
-0.15850454681474618
-0.6012283641507324
-0.41075798996483714
-0.19436532094653353
0.20101707587398024
0.4036154336705566
0.6447897633344464
0.18051962346868583
-0.4245542843837786
-1.0205678283004107
-0.37813103442400464
0.37172698373026836
1.1842108843321495
0.7356155571232258
-0.32292099277560277
-1.036601772481861
-0.5936144824593681
-0.06497322546531879
0.5830184487890163
0.4481842406342546
0.3019268947093063
-0.26617645089980524
-0.17760046688150913
-0.2556180085069908
-0.06825796706731393
0.009993437829367988
0.09567388749757652
0.2001658876189932
0.1729440958876338
-0.06485942983372528
-0.08089440843454608
-0.3458777483753434
-0.15990222722833528
0.15400917299831055
0.5314861942861115
0.14435387957013227
0.1317852951325008
-0.4290376799124826
-0.4690910965857341
-0.02859905843135646
0.1609632306544482
0.48257292506049276
-0.1034566213443903
-0.03625755283352448
-0.22872240785741987
-0.22153749920592358
0.32817355791224456
0.0948438130761481
0.24964637396305006
-0.2463109686609584
-0.3128490323972453
-0.11540325929854481
0.31956949464541806
0.5341560359806452
-0.0631918701695163
-0.38505924234222927
-0.5796625722727695
-0.046041753503034015
0.42582167075950095
0.7205164540095674
0.01806376002421698
-0.5275229478177892
-0.3577865649661093
0.005450576798723759
-0.1043814055747197
0.42197566881927695
0.3533392471379695
0.017151185098576785
-0.22087344799499287
-0.3840804717703823
-0.1054183688297617
0.1866232652156205
0.07065897325036748
0.383129458406936
-0.12990431486472515
-0.0763769469337688
-0.22217560807801445
-0.11130796910159634
0.05588264020649015
0.01652178848253695
0.2723718849623465
0.20825496006121375
0.22596352808681133
-0.45011278174131697
-0.3558543717745039
-0.09094820056059762
0.09286526461762358
0.33621952644722247
0.209761059247463
-0.11379606223031997
-0.10133329977032633
-0.3414690172424525
0.016683497331925277
0.16916876977574385
0.39513499145302455
0.05234617674944039
-0.17485405133543208
-0.3154230268439659
-0.023726045803256487
0.044421490854151285
0.20521637332749326
0.003786992799655633
-0.2350672246165177
0.15349172646578452
0.16197339662539528
-0.012975968562230433
-0.16712715385658114
-0.19584677897708866
-0.007234713050719715
0.2737419799855051
0.5125861351592271
-0.1930075943041611
-0.41300253155536454
-0.32038662880900237
0.10518493412361828
-0.050743195523714264
0.4422350472321365
0.22996592265980567
-0.27088960355034314
-0.12009240264778342
-0.18564119127019346
0.23880112863247216
0.2475186096041848
-0.09227249930457351
-0.07461207269606751
-0.1387695947954079
-0.16824882243266692
0.21480031234675584
0.18412940334665054
0.04403575743609008
-0.08954029824750867
-0.36433298215255083
0.06576909239695382
0.10666021432153498
0.09505418103780212
0.10532431843986535
-0.2566868306408334
0.03753944725086203
0.044269417959785194
0.05044132263358584
0.19089890176857674
0.14287678028612327
-0.008758466953473567
-0.1000248560825559
-0.4012373990940883
-0.3040675636153704
0.09447481613037784
0.30051964727880703
0.4221459562079272
-0.1353566533135832
0.04076830262488875
-0.24887854147878888
-0.10105262853725162
0.035886696517005046
-0.1360058622097694
0.3800077358277663
0.14794535772133877
-0.005565049264499664
-0.2559703843886347
-0.22115461746387147
-0.2190852212986661
0.23003829996648423
0.25281020193919224
0.2700692150333364
-0.18305029295033617
-0.04215202920415961
-0.34380717858195176
0.02608874158729656
0.19585527724295348
0.053805948520910515
0.10961981708193168
-0.020384271649614517
0.02471597693845919
-0.27235598515648834
-0.11782724127310401
0.21394358526387494
0.20516198745869507
-0.1955279340275997
0.14873189556145927
-0.11121128186666125
-0.07671532359216159
0.07242551236091038
-0.08925290736031885
0.035826884035476465
0.2024673535369133
0.03869947166736825
0.04804475418637355
-0.3566177502407034
-0.19289096889529012
0.01846507632171135
0.09616146861238037
0.3689573471742368
-0.013761792963785838
-0.0005154312879978983
0.0780378579427242
-0.06296973895859778
-0.09235921556057296
-0.21481886364276986
0.0511397737044285
-0.08705803757160592
0.03732520647296857
0.1928214880743615
0.247131570467948
-0.04581927421473561
-0.26619696385663316
-0.30696559959293307
0.10587289234833247
0.446922736135775
0.06714401180213822
-0.02012404958138711
-0.4231183375706805
-0.20974887848060858
0.08732837645075406
0.24461455571303536
0.21889202668210453
0.2902986392818667
-0.16287626802160127
-0.4155527414566444
-0.11983399481042983
-0.024696184584514523
0.3078086564654628
0.17627810383133893
-0.007537761330100548
-0.22082585737171975
-0.11109402238259983
-0.1136325171326189
0.05799548099581794
0.23245903859956207
0.05383403569647244
0.2453737991362589
-0.14087616890497617
-0.19866314035084448
-0.24345170745069153
0.015940597659636034
0.2266426367074398
0.2175141661108025
-0.15513125139767175
-0.18275544001171246
0.08427119262677542
0.06713077857399362
0.10118794864155772
0.07318875792696777
-0.18464016166121383
-0.1977258578852098
-0.12710652578845621
0.2610607965153349
0.23104458293278432
0.06213653762830072
-0.06090854388251825
-0.15205257357133675
-0.18955124968137427
-0.10827819449189344
0.22985807735395683
0.2808518529657276
0.10118070632087989
-0.13839743047836522
-0.352695641298529
-0.12187072749702456
0.032740696633616964
0.19977432649973548
0.16014983339275235
0.2829660948023405
-0.40968548858068715
0.018916295655642717
-0.27880900468354486
0.28923171006231113
0.18868957757690685
0.12629089048065864
-0.06670278394779636
-0.3663593095509634
-0.07265472658352419
-0.05793805568001827
0.19832461457812717
0.11553601178869605
0.12282390049733354
-0.1544312378198454
0.02175164597570642
-0.10330147135177713
0.07246893484322343
-0.16626741104582737
-0.01599751339113743
0.22129815622025606
0.03575004863563422
0.15723212520707194
-0.24431497153945428
0.15407536352634657
-0.158854893313105
0.08508091171947543
0.00313871076966367
-0.04307269944047832
-0.05679769789676216
-0.1884547207070237
0.11023953816633596
0.18862704981737385
-0.07455676082954653
-0.014241891328771999
0.08841190025981116
-0.11194766437437237
-0.02748748969546885
0.04414980870140385
0.229847622083176
-0.12183503417792398
-0.055795393748273935
0.03143900611450248
-0.22872879014090824
0.13075346335518676
0.2561154566438233
-0.010439710431822027
-0.09427682353423786
-0.324179101319671
-0.02304747157215261
-0.10382152200483921
0.47585994611219784
0.10588552481672174
0.021425242825901816
-0.05148919676718007
-0.27966674736514635
-0.1288962191854914
0.1512575767902643
0.08855713251327044
0.0941539720529407
0.08289442421480528
-0.19829723234797758
-0.08333669126029918
-0.11328619740480589
0.10807586327981959
0.09417991979067614
0.25932196473764746
-0.1038105822386591
-0.07338803029923396
-0.18796885887594308
-0.01274125526899204
0.10207428962987079
0.0839239003996469
-0.01526249283463434
0.02856097025526566
-0.11661734441113278
-0.07993979746117527
0.09045701216093922
0.24491173006256042
-0.1704775635433113
0.02470463962000147
-0.21242338319152831
0.16065705505465117
0.09041108527972284
-0.04966156490243661
-0.0031022862317098762
-0.04260022230459128
-0.04051042659445328
-0.08326434253311787
0.2634428571535583
0.07492963074817352
0.0069117192465767766
-0.2467222012053847
-0.1390808626452142
-0.08920454514728758
0.05251770935844215
0.10149694740116183
0.3711725021004164
-0.031015188381552282
-0.04322840792821492
-0.10972930263390937
-0.23061099204857127
0.16976498933527678
0.062445859841902165
-0.027256800349801304
0.0020745316347825444
-0.061573124475642976
0.016481448632730267
-0.09630039819238152
0.07426939945975418
0.14372180473965168
0.006820214402488447
-0.2514909776662599
-0.005853768982401884
0.14101592104493882
0.09625038185396598
0.28943963685145624
-0.13872757348287923
-0.3995470053405469
0.10478034333461504
0.030720572922787823
-0.2502938608835799
0.19848719363985973
0.0017242443892791087
0.035304157587189584
0.05738501778247341
0.13516769766724354
0.04262778745304943
-0.025201347362931257
0.06298898362639381
-0.10473794943384987
-0.17503006584136407
-0.02124135178778448
0.016180703561875655
-0.08544224657961058
0.19153726453042247
-0.017349401978245735
-0.23266849943157025
0.22122111975784275
-0.03457430491893582
0.05969476827292993
0.12208972554492013
0.10284618426862413
-0.09122456117137037
-0.08866294852468617
-0.2379188691647001
0.0034144083520977215
0.08364731320965299
0.1897886672618063
-0.07182667385444975
0.058757361083898535
0.05373963844406582
-0.0457175563179719
-0.20327442684084712
0.11701753145500675
-0.025193302267046035
0.05417097520319063
-0.06557894759803733
-0.11760936108597632
-0.02496052242239267
0.28583266628501713
-0.07501942570122767
0.08341336484372913
-0.021815436573077565
0.13477482219416798
-0.10822592059185285
-0.1036056266251316
-0.10286382990432547
0.13609317631450876
-0.010862350320598416
-0.09081840657670764
-0.0026203337357717793
-0.021275531541413397
0.04940878437869271
0.09239621853282315
-0.022633629405026414
0.12330754916836056
-0.15565170935002293
-0.004053537591913088
0.043703479461564096
0.012996196693214303
-0.06697205528287332
0.024652465277160043
0.13130092311944522
-0.07957842150034533
-0.08987623196767751
-0.06021778553599577
0.13195317606011836
-0.03161290187534824
-0.014377087661908726
-0.006448579635528429
0.24601106620980168
-0.016788521147603555
-0.13922004979049873
0.03051127777905677
-0.15320905045010963
-0.053098661996387075
-0.009780785710914786
0.03240149899686457
0.07389821154135794
0.127135770930257
-0.02254629597747916
-0.09398444415634394
-0.0012610689226453219
0.2104386321616151
-0.1569273757266965
0.11275022103383554
-0.14810292331026167
-0.00010902834855973376
0.11043573728715586
-0.13831007195617764
-0.07672169958738739
0.025551881837930703
0.10341156574177074
0.23903211214668918
-0.17096159559336493
0.07098886315027253
-0.15084488801998083
-0.2759900277724016
0.09396740879724182
0.2220706968961153
-0.11586562581669699
0.20198030780148238
0.18222175975863775
-0.17727954869169427
-0.021627213428741212
-0.10722087745788543
-0.03475822673093114
0.11728908305794028
-0.022629172155764453
-0.0031240874772335697
-0.12218269372798733
0.009832954178225127
0.05324849475536278
0.022304157641570288
-0.08713684675534754
0.23101416372576014
-0.09743697334189455
0.02645648340926582
0.037443389527696484
-0.06272989107082852
0.004349350809922697
-0.10202013635637777
-0.006457023645160698
-0.01869785464653044
0.2195760215406708
-0.07238534944205782
0.03882630592250026
-0.16088579131690364
0.0013109308201511294
0.10813030520445473
-0.0026050989514827243
0.06241325304341382
0.04811397584842504
-0.08459088090770259
0.08920988128077548
-0.20356380161271714
-0.038458808314099494
-0.00965858308229705
0.03711715998672607
0.17339617295492105
-0.044706391499030454
-0.014034653919987577
-0.15862635944567935
0.15016413470615514
-0.11804205519650782
0.12751817084025685
0.12298514820825268
0.007566031433818571
0.004607603314020662
-0.13198314667457262
-0.1535771437028823
0.009653973384398246
0.0723775787961227
0.15777877851517083
-0.004103464198666577
0.04759551305285589
-0.20128068047877828
-0.016051730689998187
0.12604200483541497
-0.08780881990306029
-0.01601384012059119
-0.08036623310471551
0.1791978771284536
-0.1559130794069185
0.06649941477124946
0.17760916929288326
-0.02850238842117865
-0.055769273144477244
0.023963242492348935
-0.02461896520506244
0.038436669110296764
0.12334762781057103
-0.21241350548853127
-0.003407103089873135
-0.015519194229151097
-0.084178788009028
-0.01178019163641629
0.13485956663016122
0.056133250267067836
-0.20822259807363103
0.24893997856705496
-0.05892604444640796
0.022798594739809393
0.051235524391464206
0.021786231873720918
-0.04763964468074019
-0.04846580173358368
-0.14544044736414413
-0.000252786822498869
-0.10357966094664202
0.2044866201278339
0.05978058473375072
0.17182571648208805
-0.0009031540370406516
-0.09892742851452155
-0.13826936853141392
-0.05193448116424563
0.06709993298552823
-0.03792284806558977
0.13588660486657692
-0.023520386794256217
0.03960099989911059
-0.06696416945860206
-0.08694360059260578
-0.06184812882924646
0.14119791082035865
-0.07133264317046813
-0.0893851776387644
0.10916313965095062
0.22403347376148772
0.03765500253451486
-0.11114198263100085
-0.15631967878141104
0.039807728600046895
0.21979914963144542
-0.22102977857953926
0.0009156300073937876
0.004126570506826438
-0.07780603100232804
-0.040895475613679545
0.1531953606441743
-0.13068346438076955
0.29664719574846415
-0.18866962257861009
0.21121984901728613
-0.11745468027193726
0.006880889483734909
-0.10019703874176308
-0.12491070377321294
-0.11631529809163388
0.23801738738887795
0.0702931024867304
0.13297101417560117
-0.08650448348129504
0.059767408147958834
-0.08522582389957385
-0.10639872501440287
-0.00794915296164115
-0.03440119186642186
-0.01379801804184752
0.06134712272304346
0.050116827012992124
0.2305672649429871
-0.0877535404889822
-0.1497606685160801
-0.11971033837459148
-0.09369084832760871
0.2259319119484885
0.008575230337846296
0.07394947049434644
0.05404305350447619
-0.047121721888824554
0.020107990362259288
-0.05754276509028139
-0.15080845194391004
0.13234042653043876
-0.020612384566213726
-0.10525496569166945
0.01225059024750557
0.029135150115190186
0.23083568302716348
-0.15351766667615505
0.0833422346298947
-0.08100408142285237
0.002045526542585571
-0.11917683085984081
-0.0004704857711801577
-0.030215125768812145
0.06962677438135607
0.10884578519695806
0.1822908196314555
-0.02361686000121075
0.014104182515633834
-0.18554157576652625
0.020315203927102485
-0.031626350076515465
-0.10676028492745378
-0.0561111864861927
0.077366616799482
0.10270711619426641
-0.09635736644011829
0.11841515525453719
-0.0030578417211874417
0.0322341824060194
-0.068150285422443
0.09089783905973257
-0.057763499452170124
-0.11920800380425696
0.14670216751441348
-0.10848179087722619
0.07263267651543871
-0.10933109120468347
0.2028560340467532
0.03797663369519816
-0.1435792145942622
0.10932878354205709
-0.12479629688237909
-0.07033196605250978
-0.01537171027893693
0.12958318440656308
0.09651773537097703
-0.04612280836406483
-0.058745910945434576
0.009300891002550478
-0.08569521737711323
-0.005243398314536157
-0.009057970610935103
0.0693186581164697
0.04220154507630814
0.07393270827777805
0.060243580544978095
-0.08889343115357534
-0.138568866726705
-0.013366950907824412
0.19445775655152747
0.11488008182166505
-0.2801100543838963
0.11347670051514641
-0.14908943221952986
-0.09920218786716405
0.05013634548551746
0.14127671471869194
0.11880561003949897
-0.13712140456696756
0.1578520242972714
-0.06835912594129415
0.005304809023639795
-0.09918756178552358
0.18404335569222152
0.07560975123495908
-0.29787627722425897
0.1125555194066442
-0.12561543427176902
0.04865134587980032
-0.035213988913899416
0.04027342386363414
-0.01901402996958381
-0.05438224105174519
0.14840283306582583
0.07446629915334638
0.04399138682617352
0.1809902502827705
-0.21944392965041679
-0.12097779491172365
-0.1056355222706845
-0.03747410192422179
0.049879293669734204
0.09868948145354958
0.13322730593129134
-0.10583673385300557
0.070164252407273
-0.14037456360594164
0.022831081904620812
0.02343162185975122
0.10562806343896991
-0.0048973470455523985
0.00249376347679983
0.09911940955071519
-0.19625978194775218
-0.08858579794242001
0.14504229212381506
-0.0020894231445738494
0.0010317844506318105
-0.13330639394242152
-0.1374247684054456
0.22426299793688292
0.032330072578150466
0.1558316429053582
-0.024095904031859315
-0.11154886436793622
-0.0008731122734218708
-0.04402527056652186
0.2560075549013851
-0.15935731833441621
-0.01566731548322348
-0.2810854892945074
0.06884783034665273
-0.01848401464618692
0.1537040857659223
0.12891210417031373
0.005918319665281493
0.031372879714116356
-0.05100897745668931
-0.14458546650548518
0.025444453329250227
-0.054264079032360704
0.2141795747797295
0.022624310758838587
-0.14334661916361507
-0.08672604323903453
0.012372077597148624
0.042257761950155466
0.04004272889378762
0.0808516686099327
0.144890358189032
-0.1555444787293258
-0.29356956265919915
0.10130682703569496
0.04673022206728407
0.15587638591681513
-0.07724535252251027
0.11193122889629585
-0.047316853660629266
0.04086886591559387
-0.06924617982758377
0.01874891713740265
-0.1667875368968124
0.19219709770688684
-0.14336091401298573
0.12482766629639083
-0.002642243761814586
-0.08059988739664695
0.09202881263313689
-0.072955450638605
-0.035114057454257074
-0.06873197106069118
0.12653946748098227
0.056886099121804014
0.13203179204940188
-0.11117972392418653
0.011621999271401002
-0.12422297466183982
-0.002522168459719769
-0.1745612154378116
0.18073767311145603
0.13413944548714915
-0.11088903814454426
0.08253704022274244
0.09879772735887231
0.007311864171865251
-0.15570729888539744
-0.08338225170456
0.026746301669589433
0.0232965461447604
-0.13438838656827978
0.027443113763044442
0.02820284252549638
0.24310495077163174
0.15529897271275325
-0.10091388235551652
-0.12379714710693646
-0.03221279323846683
0.1281359973953335
-0.2796222355623879
-0.01827144313815064
0.019733785994646043
-0.08317535932993239
0.07752523858427611
0.08741189228892228
0.3264709973516308
-0.10910144289832625
-0.08889910440136797
0.05603807761077932
-0.08579130499921714
-0.05458526005536059
-0.07801823178972425
0.1483762720289509
-0.015658081831062924
0.023998210408770017
-0.33818135043307473
0.2547897715142219
0.012225340400693504
0.0076892529596118316
-0.0029908502640355605
0.03954198688780345
0.00513079452495384
0.049180342930779664
-0.030037399004101253
0.056000717330273196
0.038432537420858615
-0.107353048838427
-0.10061671745524284
0.01018625142885065
-0.022433509679198844
0.005876865859442428
0.13448856396536468
-0.08449920648479477
0.2171741338672572
-0.17284880976928374
0.03700513535225388
-0.10865256447920418
-0.04365159292558652
0.04668413646443367
-0.07948728716638982
0.16001824525409933
0.03618930550915931
0.06281061834502867
0.015263112093324437
-0.04105462616964113
0.09178613082164606
-0.17165973154494418
0.007731202283488506
-0.1791321593293109
0.09237964116031754
-0.07144342190787956
0.13748284226732563
0.11626610635946444
0.0474112622875945
-0.08545364942531114
-0.05179783241507675
0.007124014875071107
-0.014927896920904737
-0.02430439636085488
-0.03395593467970819
0.04443647791773507
0.0026299315832134587
-0.052614372137286404
0.1672804866249068
0.0731019363328811
-0.19080756783483707
0.0567745106222798
-0.28386356682200103
0.4077934772554266
-0.09329007288412716
0.06857845300141678
-0.12206435505946417
0.05168610443113221
0.05183951491180272
-0.16876688789446345
0.028340440852582426
-0.005518951665248529
-0.18488228633560827
0.18920243547190807
0.08654573763806601
-0.04532398254538105
0.10422063900484543
0.06531599505041814
-0.1864462309099104
0.09727126309978631
-0.1010448739669436
0.019186182034973236
-0.06670212152559975
0.12638249421471595
0.11718046462347811
-0.016170286276882738
0.018710653353455262
-0.30612896339367923
-0.08643427198393622
0.14580018839080697
-0.010829671754580932
0.10008886282235022
0.051853346658951846
0.13887757083988797
-0.03418291435136898
-0.22041675484121115
0.05962148060591789
-0.09219609079933375
0.17657314671592106
0.011568170177998776
-0.09502715654851224
-0.0014490246076617752
-0.028689979366314188
0.10698498788706137
0.1099819057922097
-0.2844982799834118
-0.0013858716837421695
0.08932577723326934
-0.0003513492574776095
0.2508527345324137
-0.03463903127794564
-0.1065927851841593
-0.05296997123283656
-0.2871179823997857
0.060945692306184296
0.18229373834347676
0.18298475416547766
0.02494421183239028
-0.18432379937149768
-0.10346645120045797
0.11983624620241044
-0.16400506835871867
0.31423833898753256
-0.07210232630365584
0.15804731434163471
-0.16461266111899467
-0.1403157957405568
0.08483310666742881
-0.1327370733047841
-0.027484070003533454
0.09498981428476315
0.1197991912577904
-0.03792951641483532
0.02423966120278733
-0.019252423992982607
0.00021619610614919717
-0.05579899738334602
-0.005405447272796137
0.11327618279018556
-0.09248819588629796
0.17772010189498275
-0.03242887352339778
-0.2073028717194269
-0.04831191600135405
0.00257918946113124
0.11978384170781704
-0.01844014545948393
0.1508448386398479
-0.14402296567386622
0.17700669380294987
-0.11631254779008272
-0.018179923314804322
0.04948658282016309
-0.14495724489561626
0.19323960699150472
-0.18078707585408144
-0.0639031368118166
0.1341095514748951
0.022498915421737684
-0.02992623896083593
0.09271349989856115
-0.03362152750882435
0.03410732818388308
-0.04313529066315342
-0.048134101393641125
0.03860326827739923
-0.024646496084746033
-0.0035703896889668846
0.11759942158574524
-0.02754166142809855
-0.169422768812559
0.08432564085205549
-0.09081111419961312
0.10407308124548742
0.01516370243979637
-0.12611544762668345
0.08648624108414997
-0.042060647843609696
0.1671700022715003
0.0810041445035358
-0.10041947260236572
0.07992784506173577
-0.20496389134060966
0.05401857299955101
-0.01088854314954369
0.0683045651381414
-0.11985270118220381
-0.012277670363069617
0.10495432158615547
0.04215672787478177
-0.08104458046601348
-0.16262339287840047
0.1613993883665383
0.14176016117385656
0.07065151954050147
-0.2788746707624521
0.07377904869154894
-0.15646912877337743
0.22112303647575438
0.06661802371576592
-0.1402090489182866
0.056672788775229646
-0.0479795923889404
0.1233271324346575
-0.056911080957759805
-0.10957365764840296
0.26722479773315805
-0.1721129502936196
0.041708944458729025
-0.03959939654785287
-0.08540369116838054
0.023419821334886255
-0.06746507518397785
0.04327288525614639
-0.04942671131309985
0.015706196781939283
0.06846553767051389
0.08219759689168661
0.08220311800713667
-0.10493944339040392
0.10100797923843002
0.06869131226723421
0.053581756446131196
-0.2776967016222976
-0.08224506748236643
0.10975299889968076
-0.049871220486765226
0.0821834356610224
-0.1893438275316979
0.223444770557123
-0.1405152964233493
0.15173043860377447
-0.06382347753060169
0.03070165008081767
-0.0632190046341004
0.012530096411828767
-0.011979787595272517
0.20479609860856726
0.0035641521706398713
-0.15905961455443876
-0.022817270280221746
0.09167183593597464
-0.01918822398744942
-0.04441948643645283
-0.12027507693067951
0.13384002684888802
0.03575717524885497
-0.16306420366002633
-0.08620762276155336
0.22326283958666332
-0.010481395235018849
0.0890065302890747
0.08132589640411714
-0.30522206960665227
0.07527136036888617
0.09889738543902968
0.04350246244269691
0.1143544580373787
-0.07010006144919888
-0.19818372848653132
0.004159107645839953
-0.026952313346842376
0.06334471760521652
-0.02834464053751183
0.08856262561026151
-0.05167237362457307
0.06641551263910064
-0.056268626772117386
-0.011158440372155548
-0.07936217885937019
0.2432572419435677
-0.12214956800886824
0.10831820870433412
-0.025071900039373343
-0.022650864864518883
-0.01774440453398078
0.02500402559063674
-0.061292974951242925
-0.13383394888537054
-0.12614041591938288
0.334911956531457
-0.0847284736914666
-0.05001734911423913
0.11895309889304935
-0.04722068934960962
0.13403643210718535
-0.11966093643805836
-0.10375656572357496
0.11218482707639897
0.0869101476155298
-0.10036856011582654
0.07021566485149469
-0.12082444544556198
-0.029663431334698356
-0.09298753465999547
0.12201595911414001
0.06226468053806593
-0.05303443923751257
0.16360063552880744
-0.08203998151893019
-0.03445844326021493
0.0074909292526507704
-0.03749148067641594
0.03148189978178051
0.03200336344561016
0.06018584807079805
0.019392113749070176
-0.0817845067554557
-0.07119897235028222
-0.07735603951598832
0.08312036499660792
0.00649477313233001
-0.026507379082085506
0.03272665478279014
-0.08423355706257261
0.15355700244138654
-0.06783292961449178
0.1750539800755539
0.008260948225253313
-0.014843567276417679
-0.18795179095556777
0.026878899597059882
-0.01077730844987572
0.04921972653146354
-0.07203793676787054
0.09469591854611863
-0.07625676276547767
0.04725664022904497
0.06033779761508712
0.014001672683469798
-0.1881341031549057
-0.022491912839076516
0.10138195452099708
0.04588483078353962
0.14980039387408126
-0.09492536577633826
0.009397435108582387
0.04720612030101663
-0.08613520518300972
0.13265612673464974
-0.22187110194661736
-0.0018534116321625386
-0.04777865470985366
0.01118913550793366
-0.042686714529613534
0.1622283079134858
-0.02622406093403617
0.20517165898180093
-0.048238880446157706
-0.2848437593773899
0.09884379674686383
0.2072243789052327
-0.022755198124266338
-0.06741213883231909
-0.3236707485295127
0.3517250763612369
0.0063953347826026866
-0.17186888934851038
0.0875715875754669
-0.033759327298904025
0.13480041147255067
-0.19929621972901135
0.07525305726919768
0.03186626046778322
-0.024651615915345777
-0.056471150223353375
-0.02408541916632577
0.1617486039563439
0.031754216367860286
0.015185417579986371
-0.020966635654226302
-0.09150888064537627
-0.03820748354658189
0.04664425144317167
0.06033095371766911
0.043203024546108415
-0.12852261904121126
-0.03740751195426245
-0.16143159650735542
0.1092893892683985
0.2211002342824851
0.006319431810703217
-0.00805919288873919
-0.13692351926806515
-0.06767274236451717
0.10202320880267071
0.007028792895657492
0.10064124131835978
-0.05140545298235799
0.007772895825579393
-0.062439962562465534
0.20348198352120198
-0.2647925866243526
0.17810444737310127
-0.2304987077905654
0.1169043864145187
-0.056516866213364686
-0.009768463539055649
0.01193123501222449
0.08072718688893057
0.027103219878020533
0.04295261664056241
0.1078883826165105
-0.29604717015465665
-0.020644855089112096
0.2354404670219478
-0.040808466393370615
0.219063822793415
-0.3838785145478505
0.1124060103125484
-0.0020049251887572983
-0.135846008676037
0.043687569685366794
0.08488459428104395
0.03280110419743367
-0.01711494185087904
-0.016670911926197254
-0.04531276511524537
0.002952222515166466
0.14500181164628947
0.14487832779454013
-0.004261702625467989
-0.2635465037282741
0.009416039828523617
0.06728627512210071
-0.11956965309606636
0.09937447203056812
-0.10031940386151399
0.06342104044173669
-0.15125965612231582
-0.034314682195691844
0.2039278332441623
0.1653225578774585
0.11171251403237464
-0.028795690845482183
-0.14648691370124245
-0.24135060660424212
0.037685890000104375
-0.015887149906322087
0.23203438792216638
0.0466544727068004
-0.1953839680430092
0.18559094560056527
-0.1895343335467343
-0.0048912694642379295
0.010116465695774665
0.07647291242068333
0.1546733287307457
-0.2723961130514412
-0.03814028599412443
0.06497651867655611
0.09017828651534641
0.07642757984978016
-0.0450907050134306
0.1010636033816881
-0.15822125444465882
-0.008895513962855116
0.004953592995025798
0.09950906050671776
0.05821679291941215
-0.1792122394241946
0.11652076170072777
-0.1300028728944419
-0.025926318982050583
0.12401961602891387
-0.22720715962010174
0.18006902508904782
0.07975050187479923
0.038205417195148444
-0.1139183292919315
-0.02206824956137203
0.15498921694025863
-0.048291989119158996
0.017916805077834295
-0.026014936730411335
-0.10904421932154498
-0.16003152631747272
0.17438464858794572
0.10087808172238466
-0.0654768735693654
0.10248609081418189
0.02359352241461067
-0.12242009211936106
-0.020150906230991937
-0.05177678166112233
0.002483975229993228
0.15051941718028666
0.06618449712179984
-0.009557319242404915
-0.14820791819225823
0.023196017678721724
0.025406208324274523
-0.17528679282423293
0.09154426133940599
-0.03110217073003224
-0.005090768755733948
0.23947177852036083
0.03372532985038966
-0.15106077702913684
-0.0005391278937061077
0.061674554048539006
-0.1106871838336181
-0.0233635957159999
-0.08904591840444336
0.040970424326788296
0.36872440408928364
-0.14439101739764806
0.018888509665834885
-0.2187754848020197
0.14123050956968852
-0.017037276670146893
-0.0857028437912589
0.0920576146345262
-0.13479287620806035
0.07624216458075492
-0.15918610598917482
0.1400411739675108
0.17531513640842636
-0.06916771673928344
-0.1192384803730924
0.04844414519941029
0.1190913774528333
-0.17043609569581877
0.2604862814159034
-0.23789736963487818
0.07685630481749169
-0.02863385595821595
-0.09095317530416953
0.12492227974624959
0.1419702556580843
-0.26200451138259534
0.18685391339753593
-0.20760632350795913
0.08949442760772078
0.0834603485572807
-0.11049024287464804
0.06697242255526632
-0.1883948826253159
0.2034804378195247
-0.02303653117150199
0.03878216848415823
-0.0652294610366605
0.18943718866111187
-0.12402851447593496
0.023019081360225603
-0.09131167437081403
0.08239222134856623
-0.09084893394503356
0.17243284177060347
-0.07324219850185147
-0.18525045472590007
0.012451198535726519
0.01366669358568797
0.054431037056391386
0.08967430619570885
0.07894396018098157
-0.11335803152621973
0.06538095945786969
-0.0389902047746402
0.018239161472867957
-0.015907004291575634
0.028071809742841992
-0.12301332891362174
0.10250720655599176
-0.12180253342852897
-0.015335825037653357
0.2758830461666168
-0.11559454992452955
0.1629392845578123
-0.2354640320617435
0.03787967803354191
-0.19347979033711504
0.08572245818639107
0.11068998427045679
-0.03713043348930774
0.05148591913638535
-0.037138804788222804
-0.023896056523813027
0.08351215752364499
0.06664738063414127
0.05582311646275115
-0.12691414517467545
-0.02956987617637536
-0.1256358449828918
0.13986485568383256
-0.0721663619505758
0.06776311412305074
0.039026369179890025
0.11140649612236743
-0.12249994237159915
-0.08489093522019737
-0.04595567056823033
-0.007402678165975887
-0.10618831856765523
0.21670742620207126
0.06608147775264483
0.12138138817396947
-0.21627057189955132
0.05553743888224082
0.14669262337181846
0.002985486178278804
0.04614827373797457
-0.3717796334612802
-0.07147087136616127
0.07496432665696767
0.07545802760413282
0.17840492640041725
-0.04014860864025381
-0.09501118884388884
-0.03293884468600934
0.002269089951751232
0.13625553079092567
-0.016163241413494307
0.13442442430195115
0.06517427100198431
-0.27812941767493515
-0.06314335103752375
-0.008282540871417112
-0.00718047646197284
-0.0014153186585116467
0.17682635273402583
-0.12310544429575174
0.16693261564952366
-0.13334968320117863
0.036769202653091346
0.1558547335008564
-0.1435723206969271
0.22546776204823687
-0.171081463557833
-0.202256206898969
-0.02126175824090645
0.12020746539552501
0.17668747383920957
-0.11287438179563264
-0.17483221933620904
0.12852061448261531
-0.01887048897645749
0.14847570360205578
-0.1378485349396605
0.12270448099275337
0.03291304639753985
0.02561238127725735
-0.20222906386305056
-0.03270304337624901
0.00977019130725285
-0.0338224809685391
0.14891655951490826
-0.04748126086440918
0.06934443647693755
0.05774805230994773
-0.0240026110337625
-0.025809393582520206
-0.08126481651089108
0.05866772423107741
0.11825454664849892
-0.11364846679915808
-0.16188339129546148
0.09405101566473642
0.0843981304339746
0.09091367946308737
-0.16497081193913646
-0.09675952148739364
0.0060593194480530604
0.08673197946568284
0.033789915653368516
0.13594588913853284
-0.01636454251362642
0.0024137632613838184
-0.06845647035723262
-0.08497726443242658
-0.07529375666143998
0.006257273804207606
0.26155549019930585
0.06786378746091354
-0.2097036227208072
-0.11562036730241605
0.027087094589430538
0.02632136673342817
0.2775314240033021
-0.24305703321030056
0.009432584338989346
-0.11105005167263157
0.08257957469863007
-0.023982341526036705
0.2556573830006525
-0.021999725232070284
0.017621254415880045
-0.25290814494147307
0.11965114715713743
-0.10634700259368454
0.05466940237290415
0.009286153183476097
-0.04528336742419711
-0.052296075914584836
0.13133051686911792
-0.08987183070040412
0.21902244977816382
-0.1438480587132642
0.09701276720280992
-0.08070596773344796
-0.0508449853091592
0.07016239352837779
-0.03610036463327341
0.0447922947305643
-0.0888523458122833
0.041019257309725804
-0.041909067908863534
0.10079618781383824
-0.007040656359969881
-0.040455228997152475
-0.08730304124336273
0.08936724872126044
0.07639775336257348
-0.01976792915000132
-0.005511486610731316
-0.14094625183939571
0.08512814262569675
0.02513624192383198
0.10837565723995017
-0.12059721030152734
-0.18137496285344917
0.1724952849960877
-0.013868741280233576
0.059080711178597256
-0.07011636422576555
0.2582055815268991
-0.06001834008656941
-0.19211641724872258
-0.12005526224935145
0.09990571520082252
0.06901647764607713
-0.054598948037187164
0.09717902482565582
-0.16383935346740128
0.07935108981730611
-0.005129991862409592
0.32998009414867124
-0.09996925784624701
-0.137449281097323
-0.14569133207912535
0.07357695917494009
-0.12693173345403788
0.060788972844530616
0.09495656781769996
0.03368988697382022
0.01755857300909349
-0.1721677434007949
0.2029191808863396
-0.15131840854704812
0.05627553031655362
0.019562614172749508
0.18438951923480107
-0.1499592130299503
0.004792930005616602
-0.08433605766480443
0.11762821562491202
-0.0037411699618037724
0.09141450556501098
-0.2530297767751494
-0.05705357547285498
-0.06671263280664817
-0.006834275371186112
0.26467483118131974
0.1358315506855144
0.10195859047316658
-0.20542151846918025
-0.09526794732777247
0.12288471800649386
0.02809484696070249
-0.15901225720497958
-0.04292564915075259
0.061840782814124085
-0.08638916316730685
-0.05082019674365916
0.03855484995795952
0.08863994924230012
0.23924393210680406
-0.039981364711758186
-0.02678374203420156
-0.211097355984013
0.09202797385063455
0.03384430730984589
0.11386406117259996
-0.07911291581304555
-0.24008667929233876
0.07425945224474664
-0.1077178111829048
0.25064125717041724
-0.07223330449893171
0.23665115732833938
-0.14546519912541084
-0.05020487772958683
-0.049245869545528786
0.003367376791269511
-0.024654740245295702
0.21319596662032156
-0.22715722947674574
-0.0818672659994174
0.02909158513723077
0.2526862719227455
-0.035555151568189586
-0.020607317352718285
-0.046027761229425965
0.14973259886478404
-0.0410839631214113
-0.1413479394795944
-0.07645483319977589
0.00669088907990429
0.013699035090789818
0.033939955820537326
-0.03776707041386953
0.016149823291365446
0.10354490014705157
0.1146793143648159
-0.14376972783082634
0.04366694109816248
-0.004648646723087458
0.0028237497614840143
-0.009203406553789484
-0.07343816998040306
0.06267156946668775
-0.025718170414330603
-0.02407203703960426
0.006106242831283203
0.037668660870410674
-0.11411270080192491
0.14494085784660923
-0.036167467505018286
0.08961333242873337
-0.044973706959430745
-0.03604285204683401
-0.15525532915408752
0.10528008317706808
0.1716760695666323
-0.10437758457711989
0.01855757649369544
-0.03080142633705802
-0.12174864290586361
0.1650738351556773
-0.1434127385665394
0.06864487140110531
0.09849629472305163
-0.04570844757672421
0.04031761581375976
0.004163136207541451
-0.11327212794160069
0.15445198200063331
-0.03421521092180736
-0.009559819363995727
-0.2520864904552409
0.0398636726467816
0.023110612467575464
0.18267777766757937
-0.03524917409855666
0.027877633242854225
0.05330561110335234
-0.13769225909639368
0.056617513153150084
-0.0012044532694383617
0.1413405333802446
-0.07596917727682306
-0.0256874405303464
-0.27408568157037005
0.17447194433228763
0.02331048547877406
0.12684407081677535
-0.10456957248701164
0.09048369767501718
-0.07053125826135255
-0.018342839467679416
-0.04984024092357468
0.16613279881869408
-0.012433249462815505
-0.05116577046210512
-0.17345814922824845
0.03624240117863127
0.09941406379005448
0.002487014179619114
-0.045317815862700894
0.01015610422513417
-0.020350244742493157
0.11993354408521997
0.07603203295189308
-0.1834256491691063
0.14743460189164653
0.09414277663800169
-0.046378869260297925
-0.08271859649332099
-0.2565091917662887
-0.05306184716337775
0.06797031289017591
0.17269199434890947
-0.02210445588057823
0.16378866821485416
0.0165314795610233
-0.018362850261901025
-0.1607581497640348
-0.031533720574837595
0.22999952138648136
-0.14188529645993964
-0.010425442046135677
-0.06394490386128163
-0.001869765374496987
-0.06316249338490502
0.09657377838540306
-0.04424642656497711
0.11965752903266227
0.05172565142011183
-0.059615078058940396
-0.002697628893091269
0.0013936359702923576
0.08032277301560029
-0.08563752979647572
-0.07583481929820263
-0.015736045559581233
-0.06562129328602737
0.09416038353525102
0.1498973548156627
0.018974243282234404
-0.20108810873115032
-0.07798176984181023
0.1760104899831698
0.029992716455648237
-0.00028702782317342745
0.00205574318095042
0.024283808407528314
0.008581806257156724
0.08920224638815448
-0.19200600282475344
0.014151016369747853
-0.15223570880110904
0.016395832343393008
-0.06232381242332166
0.03460948209171113
0.15339524153319356
0.1117272072972571
0.20464234390167538
-0.049097693191758884
-0.15558215878501563
-0.07740763887454574
-0.06288501012479215
0.04139030830038592
0.082371482571867
-0.0035023440545300585
-0.17485968388166015
-0.06980834003064197
0.06765140650702914
0.045691100783214686
-0.05327229607019879
0.2504451637006853
-0.06473363334958336
0.07425889262920812
-0.10966585000893189
0.057016119808674624
-0.007305623472798232
-0.05343430841634167
0.08355724079304094
-0.1940518224236991
0.09302714817368563
-0.0005011650990415704
-0.05682925571981591
0.02551836536328533
0.15842558283152855
-0.03487043645140611
-0.049856824029840464
-0.10514436081197884
-0.046931201488010395
0.07275660070252647
0.010305696089958285
0.050211529974621666
0.005770621480104699
0.0193262616908923
-0.021351146222045668
-0.02406038787389677
0.11115326295095138
0.0052624711171019994
-0.11026442021297447
0.014671121752125411
-0.18762307587345653
0.13899126608732562
-0.0008721424919631497
0.22185454534904017
0.18843768249378365
-0.34605244231594623
0.13642690610874594
-0.3881295787699753
-0.00311588062161777
0.12143790061185342
0.1084788243175202
0.04007561347190451
-0.002837674506819366
-0.11532192758889995
0.2239647452234684
-0.030157261945041862
0.03560308343197334
0.018637777481968952
-0.31941901582538357
0.03933356382242607
0.17479760283554163
0.015056058919874393
0.06581079675371769
-0.11305487943323059
-0.12591697748070355
0.09493543710475452
0.05424210594552329
-0.08277247514682858
0.0782203372329327
0.018529677127631507
0.004264951124042388
-0.0418189040458415
-0.04375206876483649
0.050431959505390485
-0.019023918133675956
0.10039561844118801
-0.16440144146317986
0.07048802587084413
-0.06615957345415098
0.12248763940303395
-0.008998518852785858
-0.01754940020525237
0.05825286223761191
0.0019863914817146305
-0.1985359732862346
0.05687776421237237
0.20615286498703875
0.06211140675111157
-0.17300097533721923
-0.20465917455267854
0.06723499794553621
0.08163237162887294
0.06318816530278673
0.010898533362003604
0.025937742683591253
-0.02564091606241517
0.09626259021714158
-0.22548710308797898
-0.13004978814467275
0.1335267685018822
-0.022264789371956646
0.32224117248973605
-0.19024935089369843
0.07776541575234734
-0.06768497473904139
0.0186062466544198
0.06348861342998485
-0.09795979202425975
0.06916270906950689
-0.1400676494294114
0.027776301839161036
0.03468488166164153
-0.049888873797145086
0.018616438851070935
-0.07053542115617407
0.13839184659241716
-0.03968671866943775
-0.07116053916224031
0.09060323196108959
0.1249486193793797
-0.03729816672960862
-0.03182510919556463
0.0015243131664153201
-0.19391291289901888
0.12434600159876266
-0.0444836181414693
0.06459986766911932
0.04071559717944471
0.026156853452784564
0.02945698598889092
0.04093817845601938
-0.21471364632337864
0.0618349112579193
0.016309351155311055
0.031247043425490135
-0.35638385721659127
0.12869053259837596
0.09947808377883896
0.1297107996056834
0.06253966195499346
0.034547328292735796
0.06211600385736788
-0.11813882830725543
-0.009775843748488514
0.0987436344735368
-0.06240813324400225
-0.22639145867801624
0.03710877956205662
-0.06485369188265777
0.043582793810275536
0.10655989041248988
-0.018974649490250198
0.21286598823110922
-0.09553307721247686
-0.1081680670075741
-0.10136420724336974
0.08024426003961464
0.0440970361651156
0.13958570825744135
0.006316404201953767
-0.07118083195329371
-0.16010300109368156
-0.02716258799073948
0.1455192697018441
-0.12152778964945248
0.2535477308438011
-0.1095517387236683
-0.0013642596667109777
-0.1297376269742309
0.056849574194393286
0.07045150036200984
-0.06195138286732647
0.04394244693055038
-0.027028242937883216
-0.03141806731685378
-0.13234141337897734
0.26170998080053304
-0.027254194598343065
0.08096882206617209
-0.08092012276489302
-0.027699695292124554
-0.03389014732701035
0.08843191903989221
-0.14311351599042563
-0.12944793332308457
0.26907183823438624
-0.21195062252468455
0.25374327094278154
-0.07016619373840717
0.004789621058945655
0.018780162728714588
-0.2047393673588797
0.15697269975902123
-0.07903801847405584
0.13425795970799703
-0.13610772571524873
0.11045888065520598
-0.1420851273805473
0.10075963802668049
0.08653594134819469
-0.04024554614635295
0.059590551206812246
-0.03264187184035816
-0.12211094337433095
0.060360209148731366
-0.0802152722972072
0.09138569852535684
-0.057468839317581635
-0.040842976503605355
0.029771017106580235
0.003241247980466693
0.0386696037238939
0.1416102211681034
-0.06797392880338791
0.019961151747636453
-0.040885505048998544
-0.10529942342350204
0.10050530279531002
-0.08043373387523219
0.14627644481244864
-0.1367352496176747
0.10112454473590947
-0.0795990142503943
-0.02406607178528096
-0.16781317018691588
0.14280622714205743
-0.02532722206252304
0.20193728270731198
0.08185201408203095
-0.00011192753387224139
-0.14695640398676144
-0.017761951497759807
0.07228628380066206
-0.24401792005299325
0.10931830627267633
0.04176176503223878
0.04866556719559341
-0.05829183186283532
-0.09701328609569386
0.11334809634791165
-0.0696552674031728
-0.09725915889555779
0.2639466002373103
0.010729474858217323
0.10748092774140008
-0.10959329038693676
-0.09104951991692321
0.028341936417047263
-0.15494118268065518
-0.010671583300033243
0.08553316130266952
-0.004273952999025955
0.16743509105414375
0.07659057736882811
-0.2557497165612837
-0.014358448053592723
0.05448085917696267
0.0898827997244667
-0.17350409587215573
0.0018358479131434374
0.1572651259050041
0.14646689764581233
-0.1939884092415309
0.10102947436913953
-0.12287869302333804
0.11839750210074051
-0.1614794301633537
-0.03811683417631822
0.08539492319261702
-0.07559817472724181
0.06912028754153442
0.04458297366550074
0.06455576218061075
-0.04423501215643412
-0.030864201637285975
0.13095137674640772
0.02014930436417541
-0.14705212854294036
-0.014496355573652085
-0.04976879461487666
0.06817721018139294
-0.20342805846694528
0.0383586302011939
0.13411676799973551
0.1049359472517129
0.012011837402661795
0.07546418965326718
-0.2259011918136642
0.18621161339452522
-0.10673971145101463
0.02888179438054437
-0.06943853989755273
0.051451161968658954
-0.11721093509224842
-0.047671975228100155
0.10486767822276861
0.15077088198299649
0.06042067562557493
-0.16505433619632792
0.030629034898317198
-0.19446079280507989
0.07452643804044412
0.1504233181440129
-0.07296665969572956
-0.029507944097031464
-0.02668979651327284
0.23407504298818224
-0.23477826127462753
0.17065056965284509
-0.023075892530036557
-0.10429391168857596
0.131027254689152
-0.16345754536781065
0.04621127974748041
-0.013221297901371188
-0.008877166839201672
0.062078970057747984
-0.0734876415354735
0.10592374780892656
0.04749721000353653
-0.09341039102575353
-0.05169313415356723
0.0468025497149791
-0.05223780798924677
0.02507687853773873
0.045200769680642024
-0.102193577715302
0.029071513454589797
0.1433984601735864
0.10094363063806738
-0.13013126592899296
-0.07026848271517999
-0.052102625843893385
0.027456838496273686
0.023725161495940332
0.06262149048882373
-0.07357820839288964
0.09424316538324974
0.03509631392283434
-0.05270464248518461
-0.14911533551752904
0.07451593181146851
0.07228119785202725
-0.12744422531828137
0.08271116838092046
-0.0870764391627013
0.16799304216212904
-0.07398169596884219
0.10069704557148165
0.06480784182421118
-0.13337804237360862
-0.053778451977776226
-0.029513129093286516
-0.11631077070199909
0.13736618365506256
-0.010592497633428094
0.11690744037781833
-0.016497994581398633
0.021079820412422047
0.0018089099526950583
-0.036438351652124806
-0.09143515045712952
0.011093796964762499
0.17133502347859506
-0.16158023163256627
-0.022438688932456506
0.07162596863274376
-0.09533243365746541
0.05121091965585156
0.1636297055349552
-0.11664695871371653
-0.07518750614041546
0.011997113764805936
0.08740517649356613
-0.008127305411042389
-0.008823201636816859
0.043153178394878075
-0.032530708204210876
-0.15126116126819353
0.17065493709927076
0.022528510507109044
-0.07612496243728929
-0.06670270716364762
0.12407564781215782
-0.01360544389419931
0.08004215511010143
-0.08061927873107026
0.14475059117638997
-0.18081110507282555
-0.22874613039730168
0.15004877956259027
0.012597191135258961
-0.05334653844970057
0.18274462136953953
-0.02440543316924023
0.049441420074639364
0.021957767378547113
0.1710259662994043
-0.307867221186625
-0.05270800486664353
0.05004825171468222
0.1417844216896287
-0.18781826236075094
-0.07290066140723116
0.16686162596759874
0.03990821745447751
0.09654373230011902
-0.10089638479606286
-0.07596455958933919
-0.07406679041938383
0.0881725521733003
0.032596215556615085
0.040148905036500246
0.008666871087362013
0.05304802866272445
0.024386406489059768
-0.12485414762540228
0.03744434765456562
-0.12113164664190246
-0.09281128261875757
0.16606031491985637
-0.05269337994384577
0.10803560757498046
-0.10844782492185434
0.04332748954635976
-0.039421877133601145
0.044404736602796355
0.31363438566593027
-0.025807606465867532
-0.1781634242402706
-0.12435535161801414
-0.2335603324248999
0.10861744859250194
0.21238222167261225
0.05640988744747821
-0.10563249844061741
-0.06542204183351637
0.02854660774536688
-0.16096728796260534
0.11142945201388614
0.09341127263797638
0.20530946643544282
0.16644777573246208
-0.07049098440384689
-0.25126654523954567
-0.31785591749334513
-0.03657798746595613
0.20845071883144803
0.015221953703833509
0.13048332891895398
0.07372886807332658
-0.10314540881758885
0.09991164428253899
-0.20055289867902615
0.07937857451207436
0.044616548058223675
-0.0347499626299252
0.044745256209773446
-0.1674181573167386
0.13666364685463767
0.013193721537444934
-0.062218629551457835
0.19216594986029467
-0.10884188539281195
0.011479270509038643
-0.17739504011387808
0.0738906367415226
-0.00239443682470376
0.07723353475860789
-0.08558770703615502
0.1057734585269675
0.03881485602412365
-0.18892575919969684
0.16581507969615977
0.042697837124262096
-0.11544916227011395
0.07519202556531605
-0.11623050544916133
0.024449083671848854
0.055129455132635355
-0.1921235078723284
0.17138905693220507
-0.18829837506981043
0.1962685416218255
0.08057187235011838
-0.018309995286278573
0.1450759575406141
0.0067642470075070325
-0.04252443239462254
-0.08945167663824988
-0.35872271525086613
0.03463850522625925
0.024223885253968847
0.1654901113603117
0.007842563474990679
0.21029031794800995
0.0012987807884404165
-0.14745473431137243
-0.029471248209655153
-0.010885478776351272
-0.07163680059567781
0.10417392876801398
0.06225559379840664
-0.023042962077495538
0.07750803132902617
-0.16251885520228362
-0.04255348753571314
-0.07419684083105108
0.1338165391875699
0.09643432119141741
-0.009139512401995975
0.09949292472495097
-0.12274223099727635
-0.14835355161067085
0.02051964620767605
0.08381041403923457
-0.019423879502517182
-0.008546501785635567
0.02947883564168781
0.050904436561898865
-0.021971820578499557
-0.02422193232755868
0.23299921483023683
-0.1743906843024657
-0.07798951076671648
-0.22863107400322447
0.1981826223916281
0.08939991820632061
0.04029789194894571
-0.11581443781708256
-0.13810073922775154
0.028402557928969903
0.22902989693429018
0.15791811594808106
0.022181197899763715
-0.07467258412830954
-0.199853267390631
0.083597444385331
-0.10990122285969682
-0.09570332107427586
0.02977407012315344
-0.00785493375464761
0.09899829331030541
-0.016467374000651038
0.06878602016187291
-0.21737941054226617
0.11409770058206369
0.1377333851580789
0.09583801439519135
-0.04908635161970241
0.034245522753208364
-0.052632937978336965
0.02037234594927876
-0.0483399446775071
-0.044712032919573284
-0.0538397455151814
-0.10636891533340381
-0.02273077178564123
0.12559241500264012
0.12449991962747285
-0.0607466519554103
0.07220231128576593
-0.1463807151674525
-0.009673851488583927
0.07986025831921459
0.005025457986210181
0.07312612779617814
-0.1795350416930941
0.11739554047525
-0.03567712435672524
0.011647287683319182
0.10103400427596049
-0.022646219622597427
-0.1058443568779107
0.10569723235570384
-0.05625940795777842
0.05681394497831779
-0.18911902606550418
0.06334529137881807
-0.04376077308045744
0.10227384415732214
-0.07194324128986798
0.03211334250152664
0.22767489342580716
-0.16092090115716334
0.005332030562410831
-0.046315003330266696
-0.06930476542257262
0.05458086363722705
0.06488833014787763
-0.05496725083107107
0.022889991064437107
0.028568189507615777
0.14071846731650312
-0.16104338475271457
-0.09139849805626804
0.07547140423064948
-0.056850770348873425
0.09578531851708656
0.043072077815427136
-0.11508903365088109
-0.1567279944759034
0.16112887110954935
0.06117908695161398
0.05227272347724089
0.06016210745977378
-0.056164905514436286
-0.07687196274753305
-0.14508688159196106
0.12802681732120108
0.11538732951338132
-0.0814193670444154
0.0736357150732969
-0.0019231863010533284
-0.12129461448917234
-0.03815969729514039
-0.04801702740356052
0.00046593488778177983
0.05289687757779222
0.14384743892601246
-0.02149636006167868
0.06957721334539431
-0.12419116155434441
0.09479419983051486
0.10902897754863972
-0.2171715897043942
-0.19264459660785027
0.0951855469479403
0.01599216464486516
0.06242274402781655
0.3922782284580161
-0.3882034704638255
0.06466726239774241
-0.14620227331769775
0.038304895154991705
0.12887704472882397
0.018035058619192534
0.04623318977947012
-0.07001913630263244
-0.08059117649106189
-0.09510114800165546
0.15819133897446597
-0.09068009404583914
0.12177831955516522
0.00612386600146721
0.05428563092950453
-0.09172413052139299
-0.053403242194265704
-0.09944707666940074
0.17318287032833432
-0.05168838286372011
0.062171201198473636
-0.077390191174655
0.009620644347961057
-0.15354320913303032
0.34863971334614247
-0.1760390821575395
0.16024743787268877
-0.11940796437897896
0.039618262427921214
-0.1992259616304636
0.1747203157071128
-0.1666661359674414
0.13147975853944052
0.020752697910685645
-0.10698089544594963
0.11953883142305319
-0.03981486261574093
-0.038109340045275254
-0.04946665702512123
0.08360100413511802
0.20080637959866715
-0.24543898565788141
0.016207871980023363
0.008596596205728849
0.00403712412481773
0.05068488291238546
-0.01099353698403454
-0.011835508886774416
0.013881926969871165
0.12654948050529932
-0.10691508839785392
-0.20298629110631833
0.12068653301247212
-0.021295764352264743
0.09681578158813574
-0.15518970156196138
0.25541810400447784
-0.26539826832366015
0.18347638166133687
0.03364899017777892
0.09236936776140109
-0.05499637098765647
-0.05548220923484342
-0.2725328332840614
-0.014398907881624054
0.1895830976105129
0.0520440293737032
0.14125184459310208
-0.07867650991479617
-0.061376089899063783
0.008632844422688177
-0.13045618427054828
0.08758775899890425
0.018982323042515774
0.0216989013467164
-0.07899253101166684
-0.054931596185016925
0.158351736016372
0.07387379159993217
-0.03676012879657763
-0.1561935653608818
0.130734493121081
-0.054909821820037515
0.09809251206054115
-0.0763924121545081
0.01732771782651559
-0.1324545537385977
0.13629384547733603
-0.024167277711058453
-0.22711261417165865
0.10109696286682929
0.1738371369139296
0.16094508480924513
-0.13554873956475874
-0.15348357162730947
-0.08384694472533757
0.03795315507031913
0.2506521812588829
-0.01756275758218577
-0.18481156573226365
0.08646741803114029
-0.04315481469790415
0.06146423390020932
-0.026414753928769574
-0.11386915963001046
0.1739287815823702
-0.0033516664483159474
-0.13693847714069457
0.21803948360733924
-0.1955932155590024
0.14125252844262112
-0.10741597612646273
-0.0619943463683442
-0.04022878680352608
0.1512924948971082
0.017428290679793047
0.05323187510184389
-0.2167759030702588
0.038777866875154665
0.01484398806183964
0.13978850454797204
-0.03502690369953863
0.006692681627695557
-0.0368038619888607
-0.016851114694028183
0.1168641003973054
-0.09692013531731578
-0.07617931156182015
-0.0824467325949426
0.26051582518061134
-0.1631083235979812
0.19919142361514577
-0.09485087681880583
-0.008857787899247004
-0.019644173192738854
-0.31759693796063043
0.2147093230683627
0.10847199447241147
0.0781138793062149
0.0333410452833101
-0.06872260306398605
-0.09637599524113652
-0.022931184545622783
-0.028853061180226493
-0.14948639921423393
0.21097420011628676
0.12138454348945107
-0.02746439904978108
0.10819906036378474
-0.057050302919000345
0.05917390189925829
-0.22309677727374505
-0.2812483339989854
0.15288947808564593
0.09321697099595407
0.14499841348628678
-0.14004921735075684
0.14890121982743568
-0.06853189217322543
0.18883416940702594
-0.02882227883272726
-0.11271736578296551
-0.18682208580182558
0.11076895647949885
-0.08535044406132951
0.07031841641043154
-0.07371843634469477
0.08718297997241616
0.18582293707004371
-0.020174537785967443
-0.04363413938338421
-0.25243175513160804
0.2809439374370314
-0.29171366683925143
0.15360207536845844
-0.05607415008963619
0.21502078745057404
-0.1299036579081643
-0.10578143296576366
-0.004709952213343005
-0.04773497251298476
0.1439527135818276
0.11422606913186795
0.06300423752645047
-0.05013370419784724
0.03443031993169792
-0.23982502822807578
-0.01609191785393071
0.18793000464756432
-0.05633883190146016
-0.15720060090963464
0.12711979878615118
-0.05520231779202235
-0.0025983400681527796
-0.0700699590856838
0.11621907080651278
-0.029119061006941498
0.021956093052770822
0.11361107343933854
0.1059103209281022
-0.1920857516097458
-0.06688293946238424
0.02451403846252747
0.07934357316289886
0.0965947265518291
-0.20789881452956643
0.0818746069942235
0.05634760852317589
0.007385162468309829
-0.09535529848772918
-0.11213217547952091
0.002071587964926137
-0.008393197073035966
0.1253351858999474
-0.0035040843281643466
0.01237226820683494
0.05673160715226268
0.05294444865195611
0.0019609065481190624
-0.03448838252232063
-0.01937723629241241
0.026418517060967952
-0.08961557497623596
-0.011944764004493512
-0.01188239644126135
-0.166333146485195
-0.011102001942487866
0.23131368663484939
0.06331536861445491
-0.03966197485400737
0.04214527697692401
-0.08258805904427297
0.1160675202934561
-0.12709375593586
0.06202340792026925
-0.003207073349457603
-0.07795964836890092
-0.008046503427989803
0.06449862328894918
-0.07726403105363583
-0.0018264837945229037
-0.02850316911522796
0.013584505162313638
0.0659872028473242
0.11300143077454966
-0.15254803529011143
0.09198207738003075
0.10006510170422298
-0.04243394854786246
-0.11016947774820669
-0.17524897993397362
0.056777118888028597
0.13801680677370895
0.11189208799826117
-0.0527839684885206
-0.08702931648898234
0.07370023732178321
0.04614859778087873
-0.1909472890688136
-0.025923436211114856
0.14883803742666835
-0.1745725675453293
0.10830292987198126
-0.11905123301071821
0.23620459759857312
0.061788533152487286
-0.19733275050090326
0.22625944700195175
-0.2244410242377539
0.1237582620299779
-0.028744293365225777
-0.10924819094716455
-0.011095833672612514
0.05857401403769375
-0.03492070970132579
0.0910919640583775
-0.055752995759484766
0.01424920451124597
0.04340646218911694
-0.010170719689926886
0.15965555333409825
-0.23687946483902916
0.03317870619773983
-0.03029305860945699
-0.22628351622004786
0.20392124509797827
0.13626546575550189
0.025217262683456833
0.0124654270188677
-0.09114128117614537
0.010870626785509605
-0.08342304127638067
-0.06546236304345587
0.15882464790734088
