-0.08219153633719273
0.4102210638695551
0.5704291751996665
0.5415552303870865
0.037594350285217355
-0.5333011247174639
-0.8138725367608747
-0.5806400420475648
0.48504591134068054
1.1478238223450299
0.686842349115548
-0.1300707327268309
-1.1914836288675696
-0.8351582473261081
-0.11682012795866036
0.7562945224135951
1.0959038170579407
0.2866627165960371
-0.5242488450964343
-0.7038305110794202
-0.5905327883604342
0.26949078647322044
0.5768619399194501
0.35369460676958175
-0.09295422695057266
-0.06882442856213336
-0.26715019756922775
-0.24366050999172184
-0.161581972668737
0.22888395645072573
0.5798851448556978
0.1192288615596422
-0.029913092999468656
-0.5414748763381051
-0.6027295599890579
0.03737285732357374
0.6224407648928437
0.7762225842656821
0.21791855384303171
-0.646123754210233
-1.0434094774842193
-0.41293501657560894
0.48279387836325843
1.141841359283663
0.9293082143539804
-0.3066384254428983
-1.4798469504401064
-1.2608956482857356
0.29246563188030905
1.6335970172364813
1.4716080728501246
0.29927368862193576
-1.8319804250300944
-2.0430410408570383
-0.6087507554376095
1.51669664501452
2.2844106012778163
1.2686627619812794
-0.9738198446662862
-2.3366268904759266
-1.770129932481772
0.3334143935288193
2.109112136739689
2.4149647248526187
0.10031217182493302
-1.6231973994942717
-2.2584302235477987
-1.3447768916735163
0.9219239246153466
1.8543820594703615
1.9650867156678653
0.6537781483086809
-1.5027000925632539
-2.2530442455026485
-1.729256122979865
0.665226314602267
2.710776303725178
2.3194569598015264
-0.011393181026563504
-2.4412909746940916
-2.7639091157327726
-0.8164744131139628
1.3684220566818908
3.1667456266547203
1.8781491550246987
-0.39400959607819364
-2.6430803711722772
-2.8719319556109917
-0.8325984945967685
2.2361029733876343
3.452502446523935
1.4661779894114024
-1.6587582912260035
-3.3135770684206403
-2.2409931825094693
1.1812383476439878
3.012290301337248
2.097265723296795
-0.22969846842948088
-2.0575338121294227
-1.6206413390508885
-0.736436904734481
0.4479451108375272
1.43752732447193
1.5486283776680483
0.5837489495961177
-1.0530166113445099
-1.880168209928126
-1.4458612396811565
0.7096639109207827
1.7254127726553274
1.9055657793506862
0.06993621320357851
-1.3520044943677876
-1.738924452311673
-1.4529974789998439
0.7678156064979443
1.9838647605892212
2.12267334013139
0.2912074694471344
-2.2151994710268603
-3.0024028910891407
-0.7879204257133589
2.115405868871436
3.5817202851681236
1.181836322258738
-2.069680054259425
-3.1998061823547364
-1.585927252868021
1.4432983147879122
2.9462258311736504
1.8434271119544623
-0.7221161575872653
-2.636496701613014
-2.42014499707984
0.29196687709620256
2.6624999333713353
2.7374263865992945
-0.0574159296378864
-2.7353046413665165
-2.556630758522971
-0.22576075231489595
2.255533446609636
2.2235643887475334
0.7970453772053832
-1.2251862023476523
-1.893530392023087
-1.6787744106935274
0.1782895451667696
1.5841798877444837
2.244816990449398
0.9994400384455933
-0.9855914063623197
-2.5295506148609825
-2.25374393537833
0.10262696323781273
2.5332922363152672
3.019968055705763
0.8753729256641111
-1.8848375474925194
-2.979056633271348
-2.086836113698907
0.6258280082530197
2.812200483065815
3.3422379500023727
0.6499381482460191
-2.7840906476063507
-3.859043032846773
-1.5437853095701857
2.297766463902881
3.721468601861565
1.6599824084880703
-1.3994043038432176
-2.889678990639503
-1.4739156916443383
0.5852623425959762
1.8856954614996677
1.2194526084246895
-0.3156655367703396
-1.2444521039619236
-0.38433037631434613
0.7870021657781382
0.8144154087756493
-0.5967860742755592
-1.5732721872917481
-1.1407159834034217
1.120895154942753
2.897570807421264
1.6441176298587006
-1.3510859011270724
-3.515177379152391
-2.0599874676189383
1.196961415150986
3.2117947425769335
1.9934073041914864
-0.6361815630648882
-2.1587705558554675
-1.50077062420918
-0.4621713543640431
0.8505953780038586
1.612009207968934
1.0479694151105854
-0.026002404202343538
-1.2061686282396653
-1.3689193059495317
0.011069137598988088
0.5771427321450963
0.058156728842473374
-0.048364469618580375
0.7832753922350602
1.7546316675964349
0.30192320694094993
-2.5926082549738063
-3.35860062495738
-0.40347264502543506
3.5397200309323815
4.397599308579744
1.0964982351587942
-3.19779079802798
-5.029964063901124
-2.014169956420548
2.1395348946925563
4.348048491328124
2.8516703942932375
-0.65792106697973
-2.925227778283874
-3.0674847914878596
-0.9567466356058187
1.7547648944156946
2.7871614110005183
1.3295865841473908
-0.7291753587967328
-1.7009889474584239
-0.7209142417425176
0.17939858832028613
0.16244686326084734
-0.34794812327077645
0.21164056102590756
1.070999474942027
0.6032484640287351
-0.40561727619250526
-0.8842415562101793
-0.7638508846538393
0.09797917620536897
0.781815174902254
1.1328306742507377
0.12401196492254184
-1.3894154636159042
-1.7029004815753626
0.40738655049665534
2.524951203484481
1.813223832915348
-1.196323230071424
-3.671978227905662
-2.352638680474687
2.5678025611504354
5.5599247393272675
2.411764010073553
-4.562041024800055
-7.487775287877319
-1.9366647749503396
6.396839318063959
8.30681689795358
2.0215993826477265
-5.8140348587261785
-8.573340456767356
-4.335917411750225
2.8661998819089334
8.743691288535933
8.886851323032698
1.0587290949935417
-9.093544539495
-12.275952926551359
-4.22245620325179
7.413363469415415
12.026853840973057
6.616377125266815
-3.2871523710109294
-8.920335253442234
-7.388936673234726
-1.8211060346527488
3.7160310626932875
6.800091748886134
6.627108622954842
2.5696577957961417
-4.931436719268214
-11.058989010768487
-8.87539996837371
2.8638529104553547
14.360217416545352
13.173791136345395
-0.1671606281094502
-13.577295806464562
-15.940930723302754
-6.332103392765734
8.922933259267335
19.40682764941208
16.153378365550964
-3.2030452942657885
-23.5720772843622
-23.726936627740148
-0.011147640765680311
23.59228481657475
23.019305858580584
2.2020471117773237
-15.64768304509456
-16.3776417874593
-5.381342224769304
5.1177469808204155
9.414702940655614
6.077001787710335
-0.8660992946053057
-4.045852373107603
0.35366853975809165
4.1972430049604625
-0.8369338953919869
-9.433599642150767
-10.662507871262365
-0.015831699646327357
15.63456545196409
22.9086919575538
7.547895686557807
-25.4112228629494
-40.70226900817772
-8.092530480531341
43.26405826161198
49.15615748489996
-6.210706743230322
-54.997818494807944
-37.74247319750903
17.179641675090398
43.9472386039868
24.992436932770406
-5.643082513315446
-22.413024269552988
-24.494436795774693
-14.900429473952565
3.2842749263262228
19.369899714662637
24.470171378458033
18.816588620389762
8.119035607334892
-12.691304964956888
-47.80788764302133
-65.40192318016773
-23.139781302581717
81.07680811328322
165.50485964192706
72.11222668837115
-189.16664212094327
-255.26023030932444
33.343164289476405
249.09126971683273
119.88240397519944
-75.13147920083622
-106.97988213822535
-47.28723676065695
4.61212863452929
26.854516240363917
27.346449708842158
21.05929716390116
11.641658799695053
-3.869523643081344
-20.283765352475644
-25.415637155399864
-15.691205562959466
3.73357567966993
24.66051632603242
34.641031346040286
15.520493464723458
-28.00633215752326
-52.47769394382813
-18.413072595155327
41.62701903038591
53.419321415934824
2.1621950758470323
-44.47758733682859
-34.53481016452433
8.013467576854964
28.970237428609277
17.17400915645834
-3.222660773721107
-12.556380356204567
-9.86570182093572
-1.1569195100115082
4.816359299159025
3.601450516813863
-2.39931523829525
-2.645702412541234
4.4894268621126505
8.47520740942459
3.8135462269996006
-6.250441046327843
-13.735037227176225
-11.872558566079526
1.7547628220567681
19.641335943209146
22.385623216949497
2.213651745251889
-22.869147408304443
-26.14070691092813
-4.489125721952074
18.605364492002202
22.026830499095777
8.166104486387642
-8.459612675549907
-16.50978361228644
-12.952505412086442
-0.2934030238776719
12.64000009074433
15.159997391864463
4.150129984991473
-8.88516130534588
-12.65658439035638
-5.5641638635715776
3.861727984095647
7.614967805064413
6.336719013670174
2.4719893647957702
-2.5446013203831166
-6.772570513516738
-7.603185207083673
-2.65900649440583
5.984191176335139
10.868510394041381
7.057016430427103
-3.7103402764013245
-11.84854715972293
-9.588210675392839
1.084344496461262
9.825688954875437
9.444545497104578
2.1802893722628727
-5.646381379121683
-8.29188587285647
-5.217857306419966
1.8225264340442724
7.643565603667897
6.749159687227185
-0.45962642847023405
-7.414049013574539
-5.9940045962604405
1.7474601504147407
6.010055059251331
3.3741003299785413
-2.229795755407081
-4.3661850990373345
-1.330974917232125
2.035550893671423
3.0138202442804474
0.42812226594013136
-1.7516257029651214
-1.7989055113405148
-0.15049549827700204
1.404824422453998
0.8659054767728653
0.07942605227347237
-0.5373695364450031
-0.9109699622414151
-0.47978051538184424
0.6039304841151713
0.7741417051728725
0.43119136954531
-0.2829345668459804
-0.3064570141030775
0.06295603945363337
-0.13417019790827642
-1.1340934686415187
-0.8469508932282813
1.1000220790198187
2.2952037330347523
1.6863997272054392
-1.0330029276290909
-3.000361924894515
-2.6983819057847818
-0.15588968167235684
2.629962984084497
4.084073282734284
2.0256305893924447
-2.2265287274685166
-4.519566032172499
-3.4862556015722586
1.2594074192863438
4.360096464322825
3.9042751480207527
-0.3095091226919511
-3.5551358112085745
-3.1699240514075377
0.052315333011954956
2.019349918149768
1.577648072009954
-0.15868066761831498
-0.4227407367908337
0.27590330963744575
0.1960553935119648
-0.8992543725718389
-1.383167891871101
-0.23351264538439542
1.4518800168036048
1.763893191184365
0.5402673148030479
-0.897676185554941
-1.4008872647188433
-1.7878966329332309
-0.5895610273369573
1.6752022732290062
2.86130547247926
1.436228880695661
-1.6799062548729835
-3.137685617980275
-1.6906756777825311
1.4749393756309899
2.868754621613544
1.258872335262645
-1.1192331127941357
-1.9909809711346964
-0.719587265129399
1.0034239220002834
1.0923700930603433
-0.3884273144716228
-0.968607047635735
-0.4652766735069771
1.1766226806860471
1.548526164171427
0.5544081898011457
-1.589210803611902
-2.4475587573224917
-1.3432827497159463
1.5873969699050599
3.4927770981798236
2.250317234413064
-1.2793402504943738
-3.9280261787585724
-2.785610465083855
0.5058143131213164
3.4403357362385614
2.951208239599446
0.4567515471528251
-2.098326236941254
-2.9751650047333915
-1.5359418047146645
0.7524227544830318
2.7795374438819835
2.4625870061404775
0.223238827244096
-2.3587889685743377
-2.5464656110327955
-0.8567836889633038
1.4398577857635129
1.947712996004664
1.5488100603070039
-0.3250915521049319
-1.646304697116928
-1.7588636496038292
-0.6866713435156574
0.9225559558347237
2.351015377167359
1.5364176824881473
-0.24229368146774777
-2.633999901486556
-2.4178653858333137
-0.04087820388609542
2.4571636317033487
2.846349541090567
0.35781462504683403
-2.297805849572393
-2.6977761265329594
-0.8694879299789785
1.9460353957443892
2.8806416945405404
1.0524458341104903
-1.3650973837377953
-2.848975087311285
-1.8401171186499625
1.067275516646593
3.331548631500932
2.0080192301708357
-0.8502350858999103
-2.8981995192685552
-2.4531615926238097
0.4244627385529245
2.213066216460351
2.2267325971687044
0.3255005533444878
-1.051080386195666
-1.8792769749798544
-1.2070499080281247
0.1271921373754507
1.6713587812742992
1.849751029589547
0.2971824846461055
-1.0989062517516013
-2.0049981980565086
-1.1054260070624655
0.680164255173265
1.5707860599118921
1.5469158515240096
0.3350155076099685
-0.9197208914596414
-1.5741724800742498
-1.3636785926437092
-0.2602644900139768
1.8063338761070182
2.465228851513989
0.9159772256748155
-1.789891721660182
-3.185523098326292
-1.5622862496240617
1.539635356056577
3.341149321349136
2.132068586095557
-0.7208996730587981
-2.866596095272558
-2.830349008618685
-0.22284134233421465
2.177902503244075
2.8661236069473577
1.2387645462672061
-1.118694378260244
-2.576871016365942
-2.2847273082536246
0.09657121092240395
2.511147864655954
2.634317258492814
0.5443109609082742
-1.6749583122060914
-2.447275267765298
-1.4050484821762024
0.7517058857374077
1.8725064826719844
1.8587740184810877
0.31952796539697087
-1.1362461488057642
-1.9835174727183007
-1.4015699241747241
0.5527726381811203
1.8640589426729826
2.046541315359633
0.42656376517622263
-1.6332560007786177
-2.4021164166758764
-1.0609010211326173
1.0607031936816957
2.2944885112795084
1.3882449102999281
-0.5048837343543476
-1.8073518792389045
-1.7875337052339055
0.22358553424452307
1.4954254205923065
1.7736569485148364
0.12882494358968946
-1.1751396629630069
-1.4529965365014084
-0.5364221231266139
0.7241481416782158
1.4393019993170786
0.5439086209100151
-0.5757821715648725
-0.9473016006191308
-0.5480764124766625
0.22564238668486142
0.6940922147850795
0.5113921814815902
0.044976603911432905
-0.4023000198440798
-0.8931398042774156
0.17718539396922403
0.4393628520114421
0.33107041967639983
0.19575831091475457
-0.25046201004109053
-0.2674572291850663
-0.21469943118444862
-0.06347643951155216
0.17880396668132262
0.14805823564425694
0.5026315052893451
0.22032195922191333
-0.2936673152842182
-0.91027979568371
-0.5382721573464887
0.41611290555685065
0.7948369436573337
0.7745734413481453
-0.09147742678136023
-0.8595781947043023
-0.651600836334422
-0.2677414395030009
0.6400682952448269
0.9202206275315322
0.40063535698886243
-0.3049757696356381
-0.9163550333148334
-0.703553060353464
-0.28222020036433176
0.9091752925605352
0.7020606285599698
0.475780249118102
-0.18451703102485725
-0.5018990610261146
-0.6365607671481985
-0.34014042329683714
0.36135811775846327
0.652294190400464
0.5643358843016996
-0.2974003330835238
-0.5758795068773483
-0.36490392776641706
-0.27670750015223117
0.3432414452099069
0.34438794487552854
0.48917900751163046
0.33717368310333873
-0.32463113857995424
-0.8478479787264497
-0.5048515386243125
0.331216870607983
0.9493507057207448
0.5788213378690029
-0.34259411340047513
-0.814763265564761
-0.595044962485017
0.13866440636360766
0.5349376850372983
0.5356704420138363
0.00786027541810666
-0.10327095090892587
-0.3180790941338553
-0.16273223574476947
-0.13982299596516928
0.03156368481370703
0.4315655911882103
0.0035424209221025394
0.11909993460958174
-0.21038407536040218
-0.07049706685733571
-0.09138961526967254
-0.2945447638434798
0.20864549448242878
0.2548476202495419
0.4124440742968905
-0.14087118007522523
-0.4779778058959482
-0.20238940747052372
-0.11606456746065937
0.3397557904916042
0.34905519771933585
0.3153402825333079
-0.3086665708779681
-0.29551749908547015
-0.1902980115573243
0.2833008128293518
0.21635666846854248
-0.013429045522769523
-0.2979881964999355
-0.43442611584807933
0.050722722343966416
0.4572362885330653
0.3506606617628306
0.1742700073279986
-0.35054948699728344
-0.6388067979525688
0.04292597483265141
0.39978372635832377
0.41449594854169763
0.15559064267143444
-0.3496030762723068
-0.528546948156789
-0.05545529373606327
0.1542821734011722
0.27094185099676116
0.4003509523215083
-0.279964396640161
0.0005255820446344699
-0.2129666164930769
-0.10769726668010082
0.07106872275888923
0.03605886232179431
0.3329799779980864
-0.1395711576487116
-0.07387175348719088
-0.1032505431044617
-0.06583828807757085
-0.032402437482979635
-0.04507747802297395
0.22614017078435703
0.3181507844085158
0.07406093603156923
-0.2547854245736461
-0.4570681106164761
-0.06775821243308006
0.16130928360687286
0.508260103097085
0.04290037961363286
-0.14560347273411406
-0.20662840086437334
-0.3386139450168765
0.1743554343868302
0.185539785936102
0.29685683055520123
0.05031937789271924
-0.15410201862438505
-0.29264075096629616
-0.13386713119887597
-0.10644558774376164
0.3160746645180644
-0.0577988286017628
0.15793707382433192
0.07171777462016536
0.14125756367677825
0.09947279126209456
-0.38558662765018104
-0.16763111874362158
-0.13700080112522184
0.22133917140391887
0.3267368428252775
-0.014557168521010702
-0.2458849141764707
-0.3978775623783075
0.33492512832617466
0.20486339790709734
0.22462863919899945
0.09161958074537517
-0.21153872735945076
-0.29830879104712854
-0.13487173285826864
-0.24263704179742554
0.49717505073622525
0.21549397711006008
-0.04925777523704237
-0.26486264583654695
-0.05918534708240261
0.10204519855387806
0.22006380394703126
0.0673728710684312
-0.36597043039479205
-0.0379949561189355
-0.0005965393647349507
0.11023064155068656
0.48327607141408224
-0.20973101363744312
-0.0662036014320494
-0.2328604404100985
-0.10019760278927267
-0.13958809664953611
0.20536915479697235
0.1750447641806224
0.1566234646081717
0.04548817027589858
-0.24859917905307946
-0.21141271997576294
0.28118669011452696
-0.018739957149048688
0.24170904581699568
-0.09312422050682237
-0.2473173358728685
-0.019729145117788095
-0.19446657396208206
-0.030686794172072422
0.09821284213982359
0.24023272420181188
0.23214875926422407
0.017977195820696117
-0.05603997332706838
-0.4436924630984488
0.02733500393294583
0.21186228573785165
0.21645575821967833
0.0837874941284302
-0.19201690188266696
-0.13776361244334875
-0.15664972786836284
-0.059509119709944755
-0.018130190633429147
0.12954574166106464
0.24915974388881354
0.10911251231546837
7.110823832728874e-05
-0.3001710234892993
-0.039665918115361166
0.10589988799606895
-0.051827686326727
0.16974152247463392
0.09220893336335301
-0.08203685251108112
-0.007569297884133339
-0.1441580011586845
-0.07436401216175728
-0.025711665890420038
0.03907807065571343
0.11132742986855954
-0.09346090901416729
0.18454985065231722
0.022238077049966255
-0.07943767090438626
-0.07877394716262012
-0.004161489307492497
0.051746193813315494
0.17709445827508075
-0.1562517113269542
0.04316742382770563
0.006604936002615518
-0.10032896677453343
-0.0007386832636516183
-0.010216364765370453
0.07798296368004659
0.06421192913956528
-0.11985772773026815
0.043128381679619715
-0.00712790049583967
-0.2479996305315588
0.11642296797443058
0.3018687321833678
0.00460821913487805
-0.017731247760801313
-0.13148084742469107
-0.2541663712749176
0.004986945977455817
0.3707248528567135
0.15019042336286206
-0.020344405049448955
-0.2775620118205201
-0.3069302065336955
0.10244687972165681
0.057431777076382966
0.3996085338349016
0.06759972200820007
-0.2575073748049656
-0.11208051365864077
-0.13874580859857785
0.03430267495835982
0.06874187334738688
0.38060486994070475
0.05942071049987427
-0.17189848867478835
-0.2066622887687933
-0.04566275940417033
-0.15677213957462635
0.21265415817766664
0.11400971173512633
0.01745710372692941
-0.12696944426921
-0.005888739159734518
-0.025065247048969914
0.016715013601979387
0.17966862158414712
0.14329641771390045
-0.3962139860995208
0.23878483626013092
-0.23142502329729292
0.11120082686081037
0.20297821893082524
0.005826152891684705
0.014198932333313484
-0.4776648704811056
0.10731728182694733
-0.09272898163286618
0.1949783942310517
0.2438606387746248
0.06925306086131107
-0.07816513416897666
-0.1595374405292468
-0.25500591295245273
0.053191194873396484
0.22527074863166266
0.24578888943862018
0.013148636180115348
-0.09003852513430839
-0.2668800835812973
-0.1931287849101884
0.037451566581644544
0.2506010627127641
0.11911251741062384
0.10332293619641467
-0.08667077605329188
-0.34693646367737724
0.10624626720024614
0.029919724080170945
0.10152563815988705
0.16990543891367582
-0.045501662575222576
-0.08320646982620974
-0.21708859173586253
-0.10877521003257454
0.4024880553566589
-0.09274641480724033
0.01900863557425575
-0.012186453014094954
-0.1316013902543592
-0.09013182668923703
0.10671238357802859
0.21664124754346228
0.12170347282235658
-0.015669278767712666
-0.31653640455106574
-0.09505403290136688
0.07324945698229662
0.006337347779014367
0.16163523795527265
-0.06702956945346979
0.03410773791644376
-0.08408337679004502
0.008365282912442039
-0.0995833489555355
0.3436525429926645
-0.03696569848840181
0.02425023941237149
-0.2127799968166291
-0.014690873605834853
-0.0751321106040623
-0.04519394237397632
0.14066596465643832
0.0439546237129058
0.07318846781340098
-0.11919044543420974
0.024994751518098685
-0.2142000961263519
0.13248977102325776
0.2912199715000821
0.26810360614063744
-0.14411167731480976
-0.3224664043624076
-0.31340050326168395
0.11636189124531604
0.07045790163606112
0.309902014034044
-0.07153169856318031
-0.07036021298306772
-0.20262478100963552
-0.11211090588425188
0.107989527729838
0.1441833968501534
0.21123785369457118
0.12674201746744143
-0.12859323711608717
0.04263825946726811
-0.23953719598222756
0.005255470190849168
0.05243397862659503
0.03753756329741136
-0.1348284852382104
-0.09477518542631438
0.05881445895186979
-0.020408625129396146
0.02089624086480527
0.052836303891955594
0.17634380148029347
0.09667903508193582
-0.12290651227324322
-0.01711344528303912
-0.12912808598064507
0.06308484162220777
-0.080529668881415
0.09178763960144612
-0.1309193757252137
0.2908110369346274
0.06955403343801296
-0.03511068285557931
-0.3264855744678361
0.1312699204099091
-0.19278242399404658
-0.015606961446584806
0.07863779594663027
0.12704487932313538
0.20184222678346278
-0.1755784146765446
0.11021151758755504
-0.1500706000176981
-0.009963941958431493
0.0335299152443885
0.08368563429660694
-0.004291541753703806
-0.10630706544037632
-0.09019676383329435
0.1203692402840517
0.08049256448116014
0.05086430722820546
-0.08447089326971499
-0.09949669077574697
0.013553259819292163
-0.13291378945199792
0.27800274702288064
-0.06607968321302629
0.1350472677553042
-0.09955107145214621
-0.04973204964714584
0.025967871885367824
-0.2946051952425159
0.13320936216261706
0.10815265726071126
-0.002767121614292385
0.09149175717506115
0.06467916087129251
0.1387543686211501
-0.30952594729637456
0.10213717817972191
-0.06514842020508947
-0.05350271119333829
0.035253561263963146
0.007717529366073568
-0.019352819836235324
0.047062914639257776
-0.007676247233229596
-0.021066478332560958
0.149536933302676
-0.03626950351256821
-0.12714901458284752
-0.11066116968925044
0.10712765915964902
0.18426101036055817
-0.04129716833988177
-0.09105968416502574
-0.047288660915340036
0.016487253317810122
0.05410698542570596
0.2370724217101247
-0.12433608503682897
-0.19950859725663758
-0.09058621774566095
0.014689687619445262
0.1735393088476449
-0.0025219187912495673
0.07020271674237016
-0.0769338656532205
-0.12496603313917184
0.1462364865265
-0.006470918343996218
-0.04788643850477014
0.05531802850581701
0.08896888261977848
-0.07761492260133727
-0.0356950105396743
0.08171952331046169
0.03813617534198327
-0.09604562316643474
-0.13136891330828177
0.16505771526518243
-0.033286837312823385
0.04238445185563222
-0.07106603411024975
-0.07951140145958666
-0.0118230875756586
0.0024673795378691325
-0.05101686033530157
0.12158378508711393
0.1213977617064131
0.053205627284139
0.07653595435847686
-0.09141300293623382
0.1170180913463045
-0.16828841107098153
-0.19575603473562583
-0.1274938740700306
0.18483939529811566
0.06249400502997686
0.044356802648244924
0.06773875643455572
-0.1072042450717397
-0.0744952517303359
0.18808909142941116
-0.04897213297678226
0.060918945761146315
-0.01745625530513483
-0.1329913715472548
0.0001501642936311276
-0.06899902144073435
0.20859128794418105
0.021046982824509383
-0.21758421784762402
0.06402660786112989
0.1759759901744621
-0.13092268537404328
-0.006545914848972115
-0.004183436420673314
0.13090406383631228
-0.049838172704329296
-0.2189401167006787
0.14220805032578712
-0.012453012508654127
0.1115432693075311
-0.11631863704105105
0.09270878588026069
-0.044258678470463504
-0.024314712774037028
-0.0034119941384230254
0.07290333059823449
0.10860290791669891
-0.006116161938633149
-0.2549179345867843
-0.0096862197681067
0.046339585460166824
0.1564615430346905
0.08934946982508124
-0.10430749486481489
-0.03054990104365209
-0.12574969193347105
-0.07976168047543727
0.04322402280953415
0.15797500648070675
0.050567918463430034
-0.08366039712142165
-0.024848836668411964
0.11419226152369416
0.04383405050480024
0.007886741792309502
-0.12306711015783275
0.0372123773179936
-0.05575028483389616
0.05565941695279113
-0.004350776767748331
-0.08868166643895643
0.06008446831123887
0.05958050139232919
-0.12280496329804944
0.06274910600083666
-0.11511613440546171
0.04342497473697006
0.07188861363821648
-0.08290573428332149
0.21527709259033967
0.011288692458461189
-0.007874613398252558
0.007423125262908548
-0.10864835086322658
-0.08770753181704036
0.09374860128804466
-0.013124984121291865
-0.03994457444273119
0.020754397487906168
-0.07627181791559291
0.03664037786690966
0.1380965887775225
0.05652332323656148
-0.11759932943764281
-0.05078110138853031
0.037883471114847855
0.034048794662861905
-0.22990689155929334
0.08419747653224048
0.08481815153569729
0.19863167101215254
-0.029741308016683413
-0.04292571646280677
-0.1455785985980101
-0.01815142429214539
0.0790327817123864
0.14736002556832212
-0.06517858877114399
-0.08931413026144416
-0.0548091550559724
0.05676295301877371
-0.029640740354256977
0.09984524823331088
-0.07083162485660775
-0.059238841648465566
-0.15095979788023145
0.11167919571665647
0.18569562590812455
-0.015252275057578746
0.1501320054269296
-0.03717032524939819
-0.2701430016622634
0.11419266851030047
-0.025297242427733027
0.04500923403335375
-0.06714495158991553
0.19225489579015329
-0.054937006334612536
-0.16266590006650505
-0.11176047088766691
-0.10070220060480681
0.4362154406447613
0.12091065269694164
-0.19818329799099363
-0.02701796329705454
-0.11747404489484665
0.13057440534327813
-0.20289694041300566
0.14561165835153872
-0.12371338394509036
0.16317360691464378
0.002924889680899977
-0.07262911534055416
0.21418613884122725
-0.09826944849017484
0.0018520149196858682
-0.1479597330004855
0.037472949105778135
-0.009777800502267085
-0.08397701206184724
0.15177216396705426
0.10192396507092474
0.05243401771963008
-0.17122331075447617
0.016609345431751923
-0.06134125359914649
0.0970007517176905
-0.009463357160845627
0.009437631193086916
-0.23096329187254983
0.06534052442389811
0.11102904436414547
0.11782938725083346
-0.10650589371585802
0.10013670281270524
-0.059512217193623464
-0.05202275023132735
-0.04173079648261433
0.07056189271929976
0.12414436092966125
-0.017179552882756573
0.0022475261880280997
-0.16324377727179057
-0.04262619099517293
0.007653267709400703
-0.1084748474455379
0.3384266188947616
-0.14075113415163476
0.05789932979655506
-0.09368560955952805
0.1137862360108311
-0.15944220519381033
0.003900752247592457
0.14072785548014008
0.10601614001157918
-0.0835236125536949
0.09783697422994433
-0.17962347104033544
0.01106130635870882
-0.07409792947500846
-0.0053008714507799745
-0.00249602923449806
0.04000063963808602
0.03217372109952579
-0.04918453344075638
-0.06003317060737389
0.09958247231121284
0.1927764597236559
0.029258037481640173
-0.09509674475678956
0.03133790438114354
-0.18465057337920168
0.21157359326688444
-0.16020616745882332
0.1518946274950561
-0.29048348634524684
-0.07013320299174794
0.042133283718962904
0.024790233624463733
0.22068052835471838
-0.12358226131773306
0.2278171423051703
-0.14905538507067356
0.07173507543146725
0.0969226957433817
-0.07129351164869056
-0.1264633167876613
0.12468224286956661
-0.21383645206629648
0.19897586313342186
-0.17921302589864613
0.06328722120514074
0.11199288640511601
-0.09747165098712213
-0.21803522737234182
0.1194332136339875
0.11076185771489402
0.13677120353578637
-0.05549456799273641
0.028971878839531805
-0.024429867850610062
0.07578073965543378
-0.1534520998317093
-0.0392910708213477
-0.031032641667274805
-0.00969961030351301
0.21992619043294306
-0.13651027732386573
0.14705335113530585
-0.3354118184942702
0.11475886382943977
0.15535793299112383
0.08203955337355123
-0.09872669511031326
-0.08450172050278207
0.06489115445051778
-0.13079093085702498
0.05542594019529033
0.04796659801666206
0.034025639062076084
0.054365307032359256
-0.02102558644717428
0.006679203505067162
-0.010535642072632795
-0.10127514156341812
-0.07167026946950525
0.2627809816293115
-0.010109326206673036
-0.29358408956654636
0.1319338349512125
-0.1498035840353892
0.24964721381156507
0.16959925917711288
-0.12220218209366562
-0.14403476586609038
-0.11158236446325118
0.14958355833699932
-0.05946384853092487
0.16236487244886372
-0.1097095433696693
0.08496349383026394
-0.08805693434098777
0.21298911546877367
-0.15212644981609266
0.022368742373191093
-0.139746296651289
-0.06343290244241809
0.14163315136172996
-0.18330296549898792
0.07179160202059151
0.1555286630705228
0.024138287719198313
-0.017155682376804312
0.22452242151636148
-0.06364097092490856
0.004014448895253195
-0.2669825752562848
-0.005880824752824969
-0.22485080813662595
0.03872734364274824
0.26291805903075227
-0.045608400967743774
0.1673651689365213
-0.025408944339412248
-0.009839011377227801
0.14163146334802135
-0.16705208996581247
0.0007608083291815171
-0.21620634922652263
0.15512415552754216
-0.05679744397752448
0.07356634443008744
-0.015069627772540048
0.07281403384800457
0.0321035838264816
-0.17940265099781383
0.06476677583560496
-0.1317914743971157
0.29019427303768003
-0.19411082873707658
-0.07802540745135157
0.15972549119767018
0.11353825960760132
0.04794175392900381
0.047592728125642594
-0.14072024375714273
-0.09470999168002155
-0.22590621812948977
0.023003775412914543
0.19510673448668275
-0.01796843243192553
0.18177350720261196
-0.004401790202264482
-0.019816514011943308
-0.11445378959941165
-0.05862598083745538
0.12280057384186557
-0.009104018346093652
0.02297542127803335
-0.03098135229719049
-0.35141325258602135
0.24373824848548514
0.1669760066375233
0.05565845354558238
-0.010655859777581822
-0.2920694409724067
-0.02313765704929651
0.030478499373847674
0.23608797106218804
0.19456776928695288
-0.04887306454619544
-0.1145798688914121
-0.07601856848581136
-0.06271008257558801
-0.008384098729714878
-0.08612229749490871
0.24094539874598914
-0.20558412574777535
0.1652934112398456
-0.27361967629318207
-0.04779258353430867
0.2602147449594431
0.09582159555923658
0.06878548714454125
-0.05439520175655356
0.0016140356554062464
-0.04759195266125181
-0.03450631270259802
-0.060072222491052624
-0.16534831783927517
0.1575428223769665
0.11770511971336259
-0.01886040612382925
-0.13758966545188028
0.13900591705183896
0.0663078102734103
0.04483376411957337
-0.1795007373320993
0.009883883163071266
-0.16158181718448844
0.05822196230772456
0.18271071355339075
0.16409430545901008
-0.0858208891906006
-0.3301298219157357
0.20750136893560134
-0.11806755142959652
0.07119405418198149
0.01936700144667404
0.10892793279808818
0.08686808881974885
-0.2359146647521661
0.060008094190196974
-0.14450606578365383
0.1329753372567913
0.16810449396528526
-0.09722766643493684
-0.04411455294153267
-0.0422367756493923
-0.07849699935067439
0.18717309860453518
0.04256799619230298
-0.051194427550274764
-0.05095573299292287
0.022741010341484208
-0.09783113339976074
-0.058073742740806164
0.15348373907948998
-0.13333246351300826
0.12442716199897386
0.13014830965278204
-0.15027022037970458
0.1911422031485167
-0.18346377597390634
0.026897820443265483
-0.01952226370335992
-0.0761210690055773
0.051990420507545335
-0.09385001863786249
0.14344746457854496
-0.10472571720497897
0.15610538365418727
0.13267985257711357
-0.18059532031382608
0.06338232223623882
-0.17921904425776602
0.20400632078425834
0.024047444059205024
-0.19259452544165467
0.037720813099822004
-0.2190946250518191
0.18120316605666623
0.07605017151931606
0.0446263299959627
-0.03750750676314722
-0.03792507876982126
0.12628782790980783
0.018711005726233465
-0.042716782239406184
0.00011911815777038148
-0.0641143878297417
-0.06784372686651208
-0.042214721464945384
0.12045870592115723
0.037047882512039665
-0.08180557069013139
0.049557374592219955
-0.055270653905520134
0.07180183024492086
0.028444817750788207
-0.08987327332402893
0.08602290606344541
0.020667745620549828
-0.1378495739794875
0.030087032597409934
0.011764957348746923
0.04712479451454886
0.057831959568584966
-0.045333533766205095
-0.041000606154365016
0.2130976151030689
-0.2729800381289875
0.037119496611827174
0.0971694511359944
-0.09594332609376872
0.10830250359779471
-0.2231756626961984
0.13610120045155344
-0.14996656987926868
0.26544742665537735
0.09044248293550561
0.035430632398696094
-0.16700739054042946
-0.16471042794141783
0.006367181683976736
0.19113142301938513
-0.1592573864002133
0.20535200986620744
-0.0486470137067876
-0.09605074292637183
-0.0047640229795196075
-0.027586163859080977
0.0655102577687285
0.12471875968897092
-0.17931441648253083
0.051862788749016425
-0.023225403651285483
0.026408828572586664
-0.0389698995508576
0.049303678379098215
0.02074038758737768
0.08782648680789706
-0.04820301652319817
-0.0872117679254841
-0.008938201098343528
0.199702961521148
-0.12403221301655026
-0.049513199728677196
-0.012367462477203536
-0.06601280893508252
-0.023241510594039536
0.019692518969004372
0.21849070094947387
0.10717208986123386
-0.11340620857557628
-0.21620971080697854
-0.07084238943540697
0.2061915374260447
0.0158275745228628
0.013478175189660001
0.08676694653865633
-0.09880989625246724
-0.18510390208040406
0.07663949181382125
-0.023730099625210655
0.1659017333480068
0.024322919275557544
0.021140420090611893
0.019211414244899798
-0.26227311090911676
0.1219415203257671
0.010422703495894609
0.09822686995475953
-0.12052588676837453
0.005256260430209575
0.12961296120073101
-0.03737508604850746
-0.13657087020585676
-0.041152703468055905
0.025640593521412257
0.07771368520285576
0.028947589203519586
-0.07311769250272158
0.039690099553674876
0.1174840402552938
0.022206194268226516
0.02237486467344611
-0.006370653765802657
-0.14184766442224142
0.023432505012165636
-0.04171733925056018
-0.024754194341037816
0.06109804537664763
-0.08718563807282005
-0.0002881288393029695
0.00275449930054681
0.15554626551396528
0.07257055917390678
-0.12674827311903178
0.053631584121841235
-0.12130933582242498
-0.05222363518425875
0.1726163565000926
0.00983749505623583
-0.07425162394144931
0.07009000039369455
-0.013881044117386276
-0.10471185332294741
-0.01933807750963376
0.10495555707148792
-1.1300770140647981e-05
0.07586712092062214
-0.01192613896721847
-0.047125513219454525
-0.09394536958080596
-0.041500549942011744
0.12994819867953242
-0.12847942940611648
0.15608382383458771
0.05506586424321319
-0.10511010906065045
-0.03087447170043707
-0.061734554195486305
0.11902304625607169
-0.03288416272281529
0.11206370886313402
-0.04713776249545235
-0.02585908608940586
0.07670859871529422
-0.17794036209105688
0.01129832951063907
0.09717958183027817
-0.2356275319731853
0.09083441811715703
0.28217963567805504
-0.064559145864514
0.035490265212177706
-0.0017242460416002081
-0.09649705339478626
-0.15471518489316854
0.10657453329635165
0.08657492332378874
-0.13298668498400243
0.005420558466452672
-0.023013634515266668
0.05269698883397254
0.00025194404610660555
0.015266456343655116
0.1284750505235043
0.13534022147060307
-0.18326401598348593
-0.09118458621161393
-0.09045865854621382
0.06590600200799598
0.024695945947784955
0.241439707763559
-0.1077307584111993
-0.006245196275319655
-0.19092868205004795
0.09902959252687595
-0.06886586119519143
-0.012392985242545153
0.07519105431086265
-0.14346933570313722
0.2305262675815203
-0.007191428587750313
0.0013663913916924161
0.0670749054915245
0.006467760100308875
-0.0015903243045115147
-0.24547465756535833
-0.07989457318326777
0.2532082418014097
-0.08399597674113386
0.1081095072088614
-0.09452966935085749
0.14741022537298662
-0.1267215047396108
-0.07292497251270844
0.11461943234784089
-0.00029826727129016965
-0.01374022408821382
-0.05832577600687631
0.042336532041628315
0.019082151302052916
-0.11391085409619231
-0.01218057898035946
0.1934209293449074
0.042761220549853776
-0.13589014966784618
0.028717986597563055
-0.09190978124333983
-0.008006022003907211
0.14055016919146615
0.04554366007833339
0.012065487466660405
-0.04246915398313954
-0.012377304874903423
-0.10355317016744081
0.03869542026812958
-0.06143034387243432
0.11026074732976436
-0.02427345350315906
-0.07298856333558147
0.08488797042000452
-0.1049723626974125
0.08627658528177959
0.04593302764014293
-0.03243743554207294
0.11822324626910931
-0.06456114062557317
-0.14794494218962054
0.11028206048183822
0.07547844178619022
0.0047297533957865335
-0.2203661727097489
0.006664875058067767
0.15389581001863148
-0.029593394901406046
-0.011916952817423589
-0.14700237053998916
0.21250414406157664
0.055983593757986186
0.02629764327579172
0.019188408329600865
-0.15020032593342406
0.0966045609496392
-0.18976024633877958
0.06042385995925652
-0.09091384081374539
0.15904308179923277
-0.10831232289439527
0.11977992070540219
0.040162325084182895
-0.13530510577751123
0.04600027951323121
0.01754728068537448
0.02695255967566962
-0.08061001849271031
0.07770785110038804
0.022995735135345377
0.05211130027158768
-0.012881933956198239
-0.12724799942188736
0.008650489240041609
-0.05221330681127255
0.06301480286345598
-0.03409254487307891
0.04374192083443754
0.1691212814860034
-0.05103970818261937
-0.046939194429961736
0.05522296674496291
-0.17871857517042145
0.0036686656751676126
0.11226811530479747
-0.01703436619619319
-0.06810026884880016
0.007916554835998589
0.0014923513398262117
0.24376518052211663
-0.1801862596310893
-0.1329612195244084
-0.017226685391521564
0.20064235466374197
-0.025769675060876338
0.10790196084039791
-0.31136391950987236
0.295990255182641
-0.13192775506693194
0.07628335064867553
0.0014338042924317146
-0.14665540809298927
0.12126026345407281
-0.17551300185747098
0.14957196975388676
0.020289118757449643
-0.06581019932746668
0.052566176361855566
-0.05277248286382964
0.1106780280871063
-0.061639574120728416
-0.07704598212843163
0.1522391825582702
-0.11708314625811422
0.05254998549215889
0.10712323656512741
-0.029720807158188346
-0.11292170095677517
0.04375602393789339
-0.05126917483764737
-0.14571484591220557
0.23822223956091837
-0.12871887781721214
0.043236755443627914
0.024961734312209317
0.046285153709399646
0.10363262118704135
-0.19484996157026313
-0.008560043515799592
-0.05772989735800747
0.18474137925837011
0.24621827894173307
-0.37056370337131034
0.003182490116116668
0.02473294352125562
0.002106337256249145
0.04612162740474686
0.09285512365608813
-0.03712732603660411
-0.09065922571629298
0.023374993800407473
0.04077056501511002
-0.07555500738018765
-0.09576069255558409
0.03219817769108755
0.13518378852586177
-0.01230245684662816
0.1589872228645386
-0.15169097375547355
0.109147539227575
-0.06919894408288811
-0.11275803622378194
0.08334226779356943
-0.09577784513486085
-0.191732064585122
0.3385722339931404
-0.004609020162659189
0.06427686395209847
-0.1298501744264277
0.04319931015284882
0.0058171562673856566
-0.11990845623689574
0.01693865625617639
-0.06662865246257477
0.2247241060591378
0.06024115490228571
-0.16742890808101638
0.041824414281915696
-0.11055728538965566
-0.03562862905146133
-0.02663271305260846
0.22683835014903903
0.07447432806604899
-0.04001500274407306
-0.00499794713428027
-0.21875380148110257
-0.001887525706998891
0.1597281987470556
0.12204484589866331
-0.047797285316223195
-0.05862199185493065
-0.17419134407479994
-0.0890235239608298
0.033799683869287236
0.0533758128133995
0.21140248992852909
0.07151606131088524
-0.11890038290263738
0.02714799395824292
-0.07609263193728984
0.06901103866316594
0.007966342185522434
-0.041644798966276465
0.17546362406613603
-0.14773347071821624
-0.17709187481685887
-0.05784884064786591
0.03949893719682539
0.11333093769986144
0.03553634940163844
0.050460749947686206
0.07241541778971822
-0.08196443592662832
0.06874668151563942
0.062309442007365386
-0.0011182370498936112
-0.3564748124458488
0.25893518263437143
-0.11015129607384377
-0.1399004951906171
-0.04750476399889411
0.2319142932924176
-0.047281920015663385
0.13892495929681262
0.1267708846701006
-0.18772480130419436
0.04044869883966846
0.053722934033725196
0.0013233189594638317
-0.05450301232785604
-0.1397471748869032
0.03047184532113368
-0.05261298763509892
0.12123656383103514
0.09067195744285336
0.059964606528871964
-0.24851194173906604
-0.07538226925622744
0.0222149228476347
0.08923614933731068
0.11872653731703799
0.15232500687159353
-0.06997218315487153
-0.316662143561033
0.19136457097483764
-0.15049408106485454
0.08823938656061475
0.13761061079550133
0.055040004609086424
-0.06394469455242727
-0.09401382144228636
-0.056087994089004785
0.08884419175369426
0.02563452680236622
0.08683528443158461
-0.12357351103930746
0.028967387961371847
-0.03017264938131123
0.005933060692423466
-0.035028627778184926
-0.013598990620696791
-0.027559404502854205
-0.08626217332019928
0.11125348325620754
-0.04455284023051903
0.17354544687551438
0.0952939575883467
0.19763217067737787
-0.2788860176915053
-0.04788810887904397
-0.2145315842846352
0.06754663291897609
0.15124414518474957
-0.14456014728319383
0.1928193893037643
-0.08676272832922792
0.03516463592105337
0.03510407323227027
-0.055545542492342836
-0.1495517235629
0.04025521731690497
0.09640558198280917
-0.030481516105123695
0.15635562821534515
0.12465716820227754
-0.06278465848496163
-0.16893706446098733
-0.12381100257051954
0.06638923826081326
-0.017884674950047558
0.022103447399194807
0.0796340719018134
-0.03612745793575294
-0.009855794483645024
0.07791065615334486
0.010976527693249673
-0.07126089662425084
0.03680158286839324
-0.26146822856674884
0.1308834213595657
0.33936408434113186
-0.21967881639509776
0.06615988817105493
-0.011925334293690582
0.11888094795365496
-0.07967958608606485
-0.16213800608493106
-0.010199209932006174
-0.20710788344942846
0.005625889580406154
0.26655853454353706
0.10295563535064621
-0.007803937804969858
0.16882897141320252
-0.14016682351783802
0.005866300806648739
-0.08616553459317428
-0.12609325236213714
0.0033451602774908253
-0.07406531991075901
0.12441174439074623
-0.0876795622305364
0.15223330871773746
0.052055476694300586
0.045228860261554926
-0.031887114681846185
0.021190291110276958
0.05850228259564155
-0.11540687961690993
-0.03541708198614169
-0.10921111629055015
0.05454920506204637
-0.12297331437130209
0.11769271599643995
0.03661041692936646
0.08188099143139796
0.04232216521788698
0.03769118757118132
-0.12090204610042657
-0.08571469174666524
0.0457637168157677
0.10631890585392686
-0.058938789255524045
-0.020968872881092136
0.07626519396425263
0.07417262877336028
-0.18336568690507035
-0.13330351788085829
-0.009287834509685022
0.08101504269750143
0.26851696762942723
-0.09730732392595288
-0.0010004321419520429
-0.10233268426889221
0.03947589430681729
0.18547572179317232
-0.047383546459957876
-0.1912800776977862
0.0325484656577983
-0.021975158997935243
-0.12716919124719037
0.12911920952875358
-0.005105511027928361
0.20387905094410477
0.10141715398055752
-0.24630431200134378
-0.09513258184256533
0.07656592404240292
0.013470589053063017
0.032228736291648144
0.13954881008317205
-0.1240636607801291
0.043603856312179154
-0.2559770544964961
-0.11851859511486139
0.24320954537815212
0.1227121868258434
0.0016335701402451913
-0.011320640863366815
-0.08130835117871585
0.10239571204006037
0.07834616860599168
0.03279123590920873
-0.13648663222587437
-0.04512315315758233
-0.09239921795081385
-0.019168851467719364
-0.0011867755351353398
-0.021806044416900726
0.1649308298403691
-0.09961625818313039
0.12892021028123823
0.11444548090007917
0.023565009493482187
-0.12849639341165706
0.007923384191189622
-0.05770023167296483
-0.04314426386862778
-0.1144765559305029
0.02906755972783326
-0.02106137312040486
0.14303398403517661
0.05451998206225052
0.014919177753265088
0.10201513037076226
-0.2193295972301963
-0.0021272734768180007
0.31648211216875816
-0.19283631975541543
-0.07008611399394458
-0.019779052658294913
-0.03384187784626308
0.04181646875408734
0.021131455752613743
0.015480739821148469
-0.09731889321457081
0.1342314920456959
-0.10495895112307767
0.03659088976816889
0.07190811905743823
-0.061374986493950554
0.06899457624951644
-0.02007605405997729
-0.031987104720897885
0.10447515884273194
-0.10923338803312205
-0.14134108222150688
0.13851094033419134
-0.00029822676904294994
0.1903253990716954
-0.0835174501433332
-0.10621527389322513
0.07817861510040688
-0.23445401562502435
0.18929524803121367
0.014370192517704078
-0.061430744760692574
0.04067284679356756
-0.16583457431036439
0.1862436940122215
0.035433703612634405
0.04614147708037139
0.06537519010352479
-0.1704697043027226
-0.03977339450324858
-0.14597657922997592
0.1923778266553231
-0.038762467247952195
0.08613303345721121
0.03564905611439092
0.007519164453891829
0.0008905381671551471
-0.2653970314093335
0.15252467145572063
0.09666244663820567
0.06478459561930067
-0.17627638277320085
-0.011368147365935409
0.07855678535662805
-0.1089603663811911
0.12580122618189532
-0.020096480586223455
0.04453588495687737
0.03968679855022897
-0.14026125765476521
0.10633830286664282
-0.08153034649582011
-0.004276407520011051
-0.03022938077512571
0.04823534926874261
0.04009975990849416
-0.23725614507566367
0.17962460725153692
0.06501451160128781
0.007108616563520895
0.12781054701627298
-0.07818348420927843
-0.08853611047819088
0.03997687207103846
0.03949895119625564
-0.0036732091627173086
-0.08797784672492376
-0.05201806909180755
0.04645585809075101
-0.11146527294391734
-0.05835029869734158
0.2399304742923969
0.17525999254361202
-0.2707844607916844
-0.10128380090202084
0.14959799028678547
0.10250925634810797
0.11017425130043748
-0.12443178919034717
0.10739564568693251
-0.22341785789863264
0.007785312793349444
-0.04649486597831522
-0.11088883862594426
0.18599466267871573
-0.07775921814806336
0.18128289845612827
-0.08268131666687636
-0.10718190844853567
0.20140077909860488
-0.05557877187965152
0.11466031994091808
-0.06720481636561619
-0.20154938712087425
0.12272944059718847
-0.13226858340240366
0.15609021734833187
-0.05170060468465714
-0.08548005747776072
0.12000649795620144
0.07890825358398698
-0.09905695824934552
0.008477948128299787
0.07930270769400205
0.057158218544477016
-0.022984402545355713
-0.22902478115905778
-0.03881135425563338
0.23350907217928848
-0.1292603047214637
0.333084724780872
-0.32625674648413105
0.007509822798963797
-0.010941948961228697
-0.046912075841073875
-0.11095526058019968
0.19977826306971422
0.21454385829748396
-0.06512703141277275
-0.05682219977042485
-0.1202577537254421
0.1363246447116429
-0.11108885347299441
0.04114758840887134
0.040667775432630685
-0.1823326955843917
0.05896353062787255
0.11492477826661784
0.0592266522553872
-0.06886028837198778
0.13067392425354568
-0.17350340678875478
-0.10120127622138549
0.05717999111439075
-0.017521836507967358
0.07516377617822519
0.06598811825275869
-0.015739954482597275
-0.069621948910732
-0.06336734001307376
-0.011652532809622581
0.05373204673762037
0.245151374533301
0.0470894487516268
-0.17248660394218718
-0.1030179618549491
0.017883395794664123
-0.011166792779741221
-0.07888778105376751
0.1644071375352723
-0.08759550179922734
0.07834546392137463
-0.04847035273513123
-0.1486593047247875
0.13221725393016062
0.017464835970272055
0.1714783743339755
-0.05299359499117034
-0.1004475209689315
0.024069633090825285
-0.03521227032844862
0.07614124996995937
-0.05949766903606898
-0.06850695389718665
0.09311932200060039
-0.14633900544476525
-0.02780365134842486
-0.025982813020770382
0.223606264671169
0.1862686965504261
-0.0006567865275004994
-0.18228240334036594
-0.14655681544135085
-0.02923339730197565
0.163665219410003
0.06474439009084845
-0.05951451049195221
-0.05496671151619442
-0.12865838022955828
0.11973651490442622
0.0384894140941025
0.025487649466456097
-0.0702736432059009
0.09281216078798063
-0.16100164742811884
0.17421319358886042
0.07276458658577063
-0.0001214529458583441
-0.17534563036423814
-0.015514859726161375
-0.004379521919799068
0.04330955448228399
-0.09687116505938846
0.0472846452260276
0.14963175736851927
0.03152612488409095
-0.01516346123814463
-0.08745889923615323
-0.12451577299949126
0.07456979381674497
0.09362200617883323
0.01821828301471242
0.0799318453178497
-0.24975314185916742
0.09431905193989643
-0.0075002358171902175
0.08698532395454273
-0.19320451142034975
0.14414801908449643
0.006590979170823629
-0.13484167183911033
0.050487098549976
0.20384931726590205
0.003254250966382108
0.019225695697832803
-0.1951246105877168
-0.04029268866186951
-0.06782783641212058
0.25916968586161626
-0.04543359643977814
-0.00012038512637390503
-0.10162041727711164
0.0880882334829764
-0.18217654622491847
0.0441402143784796
-0.008991576284832178
0.21854326730924797
-0.06234483393980232
0.10059722325026464
-0.13551060524964084
-0.11912104077415384
0.14151525774659074
-0.035732229318254566
-0.031622667308732366
-0.025258119387695996
0.06298808693339007
-0.05838571599956829
0.02155144814741899
0.03634287799589328
0.2100299105276975
-0.008624985958724355
-0.06797338962474075
-0.1857945323108395
-0.17108570368493894
0.15772681340606978
-0.06680263363178025
0.21285995253094392
-0.01554825623875869
-0.06125636990084454
0.01104929003916122
-0.11465203671318322
0.24450796685247728
-0.06192259484739887
-0.023677768473269682
-0.012474805894922902
-0.09186547183030977
-0.09860822518320232
0.05258385020701059
0.25020784180874134
-0.02144215958837689
0.07303416108244427
-0.13885965515433407
-0.1651949882555173
-0.05271154700551947
0.09179404854792325
0.2584744960125313
-0.18028452853487845
-0.15333558414106715
0.03806375938989175
0.034811563998351586
0.2881466585785664
-0.08226433123363039
-0.03220957029627452
-0.089422172319178
-0.10751932695432935
0.27448338844560827
-0.1850059508535618
-0.014697165716156861
-0.028792459619029077
0.10659572495077707
-0.13556310938268945
0.13505339432457575
-0.03775161979118123
0.036349916885272
0.062497731141238896
-0.1853986243707605
0.05032557242679907
0.11551511234840224
-0.07211763029020092
0.035413497082704644
0.06382873631740424
0.004284883318647251
-0.20365855760986343
-0.04581727793582001
0.042717591817634674
-0.00038673889837227346
0.2478714338803064
-0.04986888918741711
-0.05402736256645651
-0.05679970565536628
0.059802647347625595
-0.0691381380487184
0.03522092665016738
0.09432111284243754
0.05528821503400576
-0.17928497196650833
0.025134133565424835
0.024549730399964054
-0.07476973017076789
0.001385160549774618
0.1071128735548532
-0.03535599983054259
0.01780029643888753
-0.07919838601882112
-0.06023287251909948
0.20979848153552644
0.04254485934643412
-0.060589389054278714
-0.17761142503983698
-0.059103420872116966
0.06258122190400373
0.076386196856597
0.10222076696158566
0.025641358670573718
-0.053057256345626386
0.07990040304618602
-0.25382066055559543
0.22058801814920848
-0.05832428138373895
0.128269642605558
-0.089904289447228
-0.22692020845427519
-0.011081469172571405
0.0901153410274279
0.0750838858098374
0.22762709102955392
-0.1599828693427698
-0.007796008161821048
-0.07799886260847559
-0.08039628594176221
-0.12615226854315612
0.281027653798229
-0.04087754404997547
-0.06512105983112565
0.19251845615515847
-0.051373306026528204
0.08467386218793231
-0.02615846788125377
0.06481524655545345
-0.2204198979026261
-0.07610031371565233
-0.12570519607441305
0.08671499981644817
0.09551856249883861
0.1690028491031073
-0.12054321943106477
0.004575008235714845
-0.10183304241004454
0.12636576109159744
0.04137292373737596
0.035626152923292416
-0.04326998584779413
-0.05611298280523001
0.021281425160437066
-0.0746761427478678
-0.03064973603745564
0.037555836390064934
0.10214644790624032
0.06160509151250042
-0.040189295833522674
-0.078713308882336
-0.045381193684130114
0.07192578425359436
0.02601471773402476
0.0330897699587264
-0.11570873323319304
-0.017006301266442498
-0.08542839562774238
0.15500302656264012
-0.12039973755520762
0.14144136667285337
0.019719848741222144
0.10302626874242139
-0.05501993513293491
-0.09003455421249408
0.049420330177303344
0.045902476919537284
0.024333267460541617
-0.2629673998813112
-0.01240318973227384
-0.03570260700862443
0.13413586149816015
0.06272714744121484
-0.00157543225181608
0.041429210807793417
0.11314979341136013
-0.08192774815977327
0.05810863611871772
-0.03340780304365725
-0.12492550791251052
0.10403290871686073
-0.1745474384796711
-0.06632501923640682
0.0009318016812964293
0.15491716410653114
0.09700412185288868
0.07891941889230841
-0.1172705825925085
0.06914805860007237
-0.1926469262103601
0.016450267447955545
0.027597916668383397
0.14079366148512987
0.09041347289405441
-0.2833637824532937
0.038926408672423675
0.0789361857400126
-0.07304554527598991
0.26619400511681945
-0.23087463974326825
-0.1138343714807663
0.0024147180254874296
0.05235222668678181
0.024972897257376333
0.08785733045056107
0.10736276123131341
0.011413516517562162
-0.13861115131956986
0.04408738410853642
-0.10083045011146421
0.11026932473466736
0.04286444438424353
-0.0924389103844844
-0.0834720410900126
0.06112596837967135
0.05666119423844442
-0.08618126770369922
-0.15088691755095174
0.28137420725092194
-0.1081998495489197
0.12293383990659248
-0.2194487602529013
0.16406853473532285
0.004909534318798273
0.12292104534741244
-0.0784737453465843
0.04041555033021087
-0.2127307797397431
-0.005958353106751793
-0.09268250659897867
0.06920588054334328
0.1929406166384543
0.01324000267802025
0.1751546416917406
-0.34017223582906864
0.008713149891549482
0.0602698661637336
0.07773798576659846
0.007199517749291489
-0.045980531972649084
-0.010142675845794641
-0.1186144747274416
0.046484149753347394
-0.06083886431373682
0.1591122676255825
0.11215169292934002
-0.08387965220223742
-0.006625609493716447
-0.12110605430328533
0.09026421832970905
0.012158777147113352
0.0564621105828979
-0.09921148234263387
-0.1933547121945103
0.10930459385125287
0.25599263840951103
-0.13215898302922263
-0.05313064059444436
0.0077155625469662
0.0530944279725954
0.113776104511489
-0.054786909286443294
-0.1698274217511661
0.09862468955080304
0.09648480256734673
-0.1494563358086255
-0.056452275829237515
0.025787675404963784
-0.011084147866740423
0.0041586086889943245
-0.15665135075102674
0.38098137574625557
-0.04587155248557845
0.14738928408069463
0.0727248154180259
-0.17042038338257537
-0.21262730279847228
-0.06687375942581847
-0.045238166607545656
-0.01135232861826331
-0.07605457497792356
0.22366386164067684
0.13753680514411215
0.021488578548537335
0.2191715186043236
-0.09776023560994573
-0.1841140847240642
0.049190197303041
-0.19521421609901776
-0.09519505922687235
-0.09275056090903541
0.1264610170812423
0.17537505763966063
0.18601021053157302
-0.09913407096194926
-0.04001976200443266
0.00071440697294501
0.2150004649267191
-0.19145234854274829
-0.1346181636865315
-0.030979923516871677
-0.11481448990715856
-0.027781440080678215
0.1847543484146296
0.10754439866609225
0.1428810428106551
0.004902735719443906
-0.22918684262758454
0.09198363678294241
-0.0020643332709483486
-0.07959710076244175
-0.07573646051146515
0.009170528493332868
0.04992330067558567
0.018133246408052008
-0.09428667597777043
0.1974364316924049
0.04421104530679031
0.029380844842076054
-0.11513902961550695
0.02594194740933922
-0.15493942411477518
-0.009093009182381775
0.06677286360149717
-0.03955265332426351
0.15722656963763024
-0.167958406339278
0.1282323655930256
-0.024595255040647523
-0.01346524012030019
0.029025132034352273
0.1574603944958424
-0.06767617765287869
-0.21741122792473652
0.1877189593973553
-0.1321713369920912
-0.03606255520972476
0.08201041877387008
-0.0489095206902684
0.02589341860214483
0.050796661903202214
0.1082836504375978
-0.1847148250416874
0.010825867066218754
0.1322309579765142
-0.1614839493315253
0.17242991847561007
-0.061833954064321774
-0.0913317316120712
-0.08208933797604756
0.14686045839665052
0.09778032093694097
0.060512481035880875
-0.12098478743890201
-0.1266224474228526
0.08278961994482031
-0.17016723625441266
0.27440615234743326
-0.06353346008217484
-0.05251035668750713
-0.09817925154558743
0.23358730264888986
-0.03500735762566857
0.05547885038414463
-0.03224953497872311
-0.18461647162497674
-0.007009195053522805
0.14110185767112116
-0.12246297876150192
0.022226476373398082
0.006853050474139782
0.05262363763207834
0.12859568777915967
-0.12096729978479771
-0.10930365988674962
0.0648099782794272
0.131167159106852
-0.06516409201437295
-0.060404487062212076
0.08925428890528028
-0.10523681358834247
0.04615517034186914
0.013221362181534134
0.110116764009965
-0.01481878962642999
-0.05006209447433553
-0.023546787989002713
-0.05506146732346118
-0.21662979458297432
0.08849348263305082
0.10817123046510656
0.09386396799380672
0.01654176265809879
0.04960329528118882
0.014353954215752836
0.002884498193870731
-0.14892558506729683
0.03852522607780094
-0.010417808717116478
-0.14968508506481396
0.032391572179872784
0.08024440057872388
0.16531152572552105
-0.1445121580361642
0.058501840031116095
0.06891438020554908
-0.1467497078513841
-0.02331471952122954
0.1090870008803782
-0.053628165300998204
0.09714560980793216
-0.05386850528795399
0.02156877630226727
-0.07961307375971065
-0.09602089869900185
0.2263163258868877
-0.04268587153398021
-0.08188310102046431
-0.1882651365355415
0.181221702386207
-0.039753528193146814
0.05359449432370012
0.0837939871210758
0.008571552271333403
0.06492325844656735
-0.00354617742498085
0.03427688421085501
-0.17916659607072574
-0.044636994544445
-0.12935527223134505
0.03584421684298714
0.1568772148143151
0.0007894852234116984
0.004629511756271833
0.11885693107556732
-0.05636446571731166
-0.04318231684034716
-0.03729483163464703
0.047948893661286435
-0.02177066008919655
0.021767768274316056
-0.03946444371192409
-0.004901071130814182
-0.005917685538294602
0.03228199135418623
-0.18329418842580533
0.17725170907465634
0.07851281804369972
-0.04349330352700421
1.1530574237129249e-05
-0.11875026109615146
0.07747268133484123
0.026043543525442803
0.05010156209384608
-0.12252942175490703
0.14103702433859572
-0.22584533520529945
0.26052489125853096
-0.038604190625996085
0.00337606933274176
0.05998130512365099
-0.17940361775429303
0.011032733857344556
-0.11875932718628904
-0.007235454186068566
0.10048576299258732
0.0928857940016269
-0.08669327914406058
0.0070217394786092485
0.11208963768366195
-0.03502583849560413
-0.020823148248750884
0.16129024912225307
-0.015849178899637544
0.09820226139037669
-0.4212411168534791
0.009837354813512928
0.11258191692019287
-0.14287532497459454
0.20195888176581359
0.005920346104913089
-0.018030267424622576
0.08549421069480309
-0.003246642851433352
-0.1055308102602459
-0.02217420228864575
0.048455462937084706
0.062011629126314076
-0.053124872086182634
0.062194432970836794
-0.020113797624649828
-0.14098588181072064
0.13342531731178456
-0.011139847419655081
0.03783477568684078
-0.020705237856458836
-0.062796180103996
0.07123327880174762
-0.18457665472298831
0.04790075824771807
0.09565224710607485
-0.051744687243097866
0.09692837957716566
-0.08145503291500739
-0.007407036933269669
0.15636340027421863
-0.027067425978526488
0.06652253650800846
-0.13785101648648262
-0.0036108679606859555
-0.19392286936908498
0.14807456943136485
0.08363519275588079
-0.1495106335885997
0.11168507889948241
-0.05863999662323155
0.13484612082267092
0.14862057323665118
-0.24835749981527244
-0.00886179925559643
-0.12597369038669576
0.111348656957448
0.2261639187636654
-0.20893673683973163
0.012631582434885392
0.008436845305706715
0.026902601321132185
0.04382221653269529
-0.0892343705026396
0.16876282187697028
-0.20161106414891833
-0.08371774546095695
0.11896509555910426
-0.03826783395589613
0.11042612782301746
-0.1313096692898912
0.031490667640102145
0.14580254847720306
0.01941299001633091
0.015307909902647729
0.02738789460776224
-0.07688220113585498
0.019328448616518282
-0.3843746455642674
0.3397839806044186
-0.0598459124585688
-0.0980384010325301
0.03608721095451627
0.015633161900065397
0.07652011422839736
0.07657243323261298
-0.03272444925422045
0.03303070467549574
0.05832324465707457
-0.03309803790614823
-0.26112999791916996
-0.031161767961184066
0.04084785906653056
0.1439824536195003
0.08792413626631909
0.013824694205420117
0.00011740896965935048
0.007979052408382026
-0.09318377874551356
0.01881474046962342
-0.03413434662432169
-0.16172093463729548
0.19912938243151798
-0.20383666842127973
0.14504468164336343
0.005353088647950354
-0.030788829768169063
0.2954960410516313
-0.2168605700126867
-0.08662177438953694
-0.028226694690535542
0.09461057768226296
0.020164068590099227
0.23140165820335173
-0.11030734486691675
-0.11145033124291438
-0.17174781550383428
-0.04775182744769267
0.13458385789408367
-0.15705716738695105
0.3705542035011751
-0.11595337229763772
0.010605038211431073
0.05417364677967604
0.010167442307743246
-0.25100295269535067
0.14964928551307508
-0.056770577579250206
0.058293550275356064
-0.02392500435869798
0.08132099859424963
-0.10674122712982027
0.07777814005404558
-0.06759529227578139
0.07881890601060551
-0.03562524874362663
-0.13194280216509124
0.022046472483627476
0.16415794160463656
0.05574975536644029
-0.049383898475955326
0.028597107794069286
-0.1583014279120471
0.004707937615147848
-0.07260785265129811
0.051810077238990324
0.13082559250062917
0.04665865084501349
0.004595461924615394
-0.20329110525167665
0.13599451326266468
0.06656937284867592
-0.06283304534760441
-0.2113527437863081
0.05475962430229482
0.28566991764270006
-0.028813033941704452
-0.1931715213174701
-0.12315650048151162
0.08336411633276622
0.13329882015482322
0.0707974088030355
0.004288752804743293
0.09784816592677684
-0.24361543874974043
0.06599490274682408
-0.0339028692734796
-0.02758749697514102
-0.07062761039067927
-0.06498405115297462
0.1557050317110338
0.08460681518499755
-0.07237362847450943
-0.041447825234164175
0.1207639444018802
-0.014961744043153015
0.07884821958242882
-0.09637844397286245
-0.12584922042614166
0.09220138919312754
-0.07907976711719293
0.20316159636295145
-0.09289408370971719
-0.06798809001801832
0.045545999401461784
-0.19528642660032472
0.15240060574122008
0.04230446385722186
0.019089707864793058
-0.06123799752065899
0.08333012192686184
0.02373683557605618
0.15389775200247735
-0.13410687739074628
0.13802468617999397
-0.24374455668836953
-0.24884500876983628
-0.028709305212691025
0.14300737164740845
0.059038816297681034
0.21976236070394478
-0.08645518575128877
0.03662843975326585
0.048046905972057324
-0.04175399709206784
0.0646507211373173
-0.12317566808859559
-0.12911627924848199
0.14466535765490218
-0.09161387332256413
0.040781097362391834
-0.06693202189096407
0.07819997869747705
-0.005528278002788722
-0.07689968024689399
0.18267542139605633
0.08369986502945875
0.04384867676610185
-0.1939231138960653
-0.04890627561422235
-0.23609116093095006
0.16224173617579404
-0.03143073820075765
0.2066540477241603
-0.05654519990037808
-5.961967538158433e-05
0.08275397522416907
-0.14411933916263833
0.04717471176135047
0.08273258418170676
0.06910505444688124
-0.08344103721426793
-0.05717814048671788
-0.06472913402958752
-0.02989493323613921
0.03182718486592221
-0.1253470801156869
0.165685075950071
0.044714286174323
0.25538595316174273
-0.22463309868461728
-0.11709328871057242
0.04856830503921968
-0.038078578440609204
0.002509068961222421
0.010260289502683779
0.028317270075155884
0.04650011106959854
0.027335454528513957
-0.01727534499953979
-0.1334110044225553
0.3088378295935568
-0.25919571819061554
-0.07903262958109283
-0.1109020863128944
0.23479803646793768
0.05489953687616577
0.1568972577034451
-0.19254147545252043
0.05199721516635994
-0.11521001911295842
-0.06652732761889109
0.15240527033452403
-0.002328354499861138
0.12906175171975717
-0.16523201944527166
-0.1993826440031652
0.10255780552673227
0.05345243383628223
0.021300418171055872
-0.08959196753349116
0.19014657944870877
0.12903466346233775
-0.008166532968291014
-0.18895492379771256
-0.17636920164119818
0.1258685846696158
-0.025878599977327763
0.11753173649473807
-0.018081033097184666
0.009585912848150555
0.07071475775474824
-0.22148066672947395
0.15388330802428046
-0.13859319644690865
0.14652109457449672
0.03129573295120085
-0.09646046371674388
-0.07652518553202253
0.11949044227791364
-0.08900920975191236
0.14334876371819422
-0.047800048526248876
-0.0006755037904499321
-0.05096432785812623
-0.039591711601705125
0.04321605862413775
0.0839921957250956
0.00799395658593895
-0.08672528668381829
0.11198018975036028
-0.16449251266562848
0.1357896611414212
0.05389994333390349
-0.14000880855268827
-0.0402311723310802
-0.004490093335083406
-0.056910291722019
0.05391943239435395
-0.010973355455178229
0.11828979829375191
0.06996998501909653
-0.03237670200210596
-0.05099261329530849
0.00613469835511727
0.17619502485429792
-0.1410397239556453
-0.027518728362461515
-0.13421581921658984
-0.06977828300290204
0.05630793036201906
0.08713332810966426
0.08164167621167234
-0.028827102369604438
0.07579969061087696
-0.13457974284791502
0.006980100817278706
0.03425999961670786
0.04029439422238789
-0.033381615675858914
0.12355476624599515
-0.19934283803543904
0.07115211485205047
0.0006781958676898943
0.0536751194556116
0.001882953620704727
-0.1926987541948226
0.18179227047277807
-0.10882217307415323
0.13247089706447074
-0.076833794331972
0.04471353114363498
-0.07527355682125074
-0.060492194564875305
0.0583184891893368
0.024060213981395198
0.0622242386370462
-0.0002755681877672565
0.023823810480247846
0.01661202034015103
-0.07155326377828113
0.013336936859988907
0.04182962036775554
-0.14366848783555675
-0.03203824092044341
0.09881990415829954
0.045176871459138845
0.014020385080455187
-0.12150225280923736
0.13528674707563662
-0.10665366323456724
0.17847223596740208
0.09661911049765984
-0.30159094645024676
0.0401179808543249
-0.18996361890547306
0.054683170605605416
0.06555335629342522
0.17754985015446523
0.12164614450616539
0.09651980984255185
-0.27176800841679605
0.019441047402616173
-0.1728429849656606
0.03693081981633285
0.17248405402943734
0.09716773939979093
-0.07747049946073978
-0.22769843836651682
0.05447621080097102
-0.13438179581163776
0.17189904604714226
0.10552092028442653
0.0603662229697145
0.03930178517935272
-0.03383105967866474
-0.11368131983869753
-0.13426030319523624
0.044141183591140984
-0.06612332212754177
0.11212296921983839
0.08389819708903566
-0.03452217612782879
0.024020994020189985
0.06222951557324953
0.02323482968048568
-0.061672215828311346
0.14401195615627682
-0.0724013039446857
-0.1750646644481867
-0.18098397709266842
0.20145803613587077
-0.04081945232096895
-0.04728405639804214
0.03633329361073722
-0.04813634977521573
0.19323743092932918
-0.03771653337409125
0.19523636910706288
-0.1153918340805288
-0.09686073798798168
-0.030593614690392897
-0.0015042512654972542
0.04029828243756661
0.1749080460879591
-0.2620294607838631
-0.06126880872291475
0.08838011592166894
-0.0853934784490247
0.23213435933668058
-0.10715065822905835
0.052306010347653885
-0.02875844581695169
0.16292633091356595
-0.14753642918625126
-0.12744220402882261
0.1414179648914049
-0.09634848396270768
0.19868166383369984
-0.23113241381854366
0.0759195174120517
0.02204532422844286
-0.10041454470732573
0.07932719261493076
0.019388542200788113
-0.14475967868997294
0.2109653560325259
0.096223563183525
-0.13163460884683004
-0.036582972386767124
-0.08309830700525406
0.15299949398488963
-0.20454520774594265
0.21648056088994116
0.014841102836042484
-0.04176082672512799
-0.06830924841810616
-0.02579711184060592
-0.0025635227630336366
0.0403256860266599
-0.12446380899973311
0.18655934977633784
-0.005288739890184976
0.02953623511373007
0.0025291364725369397
-0.15538799866319375
0.041615195340823086
-0.062271261399561226
0.03784956402348183
0.08124853561658092
0.1282938803287417
-0.12463712829287958
0.07837408470245012
-0.0032134893057863614
-0.2737701025614016
0.09012653406770928
-0.055847623174723526
0.23331304251648904
-0.06610681702729204
0.024620009457722258
-0.05061489018665494
0.17170914010149294
-0.17584194710122217
-0.12536841835634321
0.1211238686530628
0.0073034943526244095
-0.07462098814662711
-0.010112987371127237
0.011895304873213962
0.036770753055578906
0.15104330409256417
0.1065548889118465
-0.02898766834542294
-0.15891702799004587
-0.0767964558058549
0.09401016018719938
-0.1784356930731604
-0.01632290568384368
0.13426453315623627
-0.11628848643776273
0.03213644998678354
0.06451121952328129
0.2806199220967178
-0.0577015365500436
-0.1382057817650861
-0.176971486795849
0.10158873594425219
0.08805851950612283
-0.07000312713292732
-0.008110416068893175
0.08058496802903492
-0.14629992485727095
-0.05844852177142956
0.1584939525216764
0.137005595666758
-0.03953896652935783
-0.09527676468117298
-0.20142024831390573
0.18780526018238902
0.0298869346760442
-0.03796879219677409
0.02206067775283937
0.09902172255446942
-0.028218557105484182
-0.2211697131771835
-0.012881867038479072
0.10508843828965071
0.005289993891321578
0.11064781528527308
0.12231177903218124
-0.08059238991818028
-0.24576009931259146
0.2078025566554147
-0.22345404192710988
0.03134092180808837
0.11738926687004393
0.08711349527467428
0.111995261159583
-0.24343148975923767
-0.007577825765464098
-0.016163839303546437
0.07989126313608849
-0.0013994135693963967
0.012632413006020048
-0.02637930888443616
0.01076625866159777
0.03626135329476933
-0.057260462477920396
0.018530529406128166
0.03644444465528313
-0.09526464629519077
0.07032597351669406
-0.1433149770560588
0.21440356652477063
-0.059388825405765684
0.09470767596772868
-0.11001010340399306
-0.002996709093851096
-0.01658436152148663
-0.18449067287635446
0.2161091430118393
-0.07161637402695087
0.19561761105225917
-0.11570720297772576
0.04859998182136236
-0.128406056922907
-0.09231916933338952
0.03802545039025331
