-0.4247041901270529
0.6890278576763237
0.7538582593194848
0.49382367963711454
-0.10754454483913342
-0.7252262658799671
-0.5953881553489607
-0.3752574107684111
0.4107133831138152
0.8610998056809758
0.7669446897783989
-0.25041401170232497
-1.037343622849276
-0.8300891421751746
-0.024243671131765718
0.7133747697249244
1.0644248977529573
0.30373157327041567
-0.5672213804603787
-0.7249103178359281
-0.5563465914795235
0.2805148129676593
0.5592885492337865
0.36245191311479547
0.003114651823330053
-0.1760504675088059
-0.23965300637582893
-0.26181538888817424
-0.0996113243803842
0.1393494123838118
0.4129914810176034
0.2386621293911243
0.05082626297671068
-0.49540892276349285
-0.6093696673565563
0.024772687121692373
0.5708861195013475
0.7437245530049096
0.08936189170081643
-0.6409401250322305
-0.8281373114343937
-0.38723058558512935
0.6332674001690307
1.2227614504388533
0.6245885528704403
-0.4488750167699272
-1.426750799277424
-1.335148546205336
0.2463766304580929
1.715001657884201
1.5863708936909788
0.06576119773529784
-1.4609931005123795
-1.9118682203696353
-0.7119439893362457
1.5064775665989822
2.26363720118632
1.1366751856580004
-1.01946614649083
-2.5581073230650535
-1.7415687359123535
0.32009287486236593
2.3516483086210576
2.15805017818517
0.4548465946833318
-1.7036479526061803
-2.047002048768042
-1.2790384960029024
0.800172133557682
1.756148411302618
1.8574587467448875
0.4336209829532814
-1.3256764741678773
-2.504741591102808
-1.3986484629158882
0.5463856115362796
2.6750655330439206
2.455764488134598
0.2596167651110754
-2.2985446122601894
-3.0316911393255426
-1.094228767196653
1.4464950859359904
2.8792979462527413
2.135942202993717
-0.5179956726280839
-2.4656164812776074
-2.871871800170587
-0.678818048071647
2.1742710670655803
3.346783820802344
1.8004432363713765
-2.0306775280580567
-3.194402784390268
-2.249708958843919
1.011040235020376
3.015909315955433
2.1371734199110226
-0.28262334840613657
-1.9101967919983938
-1.6809922067811416
-0.6966620605436993
0.5419525082801955
1.4643736967373278
1.525551714300692
0.5394189629519298
-1.08549514576268
-2.2482150764351254
-1.1246527475289136
0.6565518378747717
1.9369701664522563
1.632582411780037
0.20438398779748612
-1.3351019875216301
-1.8933182012492855
-1.1493826274041772
0.6163247220950467
1.7958346523530555
2.247452184442935
0.3900926001974975
-1.9818932104654436
-3.153404107521735
-0.8433279444260697
2.0052504395524795
3.2968433717391052
1.2898322718884532
-2.0294781810907296
-3.162061825012553
-1.3625421008371141
1.3983764639137466
2.8477189067923816
1.7823416611058638
-0.6132732127210868
-2.6380442406099456
-2.375691269625327
0.3414943301090711
2.579945073410617
2.579935139345059
0.09594390387770035
-2.5838147794715667
-2.7098352030203476
-0.35068088625887217
2.1301060415403237
2.396826700504494
0.7905505027753318
-1.0241499820733329
-2.121448839834235
-1.4999554870992675
-0.06028614609354943
1.515464887950378
2.3556187916447087
1.1175880736271193
-1.0361939980802661
-2.4669741745572042
-2.0602195109314296
0.1646561519705323
2.2183931046451426
2.943369795010631
0.7856647313203908
-1.8088598415263624
-2.9112034283965524
-1.9966682429000644
0.44497367875210914
2.8693721359223083
3.2513216178343516
0.755637261650533
-2.7888838400347424
-3.908872056670809
-1.2173612378788694
2.1383958929722304
3.852790723364696
1.5409642780541382
-1.32156155413503
-3.0383809737356193
-1.6920432727043975
0.6209002817382243
1.8533236314898753
1.1915858403523245
-0.1517308035400101
-1.0983816497573384
-0.5675752957029765
0.8519167175661772
0.9965804517696719
-0.5249162229987651
-1.701075068647564
-1.1851038712136943
1.1795759211331514
2.472146492941746
1.9105949656119117
-1.4786806749032326
-3.4401234091879465
-2.1568631367960878
1.3521144275593087
3.26700362786261
2.166601670826727
-0.660383387174506
-2.179632911935377
-1.707824897826624
-0.4306300054618708
0.7704847310370001
1.4272265591221107
1.1024867548087767
0.2132725559596022
-1.2664520441588893
-1.288370539321799
-0.0935457564932039
0.6438994316204145
0.26307259284388307
-0.1265267387038808
0.8102503998504542
1.4702214694615223
0.48997826561745866
-2.6278485241682104
-3.3330759428352263
-0.8082221882274763
3.5202281217010842
4.514114172094064
1.30294598873308
-3.1221881743809416
-4.913566423139065
-2.2109101420911554
2.364628676067088
4.270616041825262
2.8771356751045305
-0.599137088539188
-3.112954046575168
-3.240164467278727
-0.8699223331603343
1.630500815442254
2.68584681067712
1.7440575604537376
-0.8955919075523124
-1.8538256459117062
-0.7412246897685448
0.5843152360482883
0.09958143279707839
-0.31989719347404155
0.04936546722432501
0.9769003282123722
0.8445139477520632
-0.5396148054950867
-0.8984052357475542
-0.6612105179658204
-0.051565781972507316
0.6482558813792256
0.9415807230331286
0.34022853084089755
-1.1789940160408867
-1.5977452956175857
0.38245004369098523
2.2578874591903793
1.951366317261598
-1.1842146441251074
-3.798213073977956
-2.258254455828579
2.5982423902980667
5.497675651480684
2.6744979513677523
-4.702620518008889
-7.675171477801343
-2.0155385382235194
6.313746808395686
8.277515265973339
2.2479867743071686
-5.543871883313979
-8.327576228002334
-4.680534874166433
2.4523973178716796
8.638615328649278
8.916266020412461
1.5690180910176321
-9.124245960482822
-12.180068539130872
-4.367609048546976
7.371318112204578
12.133746935713914
6.346879973414159
-3.0220437046681266
-9.11168793728477
-7.497919809826534
-1.7695855236924434
3.720074356855208
6.850894166125582
6.655960924321912
2.5235935770970004
-4.855124567439517
-11.130344915681205
-8.921389312441647
2.974058759480548
14.252616571210451
13.298278099834457
0.047051344709466925
-13.432346618148973
-16.200161879879772
-6.636636777939627
8.75367507781735
19.617187122596178
16.112941453236328
-2.9635647497925195
-23.59587830331379
-23.811614753281173
-0.18025309377083243
23.606078479737683
23.356758001207506
2.17649730106261
-15.508255843725022
-16.37038807444324
-5.44909062851635
4.900528447550581
9.305541430097431
6.047864561467962
-0.7622471944933278
-3.8880037382204287
0.21637810674602453
3.922922308383083
-0.41139574407376417
-9.359214435640938
-10.867584859121532
-0.12159927963442807
15.632725816315123
22.932471764464925
7.4645549740687205
-24.92872164434447
-40.299318492739914
-8.759489671088149
42.763715750916674
49.40708871874303
-5.663948596810991
-54.66034918922051
-38.50444372760645
16.50233777015518
43.74455779713468
25.814610918097898
-5.2955946882171805
-22.290821346532343
-24.410436469943058
-15.223605483134904
3.064160812406617
19.03932414943945
24.404426825818938
18.94830474132715
8.508419790992507
-12.336766528245219
-47.071936396988434
-65.6193144712943
-24.47168009833346
78.79320572739039
165.15975475524067
76.19113560819062
-184.207595147941
-258.09261803085
26.252427317353437
248.51117949614874
124.22459693438608
-72.76598447926108
-107.67477579539904
-48.828041953369315
4.029749921983232
26.734441460291855
27.77785268796756
21.263934859397438
11.686164255598442
-3.569210587543362
-19.922413688397572
-25.694218926689675
-15.800735254809453
3.0924142494016658
24.24744927517435
34.758159865195864
16.199449845542148
-27.16288028879607
-52.44945242217846
-19.41756626324087
40.93966834813859
53.412289016685136
3.3950054845713744
-44.266429907141934
-34.7434257207328
7.152328101972202
29.01341843834333
17.523592899905427
-2.9237639175773236
-12.666593297985177
-9.86061435866736
-1.4467596498897874
4.893227820637464
3.518652161731209
-2.226356387441544
-2.52350167260846
4.263625977775773
8.370689699377431
3.9570082296162665
-6.280299521684882
-13.433882813223049
-12.132425643058724
2.013299565343862
19.15667045554088
22.428619601552636
2.4944459108138037
-22.703564046445095
-26.377999750365454
-4.709608304739805
18.276811975417274
22.32038330497915
8.53624850074445
-8.448627581283773
-16.53641864648995
-13.071607406046196
-0.22205724354877587
12.532029608892685
15.176352087203226
4.260319305307342
-9.031013478174966
-12.729703447890923
-5.703490194415875
3.9586863373161707
7.824868924474676
6.334830029631958
2.3996624444060566
-2.7344972119282023
-6.636052357992128
-7.652875308634283
-2.552978924813072
5.891521227974882
10.795986836579324
7.131900046382925
-3.565564856049935
-11.677592984277393
-9.568993420834612
0.8002717333985959
9.680917328895267
9.418478065273234
2.1855371526357903
-5.499296549003623
-8.113949050137121
-5.3156684142598625
1.7396173345845183
7.390785536349142
7.061551115694203
-0.553058073873968
-7.477659869866226
-5.887268959497669
1.540675421131491
6.152052048568977
3.5226689943662164
-2.060372682408525
-4.377952017521241
-1.4897598335457034
1.851057067438254
2.769077172027773
0.7165519102552602
-1.8214388370806565
-1.8016793026296412
-0.06563148388327095
1.4019845373337472
1.0493646654863853
-0.09147765785784087
-0.6370152945482374
-0.7073815397039569
-0.46242231080509494
0.4718651634696012
0.8977653527715266
0.2928180948040933
-0.29329546717514343
-0.4411582089802395
0.06532155230201202
-0.062134862272972796
-1.0722868787497637
-0.7876783591246833
1.0281721411008222
2.476774814335596
1.525729616256888
-0.9442245324564436
-3.052189310260953
-2.6561811945141014
-0.261327555282754
2.582040245213058
4.013258339750415
1.9625367249495254
-1.8880790515679298
-4.58567144809177
-3.3340305133747488
1.016787467754252
4.38757903980229
3.77486596407042
-0.40733264803726177
-3.505324136797056
-2.929586489706211
0.0231075866956873
2.106625807380296
1.3748901051592306
0.0065237604799116555
-0.5210258895154579
0.3601585236885344
0.11275225582662951
-0.80130091410207
-1.4830143920214656
-0.37173197787782286
1.3346360999919675
1.6644410748071583
0.6675812414484947
-0.465615829879767
-1.4966534662236362
-1.8780546599133845
-0.21195569473235906
1.3485816698859994
2.7957060515195993
1.5064276744825393
-1.8778906639596817
-3.2427726205053524
-1.764083310544576
1.421888740679931
3.0175113405863216
1.511533165413497
-0.9860525030291072
-1.8994857295990766
-0.8063168004014303
0.6788083416812589
0.8538222064088349
0.07671756320859036
-0.9686331532940425
-0.5034519925505481
0.9262487844178016
1.5408530175361785
0.6528968140162051
-1.426469512637599
-2.5065255545172294
-1.1761588774638616
1.4739993873258892
3.249140793142885
2.17587800934168
-1.2459336290505285
-3.7363679442872697
-2.816016425262544
0.5284768483237086
3.3315346669633135
3.226765238026355
0.3992407071762185
-2.2643882861871476
-2.8226683672931996
-1.6368665138096214
0.7484204374489389
2.807694866488792
2.2577060015550847
0.2888180842016138
-2.301075583225652
-2.5797898148055562
-0.8247300643099862
1.30167016799799
2.10011452544213
1.7101946433770263
-0.17762840620500128
-1.7247289462920068
-1.9617072793911243
-0.8822465755834975
1.1491418639422417
2.1741607616906116
1.5804228176167574
-0.47040736443419284
-2.146658827453006
-2.561434896066567
-0.13016243244766237
2.42992194563472
2.9351294702711117
0.3167008980299898
-2.1996639267170357
-2.63721270309454
-0.9341506413052973
2.0147399940428032
2.725702772222389
1.259326780686795
-1.5390477290236184
-3.0464337555879983
-1.9111054331799369
1.0944166285365777
3.1375344890169616
2.2490121938683756
-0.46728626850950006
-2.993161718277158
-2.1377121546935793
0.18844720809315377
2.039724433513116
2.070724865004147
0.45252307747647896
-1.0144614270392447
-2.050159563330352
-1.1874343480621752
0.11603781439830967
1.7516124078390805
1.7945025826164884
0.40793603659807376
-0.9737210165962188
-2.0538646334256985
-1.1125321889243602
0.5698976174010293
1.5151250719614004
1.3920671542385803
0.46017479189062804
-0.7811899438556758
-1.564665393966764
-1.56559350091728
-0.06578112580450764
1.5931196144633033
2.6283615932345175
1.0121294349400016
-1.773003418918722
-3.0948465046602442
-1.7194181922030305
1.3633614384620614
3.364760844007067
2.0943730459720418
-0.6534303754497611
-2.923685458787748
-2.6099824033987518
-0.22222312296915603
2.204335781838093
2.5864546452097636
1.386845153424618
-1.097287172339938
-2.6969600091640347
-2.122471365497192
0.015429794007655151
2.425147626598961
2.525858726191435
0.6862581436438601
-1.677616531548673
-2.455108893371128
-1.1978111847294803
0.6399767193473984
2.0319108480693635
1.6034290423178459
0.5155985026861039
-1.2559680158905435
-2.178483875260149
-1.2246728886425686
0.47219804926924513
1.9892080988791485
1.9563284279298163
0.19503507915581222
-1.464953232153513
-2.1890672603357317
-1.0934409012941162
0.9350462755140414
2.3478656305451593
1.2371823492310043
-0.21914872925015874
-2.0096636909603953
-1.555951867140309
-0.009486644674990108
1.7019144916904676
1.36477333472024
0.4417216808306066
-1.3122022265967677
-1.570124224910286
-0.52291656079881
0.9824952546504107
1.1659428059327757
0.7219950981001114
-0.49200266535762816
-0.8295617024968807
-0.6658397832839045
0.18456166322552348
0.6334771613425167
0.5816279779588929
-0.11741758640054636
-0.5675962284602479
-0.4948406047677266
-0.039936654037053154
0.3757293772524709
0.456793015797193
0.1398719410938734
-0.08876852752410434
-0.2934523108183916
-0.2174015025524096
0.01241750787540689
-0.026878190538007548
0.2670276300906073
0.17656762454975253
0.22170719974093506
-0.20378426291821083
-0.3751314414448553
-0.7119393944555175
0.3013600999011207
0.8030317653432126
0.690853118654367
-0.32051459664739257
-0.7361405457833534
-0.7596128960521829
-0.10450446228809483
0.6076979710103612
0.8412136059698669
0.6188719581043456
-0.3851161355552746
-0.78052420089292
-0.7049960892696203
0.11622720515622806
0.45425057393923624
0.5907758965269604
0.3693277255191005
-0.34356434495164195
-0.755567133019957
-0.3432738312911137
-0.03971311897778401
0.4676012275477451
0.5249166628468643
0.49399107464698483
-0.03311121585790387
-0.5306542481006505
-0.6004116402937291
-0.3762093832153817
0.22485665589561005
0.5451935910053614
0.5652644544317189
0.3125244750828178
-0.37759160075453635
-0.8788669523869486
-0.5570329094671681
0.018705090656968182
0.8693833705697246
1.0014765213678172
-0.19707901891385485
-0.7063676679090466
-0.6122531746294976
-0.10925917854777706
0.6155994169262766
0.39278897616698055
0.037511230575023397
-0.2893862770898804
-0.17824787596903036
-0.0934346517611692
0.07470531116246673
-0.0019147579148187477
0.2551445014810138
-0.01655887052183158
0.08507544143912103
-0.031413659782193425
-0.24077865013166755
-0.22545933764403006
-0.17567426963523608
0.22855345325876306
0.21742790672880002
0.3823555937069641
0.03281093385856246
-0.27720766596135443
-0.34059316340112983
-0.0993830568784968
0.2203366310629949
0.27899658348613937
0.16038631988588353
-0.2137169327900944
-0.4663580616701166
-0.10323856509823015
0.3400723014077367
0.32735563259281186
0.12314960490503572
-0.30274693712770395
-0.2593298298590505
-0.15145132387592594
0.291634654645573
0.2951468743784459
0.2715881924495928
-0.52313469674589
-0.3794144863256405
-0.0792388950037572
0.4602545372322392
0.3789165256884893
0.19979040435174247
-0.4305828982249636
-0.3758434583759898
-0.2445162591756212
0.28784257351551223
0.30383299177610673
0.06805053072020086
0.12536641130886297
-0.1759025843594676
-0.34366116243415745
0.009586900730984038
-0.15852569255830795
0.2655042577115265
0.34936596833337785
-0.01964648520414721
-0.06920071302400353
-0.2416929115507643
-0.05545712616475498
0.004797108705203966
0.08739986983946588
0.053451391989135365
0.33963029773723463
0.04133117984288402
-0.22141144587931655
-0.4342756186065364
-0.2374745166805722
0.18069999589955135
0.4092319003703622
0.06929300906543638
0.058646914794421606
-0.38000965219368865
-0.13162750725270253
0.10619459147114785
0.2426163790016707
0.19376595264057736
0.05645968995869251
-0.09531271624812732
-0.1828805443112549
-0.10177726255230163
-0.18822269384361992
0.20509946003149299
-0.015657849535176335
0.2585144265585519
-0.3100543264225299
0.19856775577179892
-0.13982569229439754
0.05603596207905239
-0.3231249745321843
0.12332236222027801
0.21461279902134106
0.338998475805226
0.10726560246373877
-0.43616897901307045
-0.2597956825413091
-0.11417830441156077
0.2334482929179195
0.3388806557347939
0.06576532558173785
-0.10207847793771327
-0.3308148669977041
-0.20834697502966432
0.07521480272704817
0.32536315490012513
0.09885608281278171
-0.0002798184840050316
-0.10501693302692046
-0.21914610073800503
0.09924712795743566
0.1991544653712662
0.26169120190541667
-0.305988091014636
-0.328971545957447
-0.07305331827642625
0.21193227499161033
0.25917578049627504
-0.03939740836397359
-0.15070525468990242
0.08952095752010794
-0.08882146804066979
-0.03878016104013875
0.0205531766653759
0.13537274901074542
0.11027277495078694
-0.2216913623272786
-0.16475005710110033
0.051444478069907644
-0.024131501076518506
0.11197097492698305
0.12778048991094484
0.24035089231002327
0.15886207616152087
-0.3437409435587052
-0.3900717562322067
-0.10830386705964998
-0.00598901047307842
0.27764584888337956
0.27189557514261214
0.09456414806551466
-0.037397991487727794
-0.44420603973773076
-0.023806891131777974
0.2437487581288929
0.21733274121836282
-0.028308347119479646
-0.14840432011072208
-0.23126293159982345
-0.07692793958045777
0.1559518522771089
-0.11461978386447229
0.24093632339539892
0.12518309373133266
0.03472540262074472
-0.05875752895274573
-0.09115554073672781
-0.19352277831442471
0.18854069633872877
0.012648604515422754
-0.009947546850486478
-0.09493775364157434
-0.030459941999625345
0.027975180450015815
0.02790786993514037
-0.2495641142164206
0.14329648441768406
0.33854105103389615
-0.027352675904561
0.01642414351509238
-0.1969223150606486
-0.15138083000270386
0.024094761142385374
0.025624020844527348
0.1529860767579456
0.22546544942108887
-0.09269794610247911
-0.10770612133370379
-0.1637834744929527
-0.1708494922372364
0.05113970131486089
-0.00800655076921376
0.07934562227451636
0.24380542361310298
0.18611924890946224
-0.12139816421543626
-0.10584663715053615
-0.2771978875040365
0.0313441395428773
0.09810242518023266
0.3532882892804772
0.013218319511718854
-0.08200995679197458
-0.41205605433895076
-0.08548645425937465
-0.05816874327019431
0.2762086987761064
0.1635375044542449
0.1009820009345427
-0.11688659722921754
-0.12094360202499033
-0.1242369772178782
-0.005051261680406864
0.3462873293701502
0.21072230923752006
-0.26832207637283356
-0.2318357126793556
-0.19806036100876084
-0.01236458054647672
0.31392793543151415
0.136359215874982
0.047501131807468705
0.026888192577101643
-0.17596124168457378
0.02710986855118946
-0.2716364649962446
0.0986847422938972
0.045732988523915934
0.20756522843779568
-0.09694479214448709
-0.07697737408501876
-0.11064959305348046
0.031980795214337616
0.19063930203465024
0.1289219426461302
-0.16220699885991574
-0.06563908509089358
-0.10640331645545553
0.046177055001653214
-0.038113027308930236
0.16569353850915328
-2.4058547359206983e-05
0.040719766963521226
-0.11442453795812077
-0.03681577438104337
-0.06215781660660376
0.1861253434765838
0.2857463908929508
-0.21709441691910875
-0.22279078475767017
-0.2882223314381366
0.0510406840494865
0.3066488631819646
0.2285337082100862
0.08856807126751272
-0.16879593898433626
-0.3320061253143161
-0.14781548538596978
0.3066992109877317
0.20093846846230878
0.1781007395367724
-0.1121596506202137
-0.27229708333124
-0.1364330668174815
-0.18251145099933425
0.13836752395001692
0.3451934774261799
-0.020927354773929166
0.0873646752119217
-0.2048646110188733
0.0036518919043864936
-0.07585414429782225
0.07408280595322468
-0.0046411345291199144
0.020304163812512228
0.09389462586177336
-0.13615768225643748
-0.08324324609552974
0.18012028642523176
-0.1197931152405377
0.12894601308441117
-0.005820150214403659
-0.06630788917203656
0.048065452517279235
-0.16900483192512225
0.1320247165886409
0.032739976052406125
-0.08886015790422097
-0.10950113696616658
0.13856214992234625
0.006294272510382268
-0.008337635409288812
0.056311297630492856
0.09690643871171331
0.019804659339164105
-0.12994869789053543
-0.20615798413982797
-0.11608114202541216
0.20859395327715421
0.1474965094133257
0.2025082276453141
-0.012978947381156028
-0.19041112330151067
-0.31851894237466916
-0.033943010214610596
0.0326615377501307
0.49423575874278375
-0.029460005476768372
-0.08286405695148903
-0.11885576519327119
0.047516036307173215
-0.2143272464946309
-0.009275209067304946
0.13001307715672394
0.09336847618368523
-0.18418120387360876
-0.10915925056022047
0.25292079273899876
-0.09361919146301151
0.3551442790726221
0.09306503362363515
-0.2713125527781754
-0.10581484524612586
-0.1398914914669735
-0.040953188226600025
0.0643144482402239
-0.0023839751516155257
0.17067399042494294
-0.046333309785972776
-0.1509453179563507
0.23250604576538408
0.10986724907599586
-0.14216821943490132
-0.0851968416405253
-0.1797178596194871
0.15825176635588037
0.21483752281977586
-0.1638405743352163
-0.01682977872499182
0.1238934785630367
-0.11446396494495116
-0.19160673072475523
0.04635911280821733
0.129732566915403
0.05762903056378352
0.11083735409312853
-0.16773252547874515
-0.019455276529798143
0.011915252473633994
-0.03823070631748396
0.05971306334878606
0.09600764438287782
-0.11144760650719113
0.18458622487887766
-0.2673726237759711
-0.01576964990241314
0.033602827790484145
0.09941096821866222
0.12914166528005472
-0.14096396636662467
-0.05665955448827114
-0.1429733077129693
-0.016949884767265957
0.2947220085152461
0.10674960321564084
-0.003956322643730562
-0.2577762968475551
0.010783307565229674
-0.08301811961890071
0.1183334255059227
0.061692379144428176
-0.1126201544200455
0.11462271639115032
-0.15619272703022188
0.12904646814273946
0.14421046851284988
-0.04790229424736624
-0.30005139388173874
0.16823981842347777
-0.07462610175072636
0.03791262160753454
0.01696787488396394
-0.12102680088602369
0.34069504005475704
0.09688747282689143
-0.3397944664061229
-0.07914101730329096
0.06929321929466203
-0.04600257239446056
0.03436066448463791
0.12430131365709032
-0.04989408668584372
0.11437779455210866
-0.14599996519875344
0.04183578713303079
-0.011879555163237694
0.18383881591527368
-0.04639777985310463
-0.26130796365970765
-0.04461258663935651
-0.11111070704432506
0.12924093891920296
0.03219389666682262
0.37205119315640023
-0.11178937760517153
-0.07432101158697213
-0.038893810562327796
-0.19259583021929613
0.02040389934553706
0.18845802581771687
0.10183656802634955
0.01852028984532372
-0.2338430428194764
-0.18697406585084625
0.20892675651406717
-0.05166149786477535
0.24115046440424365
-0.07809232126117571
-0.011327157168170926
-0.14702358606878124
-0.02485573084402152
-0.009742672137712495
0.23583455233284417
-0.07127019050403037
-0.08613016934332277
-0.027625240817702488
0.007169143729158646
-0.07052277846999276
0.2666154674925265
-0.09797440981200442
0.04403607648370419
-0.013920189074567796
0.003795242818534721
-0.1861966529335207
-0.07837036333680694
-0.06466494816074309
0.1469938264393922
0.07042662593179236
0.2169819979991228
0.050698414917300774
0.02470603944927885
-0.17497104631563626
-0.09498287227473476
-0.2023887907028362
0.07260607789934491
-0.10317898574283003
0.028013564748283974
0.32992048136908075
0.004923150622578337
-0.047384203460587734
-0.005453732201586979
-0.1436497448272811
0.07659700312878326
-0.05661785024063893
0.09990993049840281
0.0008417753459860101
0.06470940617947696
-0.2708631136202663
0.04883574611618359
0.01060637111249835
0.17895835213892433
-0.07048059081982407
-0.1663496608395726
0.2110287729148982
-0.05089534794720727
0.08086300994159627
0.05203585048996428
-0.0855060252625558
-0.009550828124604081
-0.25487665789163894
0.030686119639871855
0.14610794084258014
-0.014970947364965737
-0.08899557044446962
0.1544493741410325
-0.019341291035186378
0.21556611875974507
-0.16343596269545296
-0.0982539560506347
0.03516158431302101
0.08373323482805596
-0.027658346786179427
-0.08385637962435401
-0.11791406265747305
0.1283576332386034
-0.1712342803572683
0.1475727129082034
-0.08144865525076686
0.2588676491581299
0.030187586431854176
-0.07066816957808582
-0.12149614556376137
0.010527529919773203
0.0914409340756017
-0.09863681983393895
-0.05626856807243563
-0.12096801291402683
0.04999075223684492
0.16485724697088003
-0.05018729577178526
0.19326683207319426
-0.09677619163093384
0.0750196435512762
-0.08838587888700332
-0.07001229587886944
-0.09657556954957873
-0.05181701560377017
0.07446441072389108
0.15725283034583415
-0.021094688651971102
-0.04473027957005144
-0.19267388443538422
0.29033015413963625
-0.18285613970781114
0.26982937234557847
-0.22769537836992312
0.1484877664754332
-0.16241541024329978
0.028409687441408215
-0.08684295141923476
0.10746102956657141
0.07643043749242495
-0.11356478492546641
-0.006554117225333795
0.021480851234519465
-0.2236749801445169
0.15641375017656317
0.0014393582750915068
0.13332741542986262
0.15219823416004788
-0.012015076085281462
-0.1896601254944867
0.08873335494113185
-0.005897951698598
0.0685218784963848
-0.21364005643013756
-0.16200407938030845
0.03753596215752059
-0.051954471745202
0.07404394093977736
0.14288043167607933
0.21539639705287772
-0.11372353884860033
0.009569461238079377
-0.07692367674707386
0.05732684011845972
0.0022492125010956853
-0.08407977637301939
-0.2616864357158488
0.15596963216571771
-0.05852525644592989
0.15927122503952512
0.05304482684339958
0.1168811888109339
0.053082279918769376
-0.031927686230493066
-0.1902143715567314
-0.10238911147226293
-0.03369749288848788
0.13330783346546393
-0.14758576621292438
0.07099718285593239
0.014996323249054616
0.06284860615950599
0.0679736230918947
-0.14717260578719116
0.050754857149297984
0.2346392755316019
-0.11453258188709968
-0.11327535657752393
-0.08177241197537517
-0.003823291439708297
0.15097888590816294
0.0707575546304015
-0.07234045842670217
0.04582908583862351
-0.18971170801416878
-0.0053554011592926165
-0.12234727145435431
0.15030094533211974
0.05884497248377698
0.14072871398899578
0.01492177855083962
-0.031448384675159764
-0.09960783629900274
-0.15531522510860418
0.0747454480019655
0.049422020381201096
-0.07670924166134857
0.10782877865022446
-0.004213378387351557
0.08085333519604596
-0.05410400622100443
0.1109334471659169
-0.2830041161143416
0.13052942145765634
-0.1032650933749235
0.08297008465960831
-0.035893463406567516
0.11241944976696246
-0.14672616889794865
-0.04083183111565403
0.23496367658742856
-0.033778846764029875
0.033718614568063784
-0.10272945631770058
-0.015501817399631326
0.050157544288736367
-0.14724037613000046
0.10056418854202048
0.014784416183774584
0.04787101090587699
0.00765454784587936
-0.18696833318050649
0.000597082006894803
0.09073916627689413
-0.04971399727230742
0.023157469806751846
0.06499629905537979
0.15149928560383757
-0.03353617754806408
-0.026155389867443146
-0.02371620761747583
-0.31321243903920193
0.0988487160498458
0.03756906181660498
0.06245473894041874
0.044967701303810545
0.02795329224029858
0.0959633294251629
-0.0558453802628254
-0.09990731869520317
-0.013967735944925508
0.04180905296332876
-0.09991867645416838
-0.025860036073544177
0.0986411440830178
0.054093243586258014
0.09728317962434371
-0.020162489421852784
-0.12849112510746016
-0.05255270233038016
-0.05872288834559484
-0.031220690195163606
0.07900265156597645
-0.006033439255781425
0.07620859021221073
0.11127773157109572
-0.07433195655353715
0.08781554282608442
-0.12011937505851038
0.03342315776023068
-0.02360046202064718
-0.10115922953104246
0.0020490193616372193
0.1480719449302628
-0.022731282162368235
-0.009469610008497109
-0.07113237198231144
0.05069764949515515
-0.014090557270487084
-0.08789915065829566
0.05649072116941691
-0.15327759706104102
0.03332694893389536
0.3123785948523482
0.07802886863582509
-0.22698029737996875
-0.11669308761833365
-0.0479582097281623
0.06152223434269549
0.1841994251597376
-0.03285056609766019
0.07466904284174049
-0.17713985498065524
-0.032744003915026736
-0.03535010334951353
0.047535548323178294
0.0566435611143022
0.008142876633370356
0.08045368086323157
0.09592032935569436
-0.0797350825654578
-0.23336519025970098
-0.07368215451352016
0.18593073406388064
-0.10740800298968527
0.1066516516087828
-0.18945741391190726
0.2724122856984264
-0.09054852991042601
0.17302083129497414
-0.029507645485650623
-0.04858478787902467
-0.10450701483411536
-0.1769745564120794
0.26789353340628297
-0.05681375423898717
-0.06790625148621374
0.2394092634340925
-0.28641901203447917
-0.08330630787849441
0.19387055546311405
0.05897648793812803
0.04726425297514679
-0.2105659330012415
0.1271402601285262
-0.0038900778912117143
-0.08142901831540378
-0.018951403626941418
0.05715049678911767
0.03488442311955607
-0.007633980401830057
-0.03081001514065009
0.017767988087065683
-0.03774299122253752
-0.04914034491659185
0.050391064056909254
0.13905562180254882
-0.03672116004979231
-0.18371287070333497
0.13209229628479113
-0.03900952902138214
0.11812683951499328
-0.17730982646058496
0.04330183872601599
-0.04875787847016786
0.12229892016621023
0.163941370211315
-0.19131940641447595
-0.09937523168400453
0.04104542165268188
-0.05652850365480048
-0.06643089057315366
0.17473608217135891
0.10354203209099348
-0.12637855708725113
0.09608955940987159
-0.11589226843987739
0.01073995452396919
-0.12132024484664439
0.17321280232914427
0.04468450335269615
0.05273614082222812
-0.10081192562058054
-0.07660654667986588
-0.05274296922305903
0.026732981661986423
0.05679545537401879
-0.025439954837567298
0.016039633733994516
-0.10094447620337911
0.31034641760945564
-0.13198177877705333
-0.0030076125951216393
-0.1613987739234653
0.12042167673655078
-0.04675277849485473
0.0065286348442721315
-0.12517868718487854
0.07474771114286952
0.18864374713661292
0.03325968163428697
-0.12026244280132833
-0.18950327557627614
0.04692216574094436
0.22921085389436852
-0.04572413810447309
0.0047370990495928245
-0.11277488542573373
-0.026860525822773495
0.006367375242898082
0.06629698150450554
0.034995944014092756
-0.050260943323263085
-0.018961462476871718
-0.1203711196051168
0.18347506256166965
-0.062033111431718184
-0.04729400147615163
0.1220113207205485
-0.11071052673534192
0.14500069519921618
-0.1818123467990506
0.04776671135033286
0.04740272324276963
-0.022575318881853126
0.018376362650806312
0.129121591996115
-0.11148364309172448
0.1787555050421464
-0.14955522161090884
-0.1600502326967862
-0.06522029622252967
0.05029078906808995
0.06717600403794806
-0.10122105575179824
-0.020940899848005817
0.4126929875542824
-0.0591168282114681
-0.0008159213681009012
-0.23342145696700267
-0.06715932779078068
0.016191742975832986
0.040410107694211835
0.11758937187042312
-0.026340851562359564
0.19009902097562276
-0.2841799177009151
-0.09733728918999274
0.0292313396628031
0.09687495706603812
-0.03297951027858706
0.19147208765545984
-0.15270163757950583
0.12167017253294787
-0.06789136443950772
0.155001536646278
-0.11633365016677717
-0.059271629753547134
-0.11290395227588511
-0.06941117121296575
-0.07253651383881074
0.18355745452506755
0.08271234874284075
0.02121261676004769
-0.015513189945182315
0.061980770389803555
-0.055186091447977675
0.052025195944706566
-0.11220582095927473
-0.1009670006406763
0.24289302308182603
-0.10299412344667622
0.018901715254094502
-0.17416801094306453
0.15410581083388547
-0.1081524297776918
-0.04360801209418266
0.17263871450968096
0.00203217104983559
-0.008630800984730963
-0.06884375426567867
0.031913176760664345
0.08304097321670181
-0.025451707525839414
-0.04527537629472753
-0.01918295130790568
-0.08581525667330146
0.09087486694770484
-0.07101696167970699
0.054390230230819896
0.036529667266514486
-0.18257141507244157
0.23812782645114056
-0.16126075630115025
0.2119224247896873
-0.02901013296166389
-0.04953419446112869
-0.06350676191349956
-0.09191834169092719
-0.06860713471857371
0.02802208632568415
0.25377383778115054
-0.02278439681779325
-0.04982021539775146
0.01988881781679644
-0.06524632752841039
0.06470759945079341
-0.11708177504051072
0.09763508249528148
-0.016374785271826356
-0.12735418536915746
0.061208015831224524
-0.07310236485833889
0.015076437972654209
0.053163446139679445
0.147672414766672
-0.082273230626848
-0.11179587895545774
0.10053758911236581
-0.048382720573122075
0.21819397004972704
-0.047862725503275166
-0.03692412052582618
-0.23844848194699367
-0.04277367195183426
0.1758702188911572
-0.05890272834626542
0.14290059665813992
-0.13984279584218734
-0.10484727245374807
0.06617777206546266
0.06980135748641107
0.3427203748836853
-0.05423750958112808
-0.30945314923555584
0.05492689984420643
-0.17657195681039117
-0.04778927462709427
-0.012391202204894536
0.24691902610615923
-0.00820109810861512
-0.03185631206197467
0.2138394071652355
-0.16960297103778246
0.11468092218186685
-0.13885454285598872
0.08344279894770969
-0.07691980785072002
-0.18694207506355154
0.1542875202274266
-0.06350576593165613
0.09022031976781722
-0.005431471895263419
-0.045983341501059614
0.027794181842828627
-0.09023434736668365
0.0011835684650466985
0.12218936422368241
-0.02159105178953378
0.1721751669641007
0.04024408229575874
-0.23361697430229642
-0.1864204539486958
0.12567630078595432
0.10224018543301844
0.07393628560428242
0.09637244033540648
-0.27921014465312133
0.06091525274734471
-0.16423668608596023
0.07328262241967795
0.10067198689085094
-0.012699033482907733
0.21547425558774655
-0.18891104884295615
0.042789193238977626
-0.07701196259929705
-0.09239602535605715
0.07426463336077607
0.058471789063404694
0.13970159908961421
-0.20192363133126476
-0.04951542013916509
0.08464094318481924
0.05995829628440185
-0.08554498714995562
0.11095248972502768
-0.14664021021102464
0.12033420082289008
-0.032438789657614195
-0.04572551963474954
-0.014717275628241981
0.09267922666356389
-0.09616820830456431
0.04688207050644397
0.036443115082238235
-0.24581596002370731
0.3183857966285656
-0.06160480888618029
0.06617957190420615
-0.16663879295322603
-0.033391706293287096
-0.0664699934540358
-0.05442793898586217
0.2302633063467911
0.013942761727991047
0.0018410542924676976
0.20944678644386217
-0.11651593986050882
-0.1650590022143837
-0.10258519646617972
0.045527740221036436
0.1314754553258399
-0.10980031623649342
-0.08540382357635509
0.10678208710278961
0.0669978062697375
-8.063498948438028e-05
-0.021042187144228137
0.006157686322962888
-0.030173919467274563
0.0355474282662979
-0.09311432064043754
-0.021921831186861807
-0.03143239545943547
0.1750378453041068
0.09977333604393382
-0.0633749951257359
-0.04471437634103603
-0.0686402110985551
0.03291005196364356
-0.03790755426628701
-0.08818106322358533
-0.00785483346230315
-0.001259895416446822
0.07310907033352504
0.1283583783512596
0.0007569258962809647
-0.0212382271643151
-0.16149151120081595
0.07241207984178392
0.18202054263536674
-0.018563765491878815
-0.0651139173402784
-0.27980208632492815
0.13317971279617838
-0.021435681561235695
-0.1608703687628533
0.16632517559568716
0.11091134906557214
0.1842612502603716
0.021160216622756068
-0.17924701321951164
0.024795556034503802
-0.17083778359557192
-0.1087126401833176
0.14139171554452298
-0.08480680669673867
0.0759221164197097
0.030689008140197496
0.13217090875424184
0.1001851382666615
-0.19537555558285205
0.1936928058152795
-0.21537570830099523
0.0970946237908111
-0.2276385579084424
-0.14843233178064816
0.28416323634071894
-0.204315274302666
0.2217951419440795
0.1694723322840606
-0.14912073975546403
-0.030286275369227525
0.012537262171637198
-0.028730104679429325
0.10135026390496493
-0.10985005120838054
0.10421876895518893
-0.09500902262318747
-0.00040238398977872347
-0.13959809573466395
0.09994810680238882
-0.03163123712188587
0.057703466099544715
-0.1074434358092118
0.3467075249200955
-0.1676742932495488
0.08071242029239534
-0.15325690946995846
0.0553329792182591
-0.03597562338088182
-0.16388903100808985
0.1056928683252357
0.08267951661203643
-0.11635451886414454
0.07027640353538869
0.070815627955673
-0.11854455774447226
0.11852647406252917
0.002629838675513049
0.062052043285243955
-0.04941349986677286
-0.2073572945629594
0.04492716732816796
-0.02792088384676232
0.05993483060064056
0.1664360572320362
-0.10074952360628844
0.06410051636783476
-0.1532597018842285
0.016202182083961236
0.021769422614857564
0.18434077175257688
-0.09332228669155898
-0.020722462083560857
-0.021347708763950448
-0.09545575079436615
0.10612961591299894
-0.12075466027241841
0.06370452666591875
0.06904448597019622
0.02035855519754677
-0.024664816247011084
-0.22188881717516856
0.07114054458877256
0.23050242757111888
0.06363262964854571
-0.11849904191125347
-0.05750439614701669
-0.20984173938181375
0.10526187748197907
0.08396115091596806
0.07135780228507739
-0.02035687418338835
0.04933516726173738
-0.06775862213672097
-0.005509825674752982
0.0932626302604917
-0.21828952831786572
-0.012398629904284891
0.1111929101648642
-0.01410005490336087
-0.0032525361044008078
-0.047821285944314375
0.13966092859314796
0.02284620467659302
-0.019751408157928675
0.04562274578416288
-0.16334303481259568
-0.007047379071106509
-0.024033977938578643
0.07843282601633027
-0.09312482104166604
-0.05204880008261981
0.04152647542963647
0.09075214038391802
0.05572692035470606
-0.040368928688001834
0.07182885387529427
0.195595816014291
-0.13448355715688565
-0.16967867348475413
0.08180657290810714
-0.2102934970297563
0.032921347238658166
-0.08954519128593154
0.138072767754147
0.03544063236739958
0.0729258382726168
-0.029995644746915722
0.15669160608370636
-0.10755778637567831
-0.021241571531280846
-0.08953764162760207
0.001653150640395451
0.019351274826752304
0.06893638405766725
-0.08446755152531937
-0.0353549485051348
-0.03189876756944418
0.04532623444578401
0.16006981660505748
0.111316552562504
-0.2160517645062091
-0.09807023781626047
0.3300018298859497
-0.22332301410082273
-0.16071436866935151
0.11415809260011181
0.017650700977754785
-0.042752529827987926
-0.018595025150857085
0.10333980892833171
-0.0062122822862367665
0.03553940314885172
-0.10176692116628434
-0.10149283458796138
0.1669590190013112
0.10443406667812132
-0.044736288810865735
-0.024365342176366135
-0.06035158190950905
0.10436820396007424
-0.024792785127548164
-0.13879319503283077
-0.07418088762284475
0.06266957899752192
-0.061167357633023264
0.030358442212963216
0.08998368717803108
0.09453533726295718
-0.026146948707294858
0.12893078571223865
-0.2099919971602335
-0.020276206551896873
0.032286967283471996
0.1125343808588374
-0.09152022273050747
-0.14683135887963691
0.03198816078266611
0.03233760412435777
0.15688085397437698
-0.05173831519284583
0.06073316998244831
-0.11266285723706254
-0.012596734810448925
-0.12003116613234072
0.13968080936929106
0.026560841590038412
-0.00030308528836731595
0.15393982816658314
-0.14277109111735156
0.06037970534126778
-0.15594696786852574
-0.14371438333532163
0.14686589219736204
-0.19224212750263706
0.13073561511045434
0.16350532495193598
0.12935853339541808
-0.12790245222809787
0.0017648342404130019
0.07125071989513301
0.042340356345209065
-0.15315361569556185
-0.09470174919735372
-0.10298227056345365
0.13725962623612026
0.0322645786337109
0.07050656934519393
-0.08828874923905887
0.03376502398354304
-0.18190715606967725
0.11323163199336818
0.09107047845200138
0.1258558912850879
-0.056880794102065466
-0.020014001305972917
-0.25741325567718776
-0.05264195579994544
0.30263900281098655
0.03381578412611889
0.08830503530402652
-0.17434950007904576
-0.1486006121857348
0.04891609289754927
-0.012235191735580743
0.043929616483659104
-0.0013925928787906017
-0.061013073293084544
0.2722963030213321
-0.17707109817729677
0.06307298831119776
-0.13583008828427687
0.05126438748759539
0.11763805800085109
0.04909709117513113
-0.28478692232898006
0.22271554846925715
-0.08412753121892953
0.0069617982562641696
-0.04130483455132797
0.052361166820953126
0.02855649275594712
-0.16987375453984052
-0.1559653221316366
0.1713103731849549
0.1519627182954629
0.1288760533877894
-0.021933925154718963
-0.08910923557986061
-0.10140878256832955
-0.036487964291922775
0.013725342704194975
0.05548003726461176
0.11183992690154751
-0.10398684504876693
-0.07180924841778359
-0.015789097196862178
0.023411545644061758
0.18990767179088133
-0.017823330904925036
-0.29352778997867546
0.08504721242663768
-0.060352525697549446
0.3346757845137854
-0.09566081967637813
-0.12519791059564975
-0.04339091916903782
0.19808047507953225
-0.2510620420630029
0.18306079868901906
-0.10887373811313765
0.060136242643072935
0.07083171270296848
-0.041437188550988935
-0.03981598497592879
-0.12818285273010072
-0.07979247704829294
0.20423841662470754
0.05837544339185505
-0.023172469846171346
-0.06124417867244658
0.1787744870440472
-0.10387068303551862
-0.0815395148918692
0.009501297580493269
0.046379659681068476
0.0933049554766902
-0.23212124966080394
-0.07788696142187165
0.16118753221003762
0.16329080157476514
-0.1694035999754862
-0.010158824472881703
0.025432467009080282
-0.00528915368767869
0.08211918022792522
-0.09325988048740438
-0.03965554538925809
0.16222972231055355
-0.09811078462604285
0.024008276950671075
-0.11128520178937787
0.20461095423926792
-0.09961050438805408
0.009350603043430925
-0.032138870391749626
-0.014035202333452255
0.052114796480355406
-0.2257926804883888
0.14595730903814122
0.07854082316375416
-0.10114314254971497
0.11487919450994742
-0.23831498392698836
0.3083801447325874
-0.11625504770241066
0.09699721892813107
0.056412815652071846
-0.13259876211260982
0.05268055509267254
-0.2133156717534923
0.020825388767710958
-0.02507189557549613
0.14373301356635637
0.05444497741927333
0.0023633222184595783
-0.07400887973319625
-0.003708706109352762
-0.044873924737055156
0.15152775444468572
-0.20129563381452925
-0.0717939981665536
0.2144662910561874
0.04741773426034912
-0.10278996550960659
0.05370154033492727
-0.04866060004786751
0.20663771181238377
-0.07707596929734077
-0.1300556002701856
-0.14519496977175528
-0.07115500039074753
0.08580501877640152
0.0003860290695085703
0.08181929500236053
-0.00486712534805064
0.18675297975651545
0.11957634681833047
-0.07630431609161165
-0.06628955066274808
0.03387040788896815
-0.17059916754770302
-0.08271388182211599
-0.17347790653341885
-0.0021974571368995888
0.2280794987178033
0.15750078717514998
0.011511783109684648
-0.027565687915081488
-0.07123434048261842
-0.05309633630309421
0.12669964621139637
-0.06477995590568533
-0.1457169709833009
0.1274942861259455
-0.15659291012314933
0.06937480782832
0.03631945065317979
0.05631927309559577
0.17303831552997678
-0.1375139552440531
-0.04740336456323609
-0.05166653172311617
-0.07082102096261826
0.14532129502476726
0.055261550631568325
-0.17642019065134837
0.0455335646008168
-0.07429000879124001
0.21364482240511637
-0.013312074116854082
-0.09290804327145674
-0.04126308677497749
-0.008902699238085836
0.04303072077075808
0.15671895076275466
-0.08762922391154386
-0.07730516049922631
-0.13802194688671446
0.1217762515677151
-0.08169180928486702
0.0515538770458174
-0.021534676527644764
0.20634517142594952
-0.022325082344069373
-0.017921277538343782
-0.12555729688748335
0.08012540474982086
-0.0009875621552950554
0.027169084176713126
-0.2314847388990059
0.04343554571136893
0.18117737511450915
-0.04792941910971685
0.05528014187668791
-0.09798684735009447
0.20938522111742414
-0.09285514679692575
-0.1583865390075123
-0.10664672900267237
0.006376247383154731
0.022004903787051652
0.13479187946876686
-0.0194452008422467
0.1447026367453228
0.006133392936722333
-0.14946486142538465
-0.014593034074785793
0.13123427113470468
0.003641002326819652
-0.05915986508964593
0.048197358539994954
-0.16743575254691406
0.08281221606644007
-0.24529122385350688
0.1561701171788586
-0.01841633009766687
0.22657963727974684
-0.16608268528752912
-0.0346646866770119
0.152702412924311
0.060413009467883055
0.07721449452315554
-0.06909457482449502
-0.2692345352137218
-0.09057230574142448
0.07660685431478555
-0.04921364765527409
0.24595565512794337
0.1261982299611788
-0.03215850386944572
-0.16742590473804742
0.0026995781086255576
-0.11105847069016148
0.01938767252141123
0.061820165306262824
-0.08551640006246475
0.23340633529293653
-0.06029780329398457
-0.05695996153494409
-0.022578295159318456
0.0779317530444337
-0.052680921676804875
-0.09483446822723259
0.005209618827606691
0.07376047048774406
-0.030174668566911894
0.1994512645152509
-0.056938320319823384
-0.05343775248570223
-0.023945833142296175
0.010911066643093489
-0.03545104517509172
-0.19747402361773897
0.08592141864067943
0.014585314395751885
0.003284988881196739
0.07511322993004077
0.08475309312942646
-0.012905357633467741
-0.026832148752334566
-0.1270599264555849
0.15675347533229197
0.03976120231660718
0.018045941139089028
0.019792343617387645
-0.2017817078950703
-0.01579359000692672
-0.03250318843255152
-0.0576872602163492
0.06617837569632057
0.08492020858590994
0.09276817346840181
-0.10619372218421687
-0.007340981877846479
0.09254070870273233
-0.06004859874528195
-0.09983351808405994
0.11045873859592219
-0.06800599104643226
0.20847944796043555
-0.0006051473891157434
-0.1794285087385873
0.012724944350446167
-0.048846711218546765
-0.07166614033020144
0.22235773807839465
-0.1213062230916579
-0.12811220151038816
0.24469161930729422
-0.16085131628632632
0.0667272447240551
0.001132676814607037
-0.16449604786236563
0.29223002115129115
-0.13579296593938942
0.0924007465519323
-0.0662043689201208
-0.1448593103648357
0.17693709376123654
-0.0008818631209408928
0.045052963184119235
-0.048830406296156904
-0.06386026999534718
-0.1415716041676511
0.029691432824868233
0.10164841457579521
-0.11467606274428507
0.16753995384628023
0.0010315958801567215
-0.049885254215349034
0.1454030894443906
-0.06336617604428331
-0.04353484593092806
-0.022079681789985314
-0.05591425499769501
0.011525941626891176
0.028125058636218857
-0.07533340965815898
0.00991773765238068
0.12570466665387492
-0.03454279165224031
0.024981063410304667
0.1387443552792985
-0.3023207564896348
0.021203365209800908
-0.11005778762879183
0.2577906759631774
0.07204373113421798
-0.1690550208722087
0.04937613144068412
0.021453986305334915
0.07949282690089547
-0.007690991996332788
-0.13372038072891346
-0.07546871493128723
-0.0652706551872845
0.10740541497137976
0.12873139072931694
0.028187101736005138
-0.03994576414299912
-0.10542692619005245
0.025037561667051605
-0.07449448296153391
0.063952879234637
0.15248786497341354
0.02806727144369476
-0.23327901556320438
0.06540055271343254
-0.05742862494371631
-0.03291316783898065
0.09473643026053516
0.03316277838826529
0.030376531121720347
0.0601825255017698
-0.24923988141098086
0.11547422141065612
0.07507019069268116
0.1081365429644935
-0.1145065539482285
-0.15882111467102838
0.0607352791426271
-0.008018537851458701
-0.08756012661745625
0.061467695092989154
0.15741948408897538
-0.06633795766796555
-0.028159832752045366
0.023335089154670828
0.01919193887388334
0.07900491667751386
-0.035881065888290736
-0.03804887647818837
-0.07152008306995396
0.02670809055112908
-0.2980710168783867
0.19897583348444106
0.04264354170870747
0.2478023275227892
-0.1656078622464649
0.07158046510831116
-0.023544580672130486
-0.07824859582821653
0.15468959721287415
-0.18924538032073057
0.04084695032827411
-0.2331113321614887
0.07386655286860909
0.009200586194658432
0.2193074315613881
0.03396882994613125
0.015235642156622181
0.029182335586964838
-0.07519920511747955
-0.08871515195412469
-0.13873826893953653
-0.09939744670670086
0.17838751028288427
0.06544514168867462
0.11271120739047713
-0.05249765088733481
0.030335979687153604
-0.17847569010412584
0.29907258145253574
-0.24738440053951355
0.08034816275308661
-0.23392395691493362
0.02744331267786218
0.11212139574803087
0.08698392301317959
-0.026221776865934337
0.14302535288647808
-0.24484871614316528
0.10411057769567911
-0.039325527119736546
-0.06591320899298346
0.1850913431685022
-0.018876874524695223
0.05519710589766644
-0.1855325760465577
-0.029508387929639293
-0.0719979585755269
0.16108423349495304
0.00856079208560224
-0.07942848547581516
0.06867615981069235
-0.08338160237915479
0.04151257550367137
0.0066595329806656955
-0.023066444212217024
0.12556127173771642
0.08265305569550035
-0.10402924020408816
-0.06455222854772583
-0.09593989129694956
0.009850081861278358
0.09295994377971814
0.08190063221798925
-0.13475670446793506
-0.10117234597891525
0.06780755817324106
0.08358855296124677
-0.013183391044151442
0.21020747978591844
-0.23075330544286254
0.11546064969863015
-0.022131454124917904
-0.1008783822099559
-0.02399866480543791
-0.03899925773357356
0.1270692180761309
-0.13002416284793777
0.008729044469468206
-0.11924961970872901
0.29425593908389314
-0.07319432864185388
0.14205235170860323
-0.03318205273562667
-0.18448512495313546
0.10906141802630008
-0.027992469448188825
-0.022487281679937278
-0.026976344609922556
-0.1326450317426809
0.1128353417996236
-0.07033783923334058
0.05162099305606394
0.10576910212643023
-0.05493557145962115
0.25762898383085575
-0.1914270793527663
0.0034946685275759597
-0.27850667302309534
0.13243563818882556
-0.06126609872333455
0.20157806828046057
0.12202586366142384
-0.14993874535796078
-0.0742465053632307
-0.010731978671904147
-0.009874831913169582
0.02450324926219557
-0.10569140630437704
0.15953089593158667
-0.010923992550845082
0.06553159685747334
0.0661186542300247
-0.05924400678011425
0.07344816942391265
-0.3004629492353155
0.1283978704783064
-0.22372300348480728
0.15544228148147157
0.06416224185931502
0.037331621173010435
0.042435808271957254
0.04110415994585404
-0.2598276307969767
0.11068332010077922
0.048821278141751356
0.04869843708461931
0.08222197520235072
-0.13874693301290397
0.028127637300624446
-0.22594837326359657
0.09396455095681523
0.014851016311752802
0.13019267024404327
0.056833805623967754
-0.07517995591869635
0.021813300151827926
-0.07080462711148197
0.15642378745849353
-0.08619400942713115
-0.08765804627967105
-0.09520467261892346
-0.07849882584122306
0.16423361443614692
0.07208559772753434
0.0014957414063624386
0.06052390981394723
-0.05804990317299871
-0.03660793649273012
-0.03273524969868573
-0.005192473854152352
0.059091846901175235
-0.02655258510419833
-0.003879468227250462
0.04991774588576575
-0.21589155616187317
0.18453814853145317
-0.012763824542978574
0.003143850215189782
0.1183386931197118
-0.05770884321119561
-0.08819788231894768
-0.027537674836895686
-0.08530619351749368
0.09707532164705661
0.054577238093815775
0.011070587135581608
0.1390309324269144
-0.2650278511749797
0.0940873204300656
-0.03166067981299665
-0.04369851986400447
-0.005399361332819418
0.1264851120927331
-0.029373521833569196
-0.14388601842712143
0.06280668865927311
0.20820943546327514
-0.15874136003050687
-0.028245818485625542
-0.013285832003595226
0.23925561268493362
-0.18282021446921878
0.08847388976171999
0.004341898791243165
0.012551639014628347
-0.31410825744317167
0.08307324946886513
-0.10048071238650211
0.11483570402027764
0.08739749224203386
-0.016781253684891514
0.04758072867826995
0.004856405135868325
-0.09358641732528254
0.0705816646321939
-0.005997769184084331
0.18250727824460333
-0.02859604719958985
0.0787591204464017
-0.15022503087714492
-0.08651573593769106
-0.041892411782629535
-0.19382782660194964
-0.01822073640225432
-0.018048889562127596
0.073459395755145
0.2868143817450829
0.0420450808361946
0.033227036654162205
0.11058646950088472
-0.11304404297146628
-0.09850385589606275
-0.24531368379737875
-0.024088038604706114
0.1940045441896283
-0.21837238702664216
0.30435316194726963
-0.0491935661525598
0.1011851978964812
-0.20214136539666333
-0.01540382560466758
0.10566615090050827
0.052312474655614914
-0.019050309110255827
-0.0054958905446875865
-0.10787326355317163
-0.016782538266279443
0.0389473154526335
0.12339102966860202
-0.07893155547221894
-0.07635455776505853
0.052839613810714524
-0.1436030388740354
0.27676916044888655
-0.0943529779283085
0.020685189275880013
-0.18597979839230053
-0.09146526248535967
0.22999267919419444
0.02166680849850043
0.12975591254180616
0.07093607856753609
-0.2309151846952478
-0.12748111184909602
0.05349110029140109
-0.03368020834555428
0.11344354720978173
0.09346355228490774
-0.1259066939503021
0.05561315000175069
-0.02392592023928192
-0.1513134496270845
0.19589618696841354
0.06455662995284864
0.008331302145001718
-0.20785419304342623
-0.11153779715680286
-0.12169213227760871
0.3195667345765035
-0.03695601767753989
0.21859422050480518
-0.06282176533954877
-0.06494901663923133
-0.125002818077308
0.013674846758962897
0.20092335358441277
0.006511556932768586
-0.27706072676246285
0.007107134489647301
-0.033325388154280974
-0.07510496251549374
0.13297838025485811
0.20958844344481917
-0.03847190316579019
-0.008300862071828145
-0.16163841067393145
0.09275990152251926
-0.011966477417603138
0.010277149711732346
0.03836755711469246
-0.001037975668710181
-0.11632254671079927
-0.06849388074721033
-0.018489518967437966
0.19624676241689368
-0.06573072237266477
0.14156737723390178
0.018613565392337487
-0.2342676809328769
0.01723934274378793
-0.016282488052381302
0.01951223978109503
0.15970352683130262
-0.1139546703390859
0.004968010232194703
0.06404744694795918
-0.14600542247034728
0.03221337542048653
0.13514451472498992
0.12353379587007099
-0.3454036254263409
0.007348009771061578
0.18745424090070942
0.07373067495937136
-0.11587063117829802
0.05086854859006559
-0.20346616080272326
0.052612423069086534
-0.07333777662543844
0.061321874738247725
0.23695671508465846
-0.08480832922345233
0.1313510496109783
-0.10347207555833157
-0.1130336834654341
-0.0697522019046727
-0.11179416226200109
0.22149465160119428
0.06679981442558691
-0.012771497771779224
-0.13529392495289136
0.10006142261169787
0.015138528933139904
0.018638605777596524
-0.1681641842166997
0.010228749314667121
0.026961523601095716
0.1581924442526275
0.01119923892313809
-0.31655085009730727
0.18227021906418642
-0.047578000890761
0.16490058404686006
-0.07203074368066466
-0.05584738206525904
0.12305051203051219
0.006926043379692927
-0.1647119945552274
0.028150554759401453
-0.0083687381577962
-0.04342332135145376
0.04851640504825672
0.09232927155338494
0.04102115270958423
-0.03668197659284386
-0.12552690935818345
-0.021892335923968755
0.04384362517617974
0.12100368803827077
-0.25754848297435745
0.15370353718259155
0.07481852431229803
-0.0049135334031985035
0.11385886536376381
-0.14823527044581192
0.014617320556589746
-0.1166324084060864
-0.06655882748461717
0.23368540587719305
-0.2384346475157844
0.29437686793576995
-0.2059362017833353
0.05015559068405321
0.00770523885149374
-0.07550000853072557
0.149841997902617
0.06412428357968553
-0.08444605620058908
0.001868637843023599
-0.13971468008470173
0.016161167879676978
-0.06964165402408763
0.10709827475169764
-0.001841740479385973
0.03170064024947589
0.12024880052625395
-0.07536042142940697
0.011983568288862588
-0.053064943718436425
-0.1367607923642095
0.0936944185504726
0.07025553643164295
0.03912457779227688
-0.09073139945684416
0.09566173575076503
-0.21958150973906454
0.17950062061961153
-0.1865809176547196
0.15532074792261596
-0.028570661048729705
0.06020466799834865
0.11643174602716957
-0.20160785742093434
0.07449864753085032
-0.05662586475143431
0.031140546939493564
-0.126441681283731
0.009984037003315654
0.07777570167916437
0.04016591958441285
0.09418812099978523
-0.1776118472641643
0.14762784537449045
-0.164352680300254
0.1922031645246078
-0.035119326730918284
-0.08386651355368034
-0.010747941790658813
-0.059827061523754055
0.11974421048175726
-0.0664434548851348
-0.14219562810442188
0.08783280642272975
0.19799939141581477
0.06478575935692155
-0.16927096485526652
-0.1154343321015956
0.132040228824948
-0.10277510182347945
-0.04039460229536933
0.18823851251016058
-0.2180219405779683
0.004227527324094612
0.2172289755304724
0.024427125471229702
-0.05204831987233209
0.04746034517570865
-0.1344270454120088
0.10532793851970057
-0.14051380628813132
-0.11295621137093748
0.14586847355429175
0.020296619000579746
0.10146695523282276
-0.08820842819577478
-0.008933223746697479
-0.05838538412941677
-0.12219761249726371
0.12697040782734698
0.08696972454298506
0.0638066049101721
-0.05279933461602049
0.008321979756537597
0.17383535154101407
-0.25310230897804925
-0.11613230058551946
0.022576802131045088
-0.06479269751221522
0.17410506973908027
-0.02945843623317041
0.060163976146396146
0.06949109652255613
0.03224659943145717
-0.2471377061708913
0.07174531032852494
0.040181124688047756
0.12022887317056799
-0.15498498632841395
0.0745139762732378
-0.07135335831556569
0.039827979006435144
-0.05980118058541299
0.047938786498500946
0.06185487426431562
-0.13545034999398345
-0.036392567807646166
-0.014573258514018212
0.1609082987268858
0.03132506735645289
-0.009205658896759571
0.03706418427330907
-0.21274255732006025
0.018039908231017462
0.07904359368166881
0.262915730082228
-0.1419742770043764
-0.09430846335006053
-0.008999009740504597
-0.18410853574024702
0.04856184957748258
-0.06109840734950053
0.07922526350364827
0.08335735990911464
0.2006418474947543
-0.028951012262417385
0.06275457519233489
-0.1463183667769699
-0.06781591139598199
-0.03291808855974259
-0.057746680514517215
0.12941535049620473
-0.21048768886492236
0.07909956490676145
0.018355631545367762
-0.05344985904439583
0.1810116323182697
-0.013467884892786358
0.11701595654425148
0.03397153858140227
-0.17546100972993947
-0.09796350090722006
-0.037973256739555594
-0.02536074721107966
0.21909082181913142
-0.09114804544009225
0.08356145210995704
-0.02873421800813785
-0.11383799727710081
0.11593551489726235
0.01277198068236323
-0.14325291491801434
0.10056717925465652
0.050621975829467404
0.005914101159224605
-0.22459091274325815
0.0017768705873197187
-0.026454988788855535
0.03813860417814972
0.1863985709209558
0.15425687057170234
-0.06757240684639718
0.05573489934223126
-0.2794385838053739
0.17084966498692963
-0.24698516272396637
0.22228531011634434
-0.06323734317448718
-0.034332849162482186
-0.1119926003305646
-0.10876767513744656
0.04353197684840413
0.22350927020693528
0.20167490640653762
-0.06942305186055196
-0.14768541598780577
0.10187644702081199
-0.006115946175223472
-0.05466472219345851
-0.024438336650319643
-0.16746892000788896
0.09681571186129781
-0.11371617724727531
-0.01630244010534552
0.2127160153740236
0.04844139785016791
0.0787209499072685
-0.06564720366415626
-0.04795694041121412
-0.051423304875983324
-0.14797486886171055
0.03698073292120379
-0.21690220474322808
0.2588682043587774
0.18671807058726628
-0.031227448803447164
0.12951942936958943
-0.24597105751265175
0.06852810479214434
0.05736874637992197
-0.1353836439589982
0.05250621555816609
-0.09158837985535491
-0.05881326772379635
0.05814213296894518
0.06718262923165375
-0.06628139720626199
0.05585908700536345
0.06919805118925734
-0.10294425932798631
0.06828577233542735
-0.07328063048264465
0.07754836098619716
0.13240359167085675
-0.12345257413128552
0.01933669400383823
-0.14151018503656074
-0.11220600608261146
0.08508707584760361
0.140135727560732
0.002111126152391284
0.0679507094304315
0.00412168391003008
-0.16263730221604814
-0.014279881435060381
0.025560161878631846
0.011065241516967785
0.01902019654617264
-0.011826050709706687
-0.03179149090158389
0.16015491799736747
-0.15013361856112423
0.00775909042231143
-0.1748726354191495
0.24920768305694319
0.1178312034384425
0.0429032817943651
-0.16757555452570747
-0.12746746666250963
0.018431144247397634
0.03316444140518601
-0.06489880260267959
0.0020871227172478595
0.11059538146954204
-0.0024624987146724397
-0.05669435720454577
0.24356176739360974
-0.11341422719037544
-0.12320144688790763
-0.07966128274435436
0.04490486180234264
0.002970680905251731
0.13360736584331834
-0.09188000242504936
0.08796030169488676
0.07913341954456873
-0.11610237594245859
-0.041635207645075334
-0.16866870972827125
0.17684763347376709
-0.13020871235206294
0.06294859250406257
0.15816254188220547
-0.1329324043055589
0.06955995019562529
0.013202934199622672
0.02383638298321325
-0.024617324397778986
-0.06425265562079119
0.034534986289915984
0.036585878667441105
-0.15780132060083035
0.13280262569684675
-0.1321133821674141
0.2459453471621084
-0.15288556679157028
-0.048355364556078334
0.004668937065396377
-0.1791021421272359
0.3744359141890879
-0.10041324602411986
-0.004770106229149675
-0.0692765597481203
0.14271995445231475
-0.08247415997688856
-0.015658703670889375
-0.03772139187505642
-0.02927140638806662
0.0016472791181433855
0.03723751957640238
0.07809340419470122
-0.25597761031893496
0.06660258772322403
0.12878083037087545
0.1097976961601293
-0.09274746672593852
-0.09556498071588997
0.11448958978617285
0.0649631608751618
-0.045074508050961366
-0.04730915685532851
-0.12117633773195557
0.10447004642675874
0.05957103850781412
-0.1700393667798271
0.08072430364471975
-0.09234884604419885
0.18212687540088512
-0.24594234798699333
0.1102971211758163
0.06665476318683285
0.14368958828348902
0.005825323932004247
0.10784997918916996
-0.3606524073532942
-0.007730753705339707
-0.027154432059076195
0.09257163542674221
0.03224004249297925
0.05873959258630389
-0.16764252593044554
0.014851192286526205
0.20143390014347928
-0.03432383472265199
-0.11279643234125299
-0.028743416338850285
-0.0127583735100752
0.3464260478648165
-0.14846916599908283
-0.13126379179902492
-0.05414488294091505
0.019029676677710865
0.07488893064044456
-0.14018609790487938
0.2470486214689387
-0.23443476883126807
0.13374085105686254
-0.09876158504234464
0.01992441364470149
0.06910235238099172
-0.0351459947540453
-0.01428442183245894
0.02014948737825978
-0.07781856757610864
-0.10292818473837938
0.3292745130943549
0.03321793553448258
-0.06574761496069881
-0.06193641372510257
-0.24160808723605678
0.24995552260346
-0.10211323099225554
0.01818473799125267
-0.10219265036768593
0.12819785705937356
-0.06562444704622893
-0.035366081835374874
0.1987370157236188
-0.02770004252669381
0.22047009032380627
-0.23430304823210168
-0.16758170275016254
-0.27075057554686555
0.209975802644056
0.09987639679246632
0.2148884354855543
-0.07619291381545068
0.06991275651516066
-0.010508665491142585
-0.18942629891756063
-0.08545943130723271
-0.05484720655439533
0.11723616456347262
0.18352407733776588
-0.12149208206320308
-0.052859786534984236
0.01930031996233492
0.08504155617506776
-0.038590876642385585
0.1344047823439365
-0.208715261461617
0.10599958507515576
0.04879566224879928
0.009490451809621957
-0.06448033350349441
-0.12350514104122161
0.05193309719044782
-0.03110711640629276
-0.11367293660509435
0.08775829972722611
-0.07072346350460473
0.07124613956939022
0.16638864976956266
0.0012131534981607989
-0.017580318377558198
-0.07385118375777067
0.22006562295501392
-0.0012477759496059143
-0.04415248563802089
-0.22750933384509014
-0.1859892026433283
-0.020049175857018382
0.18534914782151074
0.17865166925876805
-0.02932920535695447
-0.07251860568210582
-0.016340044263205948
-0.1454283306051155
0.14583399564312188
-0.007596856568252895
0.1769342886481027
-0.035070721724979284
-0.04842839177334941
-0.014075913535957683
-0.14026202925285552
-0.12508818474016908
0.24328411429490787
-0.18382891550356104
0.061075656080032376
0.08463921312665561
0.03734566485331982
0.11239698133242094
0.028749495081915512
-0.2058434799126218
-0.07133538036565093
0.17707718044501
-0.08307515401012225
0.020025751704965362
-0.12144692527671226
0.030979903768311726
-0.07161236064325557
0.08420712443159722
0.04103127224335421
-0.004724818953408206
-0.022844874201527025
0.1127036078814839
0.1236829189341594
-0.04509341194023177
-0.17516585530360376
-0.12277579596031533
0.07671389571483325
-0.10087694414468108
0.17533328963294245
0.05932640414149429
-0.05272454125089593
0.024977367641102505
0.10466363871530987
-0.08448910327705823
-0.07496711623035165
-0.09992325986482094
-0.02614312273411922
0.09738344090916592
-0.0008332678835862167
-0.020128273053505494
0.1539786599110364
-0.15401068448391497
0.19844029325578177
-0.10432288211652163
-0.0034339169371305836
-0.12653569398762438
-0.05233343335400273
0.21229773781002056
-0.13163547233243414
0.08700469916470865
-0.02791004510940829
-0.03882752830061187
0.10845946155029043
0.011583662986271392
-0.01484267937342509
-0.1367281049523481
-0.032888678436875304
0.13479043924434736
-0.0030290250962672106
-0.12531464155067829
-0.012988648818913866
0.2770979906536718
-0.21677768052634416
0.026241826922100968
0.09401153590763056
-0.03104051882476054
-0.1721183930927034
0.04401218740322271
0.05504966082560693
0.003109276131281386
0.20737232247744036
-0.2809771218313438
0.02498778159620492
0.103752476892534
-0.020681131336963532
-0.025020277413452863
0.17281037911636035
-0.1887429023683449
0.08392492811311099
-0.25929726240980344
0.23388185992031038
-0.02191958041682043
-0.06574280550752401
-0.007102893867247247
0.05823082177857853
0.005988236189575877
0.07312254867052706
-0.11293482684124406
-0.10084747510628847
0.16523385892496883
-0.08187334317942728
0.08633804772948013
-0.07909462654018216
0.05233994555418361
0.10061122340541774
-0.16066421679304527
0.10934604839059608
0.03085421168752294
-0.006935788713158031
-0.14728625593366787
-0.1440920829042982
0.09598562819634945
0.12118971081395885
0.1316209723668039
-0.16125725022382953
-0.029549718201693158
0.006591268579929392
0.02622308501457384
-0.03363390088661253
-0.03821181180639895
-0.0039037237891922393
0.16927194623555292
-0.10301028616525158
-0.04283963889804273
0.21383982351995093
-0.10279300507752166
-0.055917530010859126
0.11478629259633276
-0.12800438500889658
-0.11358795381901535
-0.02437715122955951
0.08138508480371752
0.12573011320377808
0.05641662642273178
0.04715622688841289
-0.17790586443290712
-0.10258841170679289
-0.11103299947884865
0.23446657783448002
0.0708674293665681
-0.023746920924010078
-0.053023884694063814
-0.04251236704968185
-0.06773958502355334
0.026188863608510048
0.1076205504326217
0.15564320573425375
-0.14898634717847392
-0.06189926483470057
-0.05055259236713501
0.10292684248285562
-0.032541768787955255
0.02304777632881762
-0.03933517465920838
-0.146069669727429
0.02796934748352181
0.24246166049669718
0.027251675901383495
0.0042770544188464425
-0.03951893635531254
-0.12193449598207311
-0.017126984327611405
-0.17705955097867512
0.14057645306546016
-0.016425215478251775
0.0977489341062019
-0.019390480199697486
0.015607512335461735
-0.032283007143000544
0.06474788527351677
0.1172192570533761
0.000655684583194982
-0.2329397391447255
-0.11515656049551592
0.30208038556158134
-0.11385051033743963
0.030078079861691902
-0.24707198834755512
0.15547645703739732
0.06745686392273326
0.058393042105845394
-0.10125693338175926
0.07075017712359745
-0.014776214448478833
0.05044645856809657
0.05270858218595396
-0.07128994326583254
-0.08011706094232977
-0.11970615680320305
0.021269266603386308
-0.10790012204043012
0.242083088773717
-0.233399311260887
0.31139435275111665
0.1598316226618045
-0.12328506336110372
0.07386556225333284
-0.18839192863885137
-0.15771549597549617
0.06580985285531285
-0.11893156754600535
0.13102278737971956
0.15540182765291574
0.11263330002199291
-0.3251201030342487
0.010597369340377366
0.1676329415964244
-0.1093220024767339
0.03146370944566224
-0.010950803804659945
0.0863335761612917
-0.09093698425584258
-0.08952778879537208
0.019426067029662042
0.14811848908627545
-0.02750753317771837
0.05606163610913409
-0.1042688542825023
0.041355217486961235
0.057217036415493326
-0.018340761417444163
-0.07561229070074792
0.03812847821553582
0.0044383730842462235
-0.05135833914126964
-0.039468238311954514
-0.11790502336767614
0.11788704959518936
0.012172472814566243
0.19956969026693921
-0.19913901131093806
-0.0010665244095013461
-0.006345101347748714
0.07127443610158825
-0.05308724612169894
0.06747314326098167
0.07645176549720978
0.0009866000622311705
-0.014198540000289757
-0.21382028496097472
0.027385250339469265
0.041141354932117846
0.05472860139743795
0.012526117060188774
0.009254242280704442
-0.10508278998206458
0.07772097871752598
-0.03533349215630402
0.02323965652070655
0.008177440270703287
-0.18052495605000524
0.12968876332997992
0.04689884050581829
0.05487956464956806
0.058475499780205054
-0.04051333814919453
0.10055188747077215
-0.1875234104335041
-0.13566075282334372
0.06512585107299809
-0.036217264137032884
0.18077561857752744
0.0047578295575594655
-0.20295064164577428
0.09900544778394804
-0.013271672132641632
0.03064555564098194
0.015320940141072877
0.24173523527151672
-0.3081141441907496
0.07257812586250792
-0.027702396001321627
-0.03611585808491813
0.049527499657123594
-0.03909982342317192
0.033871207891609835
0.021461493223025267
0.06667443178940677
-0.16162030403996056
0.05862781267005514
0.02466169766565125
-0.07435890762275273
-0.014898185610320134
0.08432360615070851
0.005396176702498004
0.16635217455258283
-0.10841979930529576
0.0181859109854831
-0.10704703331296048
-0.13240715895960384
0.026829002234102277
0.12781661892489174
-0.0008980787348893422
0.014941462888618178
-0.06894573347806177
-0.011610686881856442
0.07046306143577073
-0.01851613987282672
0.05731193222463415
0.08823473846104457
-0.1246169070332086
0.04113007769411916
-0.07167462022494475
-0.05080440542691882
-0.0012197375594013358
0.05038971999616454
0.01792960149398819
0.055529115024684335
-0.14623440573194
-0.028301732275783135
0.03457635329940327
0.09024709187933629
0.18192524394413254
-0.15640311826445877
0.10410410935741515
-0.3144591731860515
0.06740156016917656
0.09230730043121507
0.0533555325698349
-0.1416599078468909
0.22761650036918066
-0.02062300249089899
-0.08546483594050652
-0.029559790743369594
-0.15394101999690651
0.09294177075455748
0.08347543271124697
-0.08874644920220583
0.049776690055453036
0.033533052694828036
0.1038854826148881
-0.10824801062877729
0.03607026198332562
-0.08503205898916046
