-0.230040716110723
0.3382409086645321
0.6566630236840136
0.5042359904762657
-0.02177998179368907
-0.44631506051959907
-0.8169109829476812
-0.2875975183443882
0.1701351011046566
0.894047666411588
0.6996990008233557
-0.2167726584563844
-0.8425643396778713
-0.7086681864091557
-0.2318612411213439
1.0399049626218828
0.7087042257232804
0.24504116877533288
-0.43105597605851403
-0.6999222293004301
-0.35139959582991165
0.12317252066220384
0.3246194928078363
0.5852601459361058
-0.020818263735533672
-0.17501487301083385
-0.4794350935922028
-0.21239084782596335
-0.09922448982140203
0.28257694395831434
0.4415587667449652
0.3170462787191454
0.08297718348933056
-0.5058957321099752
-0.6151273304320458
-0.08586735771339923
0.5482740459641251
0.7558521116878759
0.195547796639288
-0.608953095055364
-0.8289899440711327
-0.5616401349713338
0.46104850296803523
1.2579964401015555
0.6974012702911474
-0.34430782687014705
-1.511797446123581
-1.1300533029179065
0.4201359617512096
1.5251613194421607
1.741725033003344
0.06456137854833324
-1.7707281242825479
-2.0138218048005436
-0.6920008357725614
1.4204284897253365
2.5587959779194547
1.0238110273544723
-0.9562916278574132
-2.4113744318296884
-1.784180140803444
0.37720556622643664
2.179685312400124
2.235143170794245
0.29449236945662455
-1.5696484528299477
-2.235285335401462
-1.059108188091258
0.6645515553105368
2.011536398494444
1.7203995750904084
0.37697456682085895
-1.377428764126761
-2.265098040983091
-1.5597588723242732
0.5768289883763176
2.5987978147212227
2.5389413349197754
0.04853671983501895
-2.3877093741309707
-2.67805962647637
-1.1181759845092762
1.5657991138814764
2.870663722337792
2.019481488298365
-0.5244713377990524
-2.6212886253633374
-2.7899050778669445
-0.6648404677799356
2.065440324037156
3.4686856162067237
1.753212307831897
-1.887340565589346
-3.366741897053979
-2.158054609101719
1.126553802343211
2.9747197137072123
2.1367553925882983
-0.25018918758744935
-2.1255265561914767
-1.644362208299965
-0.6548971231318833
0.5440893186686954
1.467258367119026
1.5335628402984343
0.6273907537598593
-1.2352851818377162
-2.096374093832153
-1.1606295177950428
0.6596693944860096
1.976881515973136
1.734591378361655
-0.013702854540686926
-1.2585159098834968
-2.0931650017400565
-0.9403654975275805
0.6398848111041691
1.9099668667856744
2.047884118144814
0.2136664413964264
-2.09712800435207
-2.838054987886172
-0.8145386791173703
2.1106699070449095
3.394349110714273
1.2188052088913683
-2.0421292008021394
-3.271251047408889
-1.4834228582862021
1.3974570035458531
2.9434865612785677
1.853945799354801
-0.7708212560805721
-2.365723930751188
-2.5547660459917028
0.29510446768494847
2.51253068050893
2.7314780044267026
-0.13098150808322734
-2.4276090403640636
-2.6044288844609724
-0.3774337644525256
2.1452665217046465
2.301055745535251
1.0926418227255223
-1.2683307554905179
-2.165430403232282
-1.47831975523041
-0.12442261758595657
1.8212388957260686
2.0718384312739464
1.1068217272071055
-0.8605548964145491
-2.6248529402587137
-2.335708040552934
0.30693433092421785
2.5680968661914654
2.8498114254184017
0.8343166091056615
-1.7843537355935755
-3.1285323702211936
-1.8539759554202173
0.4607746801993316
2.9000278595590308
3.043870727215487
0.7671771666122125
-2.720731134694082
-3.8018131634802432
-1.5326171527050096
2.2521650611864086
3.9668047175527827
1.5913510447128045
-1.312219082442847
-2.8789551081507265
-1.7803206909701474
0.6897556383344936
1.7669727653132763
1.0419528687854316
-0.2911453127892186
-1.1143732359301015
-0.29328427811855007
0.7869690990711361
0.9492679281744624
-0.46947316877180295
-1.8828871964861695
-0.9740586286730254
1.0250845067142276
2.8955934389164435
1.5348195091176347
-1.4573286242715064
-3.262315646643656
-1.9818764474751411
1.2760259343664975
3.081863632439297
1.938030010284748
-0.687203385928222
-1.8729515045575513
-1.8778672650575496
-0.4722589396235376
0.7441291331129471
1.7010040970946347
1.3363484429901247
-0.09604137665226012
-1.4563961810240917
-1.049124512602752
-0.22216242610017556
0.8175738299035077
0.2736469534861432
-0.2489469797194768
0.7715884436490579
1.2925259351355294
0.46671630444167583
-2.562619013811975
-3.1595777830266205
-0.5837616982504101
3.5852780298216373
4.3942091365486515
1.2814490995501502
-3.3993503059388037
-4.979146564012534
-1.9450790101979023
2.1538384548534446
4.467122920491396
2.7307742309177603
-0.47199126255350043
-3.2183473488862724
-3.1031593916957654
-0.7916192243479646
1.507454007728909
2.7752112856532993
1.5013267720089591
-0.8566876611914545
-1.5882009769390657
-0.7221850869543514
0.4066127343660465
0.19786792192302505
-0.4568682389003987
0.07696269894399164
1.0303510528578141
0.5927869463310165
-0.405961069969997
-1.0867346764247672
-0.5374027512853745
0.2011038094619474
0.8910917706366418
1.0424481565807286
0.07114596924152357
-1.4692988050700244
-1.6190503464794193
0.26713199723271747
2.442308239805551
2.0291340754342424
-1.0659596452899573
-3.924515123411202
-2.311595585745182
2.7437158019873094
5.584138494594103
2.312306005060858
-4.671663124703733
-7.470714452676176
-1.896343318625537
6.372734676035714
8.27325352157214
2.1596188778729823
-5.896670535979065
-8.32154749167016
-4.624610333404233
2.6725005402632513
8.69910535246662
9.107508418020817
1.1496886436098561
-9.134014127283448
-12.069523235380963
-4.285170416981931
7.337438200283001
12.114469541869411
6.4269141782098504
-3.2439954739596306
-8.863185221379458
-7.609973116863271
-1.8058206779013695
3.778521096472602
6.865268477590802
6.529721395626936
2.8542836358243076
-4.909068391956775
-11.164501947791647
-9.046197575069392
2.9528811232598673
14.118396150319906
13.45973222858364
-0.11163038449653073
-13.611333035722765
-15.794699724736036
-6.464186981898827
8.847367835487445
19.29354566550031
16.19450363846546
-3.274752414449173
-23.565610774676287
-23.72410961759094
0.1006066036362947
23.55252422189135
23.14353459981937
2.267284868315687
-15.569082482840468
-16.081014247170817
-5.68463638039802
5.027755825488158
9.10945993447627
6.213327275401629
-0.8230183289584647
-3.894969901048322
0.3794266088529007
3.9673416641844845
-0.7828294947975851
-9.424643078001653
-10.514111945935387
-0.2164607198823889
15.696025130227811
23.085135597558917
7.442881816129234
-25.571837415733306
-40.30459660990672
-8.273923567612641
43.406190708191176
48.93271937712293
-6.313657122514078
-55.18452728400489
-37.736798008176606
17.38942096121152
43.92890415965514
25.26103201442271
-5.649728817025034
-22.37534459506564
-24.5881954813451
-14.872853872722974
3.012153559423824
19.325950692771002
24.59809986215236
18.88237361297232
8.145885160457151
-12.816036060732
-47.63297535441762
-65.46742441964372
-22.763581677268004
81.26867706204655
165.29196926071077
71.19015893768372
-189.31855646337277
-254.52411634061133
33.84843175834634
248.96700815225077
119.58531102499424
-75.32574846952808
-107.04994711403043
-47.29900719506076
4.87445866621823
26.99477554062439
27.10027061752213
21.207031461218182
11.638268655991057
-3.978862972161262
-20.230863329040922
-25.3565902499302
-15.588432380998652
3.349073577575207
24.83904559571473
34.489515795822676
15.780837530735303
-28.096472914192397
-52.43359025087981
-18.45548864049785
41.5005329754933
53.41159825203331
2.2091226270726683
-44.2866863288305
-34.44848284355085
7.95350179542168
28.78999917751901
17.194611408975057
-3.355037078522684
-12.56774100342635
-9.40419034768416
-1.4079463694923602
4.832550427514041
3.5550735876129815
-2.4465787473887834
-2.5120097891001683
4.180991840070255
8.482037090635627
3.961197246782917
-6.144570108048995
-13.723412428629503
-12.093511191640776
1.8465818542844268
19.690707468147398
22.309204894693764
2.530639665260665
-23.0619057432851
-26.119254462793805
-4.719339440090325
18.65846401166735
22.185297616144766
8.041711309043267
-8.480973876398727
-16.29230850045839
-12.978102873690698
-0.2845298728814536
12.564898278944293
14.859244740195798
4.5513047352192455
-9.143019722864702
-12.747472611337033
-5.536576798735641
4.028028765369372
7.804459423709502
6.170652107764681
2.4350415511154297
-2.4117547100650034
-6.886571258470278
-7.667957663537163
-2.487976723082181
5.970926866265316
10.897789134194362
6.889030031429801
-3.7663015802985216
-11.855810251464224
-9.407912987761035
1.036266753424563
9.804502684954583
9.485120792676785
2.1234013422526403
-5.77530700308081
-8.025751880661852
-5.356815802016133
1.762807564737757
7.65520095974565
6.995652419955759
-0.9164806446485777
-7.219647346105625
-5.842330752632231
1.6429481910459496
6.022160143097482
3.3861252617226087
-2.2347703130867473
-4.148603754174394
-1.4509573112344532
2.0399018755952127
2.7833322328233003
0.5154236872097144
-1.8566647154786486
-1.8443087631444266
0.12740834316385047
1.3301216657011161
1.0666527107701667
-0.08892763802846454
-0.7585752974186992
-0.7781982304313746
-0.33399467172650343
0.3144693541859561
1.0432454259682735
0.5195875114221897
-0.33287499864617576
-0.6368722645771474
0.27956146639121066
-0.12074745936903669
-1.202280954368942
-0.7796044167914269
1.0413244874673573
2.414663573262381
1.5702021404225626
-1.0375803651762676
-2.938176742053584
-2.5592200041857134
-0.35633740151850135
2.7515039556637837
3.87981114905252
2.019413321237108
-1.995220066156822
-4.849021587886575
-3.218730856529056
1.1613517814887797
4.755600970250756
3.5708686674434356
-0.42970002251995876
-3.5975747484313625
-2.9364782104706224
0.053881537625853015
1.967865409210092
1.5053623430791545
-0.2236101548517426
-0.23838001458553032
0.3398939957249172
0.15482555184753571
-0.984009897752542
-1.4634805194668068
-0.1068484413013763
1.3082096640408947
1.5836040883775118
0.639548091400965
-0.7035013107435898
-1.50844109852631
-1.5532602586074324
-0.48464090209674215
1.6407910216487278
2.658106998610573
1.345736224885143
-1.6577097844080093
-3.2484812968403625
-1.5980908733002437
1.3016105446756259
3.0586711898915246
1.3412858839693458
-1.1021592424082862
-1.8661788286673073
-0.8235453055367217
0.9697415736739846
1.0955232274926394
-0.44895661147326926
-0.9584256728052678
-0.5127122802230711
1.1131768862523481
1.5963841556046612
0.5871234127778147
-1.4793309492243925
-2.3960031583713617
-1.431242343479104
1.533275901520465
3.3269521861686226
2.3198554278693155
-1.2555186168598162
-3.558580683379444
-3.1211403930229067
0.6337609711017156
3.3932299836118043
3.0759406116755894
0.40125931775383405
-2.3687166357388776
-2.9557305562529153
-1.5479300539725753
1.0105765090374215
2.862000757201022
2.260702245536593
0.07285895274965648
-2.2124138283478727
-2.6879198711910552
-0.6294211332643205
1.307543983891342
2.259851791375429
1.459403317829315
-0.2573419633391103
-1.8403537846252094
-1.7754104376465665
-0.8830391474049204
0.9997078853365865
2.1211500222317605
1.8273284720564993
-0.019177791812244493
-2.55827047297789
-2.4883805692696472
-0.324364025773898
2.4525961494124795
2.8476216059215087
0.3705527595547158
-2.2471695561745997
-2.644875064407316
-0.7215845866076888
1.9391196539631066
2.636352563636806
1.3312086700702612
-1.3630844468630938
-2.984493340102977
-2.0456949290787576
1.007168011457353
3.2146681274519042
2.34496632533959
-0.7417120542955121
-3.0309868128199855
-2.193647850283573
0.2891865877149286
2.2156244361697026
2.1019155087735992
0.40474096569063983
-1.2476676160943687
-1.8531626539626533
-1.2446407266174355
0.3290094027761982
1.5362657500101962
1.8812454480205294
0.5279517314922585
-1.219558316802835
-1.9393340764927036
-1.2214421446343862
0.6241257676299197
1.781816594856688
1.3476829430268316
0.37573994366468105
-0.9795092290087613
-1.729789828675072
-1.3471962936353281
-0.016249349671879743
1.7524802533878534
2.657512201807743
0.8698268901327342
-1.946048633749355
-3.166180083127085
-1.6702859896874616
1.5494434795996863
3.3287244510479166
2.2041896780786705
-0.5108259661902097
-3.1159114588311443
-2.5123346501310158
-0.23094133734381878
1.8668922079356494
2.778375617646051
1.2823618640161778
-1.0939561685848438
-2.5264216712661334
-2.270984487707475
0.2735324868856616
2.3367856584584787
2.6202004544671276
0.8560494435545463
-1.94236428525562
-2.482529342561294
-1.5062349206404602
0.8142240052268239
1.9376138012064947
1.6435684303754827
0.741732794892006
-1.3796184055019172
-1.9519324671875957
-1.266670838613317
0.5366876775663685
1.9388179569617117
1.9964189093953708
0.16635869481544652
-1.7276582534476643
-2.414153225448024
-0.9391050013366893
1.1301641015265311
2.299164196238934
1.5690194585519786
-0.3683616698744032
-2.0217981054907126
-1.7394945078568016
0.1730200392491847
1.3354563582182328
1.719735360610912
0.33110146641968585
-1.3835395773205401
-1.447834433374628
-0.4434176258648804
0.8708205571645754
1.3620766924837326
0.5665931018468408
-0.5063658811147106
-0.99268455406664
-0.5033154228421751
0.17482649273646228
0.43307207922448643
0.8445009719852443
-0.07208312429806035
-0.49502011018768094
-0.63507170469686
-0.16905625431972035
0.44421042023409224
0.4575377664272171
0.2621593250273304
-0.07304585573967333
-0.4595240783793614
-0.11238088330667753
-0.21706937135818263
0.053041374158468574
0.39470954855919776
0.3385766737686091
0.14301387624941683
-0.223911620706606
-0.7318600678413155
-0.4670471216575671
0.45116613904179914
0.7701205238952562
0.723031949070672
-0.21675209953009658
-0.9187566363367472
-0.8033747327145968
-0.14832146481999897
0.7419614048106628
0.9205308353022331
0.4121193608832244
-0.5391373281521123
-0.8604770834900162
-0.5738689962297654
0.28150494251302344
0.4654685243599027
0.7384853489068548
0.2897462369141374
-0.1908946056348318
-0.49743935696144836
-0.803294046300089
-0.11891306439484184
0.5296641793771693
0.48932943952906816
0.5421949069842603
-0.1301121424346235
-0.8041467905424482
-0.26365088777250945
-0.08072365917523802
0.04041188074267063
0.4627263450427192
0.5160034390869503
0.2870758587548757
-0.40115403012413964
-0.7066843709301946
-0.6271930918241713
0.28684025554872133
0.8192910782543928
0.7812368376700345
-0.11887851796965813
-0.900883146067594
-0.609678311418618
0.06559299468560356
0.5762794469514149
0.37650870530084274
0.19082865051785292
-0.3468206613922897
-0.19930439011039972
-0.19879397777357358
0.05945369136581395
0.21497741557655303
0.08302612901367032
0.1313629078939669
-0.09302399840163356
-0.12845965377118496
-0.22821947038624235
0.005239583485767994
-0.10276594461730922
0.15522201879329375
0.11827204047470787
0.4917134819631911
-0.030122418269628817
-0.34535693683031704
-0.3304316549277132
-0.05173538816651318
0.10593986134177376
0.48361013154292654
0.21695198190613874
-0.28495914449404947
-0.5144936136023497
-0.10655681884106297
0.34590038858470373
0.15652518018727216
0.31478685144232865
-0.10565743993325091
-0.618615919984918
-0.12973938448228717
0.34992658841617763
0.654228468798779
0.009325260859162875
-0.6194107954277892
-0.5560250690681581
-0.06766781596157276
0.6749433285466152
0.5354404866826776
-0.04264691847611218
-0.20158026119176597
-0.4178546521040008
-0.10614356170552482
0.12934250218545157
0.1891487591846108
0.21425813645693426
-0.023206135207351743
-0.24564311661211752
-0.3103685777087955
-0.1065899788517139
0.3318139182957882
0.18228259603312658
0.11742229860991872
0.14820585240084078
-0.3294169517669915
0.007463575274656915
-0.042463850893370056
-0.19360296483956857
-0.1170881699018882
0.4188436250155897
0.11164694023286592
0.25082663008520245
-0.3933013132323027
-0.3239442124554573
-0.09212583134761193
0.13329374864864607
0.4369378429132843
0.11654061849367672
-0.1299697534532072
-0.19367377882605782
-0.20151541612845741
-0.009890756034280234
0.08810793327857987
0.3506221371493537
-0.0449628432632839
0.00559618224575183
-0.0666929585862952
-0.23432028738993746
0.02023088218572249
0.06511005099763287
-0.06589739673742027
0.13518972574557941
-0.10697575414405604
0.20826918908322958
0.03939528911206249
-0.052344126546473344
-0.2976111839989139
0.10177922156621148
0.11855422357642134
0.037638667376195874
0.1711581542689951
-0.31755963497991024
-0.1860415026652868
0.05365241081969708
0.30099620813471145
0.272319734527452
-0.12286032662895388
0.10133696849515875
-0.5086075603526333
-0.15839764434796466
0.08745607164358557
0.3442594097636873
0.17235020654919697
-0.1838886669535413
-0.2934609594698303
-0.01197968583072997
0.1994847078449229
0.35252319159719764
0.07897162789281312
-0.3510403939076544
-0.19052393703067477
-0.15227026666166327
0.41730427843210804
-0.05763159745016844
-0.0013740463855810552
-0.058685135652078044
-0.13562384799093175
0.07626140281017597
0.004525356404169761
-0.07362514096815084
0.3024021365451154
0.1771979904636875
-0.047700304295009904
-0.27992847232072315
-0.3911011364492173
0.08718807871057477
0.23907336564929843
0.4243724592743867
-0.06980032886887994
-0.14467997834613713
-0.22200892499107028
-0.10671390765382886
0.17919789470383246
-0.1999403475955593
0.3191510993639195
-0.027855223532499206
-0.030518029446972152
-0.04051308001483451
-0.18509174568566755
-0.05369422723549006
0.25576992664526416
0.17409292640127724
-0.026955391169658664
-0.010079577366520296
-0.17751816157745737
0.08745924256063797
-0.147008751676445
0.07441840868890527
-0.06503030462396515
0.07973688911260463
0.12714794263593
0.06051833773616848
-0.43360953613148095
0.20846203265220759
0.01835499027222743
0.1773166362201859
-0.0878122088121642
0.0826993814634058
-0.19002132732441868
-0.249789974369978
0.09311045074810845
0.23135135565197446
0.07347602540827933
0.008704374804535434
0.14906845186107934
-0.06143980666484612
-0.06597072434278103
-0.25813007747067157
-0.05951406387188426
0.1364441719238234
-0.06856876296412584
0.1315963820780413
0.1326784868545624
-0.025522265224880276
0.008920088559398569
-0.14153150571056028
-0.20217115105148062
0.22954857703543732
-0.012664792845966001
0.12381357430939541
0.06674687553119077
0.003580300936003024
-0.1727480686879712
-0.14792939542737527
-0.08410430443046898
0.18473746408272704
0.2577627575261454
0.10866239529183444
-0.041837304073217035
-0.41972566198982036
-0.21996214914566486
0.06148841247531812
0.18582444569108122
0.5177015058583798
-0.046036669816872766
-0.11172382080006303
-0.5217662742194628
-0.02258824048016201
0.016503877298594594
0.47810766817646577
0.24196622798459355
-0.18283261122905636
-0.1965649352547403
-0.1630825449352757
-0.06341316423722335
0.13617197077117835
0.14928664318730958
0.10711784784579212
-0.0039224434236057835
-0.31183241002859646
-0.17877285731628567
0.02136442886206956
0.36193595355540875
0.11170610875031885
0.06121880351131859
-0.006685431793902113
-0.3236187741108273
-0.07109501258519746
0.08797754018058696
0.22455661273922622
-0.129068488129431
0.09014769281577137
-0.33998148515604226
0.05884243947239024
0.07339010718689204
0.1768313868359368
0.10011653728144755
-0.09524399541658671
0.09332397688314588
-0.3014615547125089
-0.05873599267193694
0.20590211212331794
0.3204481037504466
-0.09479935987395469
-0.16162415447146763
-0.3070906498377453
-0.04317276219461508
0.12486822944730545
0.24422235795244074
0.13752315722861017
-0.06463700598569924
-0.09960011212027682
-0.26308915504633085
-0.027975522340971636
0.004690359620124755
0.1753173211638396
0.44693749905927305
-0.09000798212966127
-0.07508422810833716
-0.39240865489226673
0.052194499661570595
0.09259655308540092
0.30571190163645207
-0.17540445104656427
-0.1925335426060014
-0.1716108264362381
0.09067153333872918
0.1374095866604891
0.14144601548975144
-0.03907197086371511
0.06321124223454261
-0.006365144364989002
-0.2235962204162918
-0.007977949576044998
0.124635275534797
0.142478976596131
-0.035113507229703134
0.022668937205151507
-0.0947065044114223
-0.059340219834175506
-0.0729524833043097
0.08001529528325402
0.04643668979959905
0.08694861612987796
-0.21496051446511288
-0.04255517999137315
0.0650010542477591
0.02768974942846894
0.24466018617755475
-0.036648052627183555
0.05015227623520034
-0.12081900907811853
-0.1275530754556425
-0.18382651742263834
0.2571788995724138
-0.006186575107773554
-0.011930454657098938
-0.037081663227707465
0.15288213065982287
-0.2139978050699776
0.11151867924252848
-0.014885739749271572
0.24892851795335696
0.10100479473686885
-0.2547580108512614
-0.20369511622685532
-0.22783247537746323
0.11853148217339528
0.33530001921312796
0.0732879838578882
-0.062441265075655776
-0.03682886637989878
-0.10096091776968086
-0.0956542096329076
0.13851191017538161
0.021910252356357254
0.04035201980793755
-0.061264166465871704
-0.006000680430008579
-0.1499484227871333
0.20216871286108362
0.022601987953024896
0.04240186172191719
-0.14196320779728028
0.04347411675411586
0.09367351405630875
-0.010380443020332177
0.2383511208928476
-0.41216849278528245
0.06323511562656253
-0.30147531024582624
0.24750652404492113
-0.05053070936231511
-0.01923818972478629
0.15041122912036137
0.18748577773173192
-0.07742067876818289
0.016778160320846287
-0.04243185157445883
0.0007729156757606799
0.08397619668651328
-0.11951272176845662
0.014501414642842228
-0.26647540680403625
0.02445619466791773
0.039038476878874115
0.18750001064632035
0.10997480175430084
0.0809325812419598
-0.08840217677429935
-0.27708970563324725
-0.08248135781417089
0.09277161891475412
0.208320045368574
0.1025339889288879
0.12760240227785663
-0.20404204888477528
-0.25594654814644474
-0.0019830076488688603
0.151525877437378
0.15663378824277857
-0.13309938586638223
-0.025891359089561503
0.01289171912465525
0.025780301593821282
-0.04985772810024202
0.1076171211393066
0.002933896241014061
-0.0776739897274742
-0.11251306408660813
0.12816469472078576
0.018085930879102628
0.12468793682447218
-0.0008799843524045072
-0.12062038279982637
0.016712429466007955
-0.20934044688345121
0.04569337207141181
0.14468728050086768
-0.08587531341756355
0.004840736523682089
0.1902493475605075
0.004101273703313432
-0.10499578356572134
-0.009140754277722228
0.0293203488004813
0.07501049044493543
-0.08125754692162718
-0.04997970565809637
0.08720722217690438
-0.15588828125556436
0.09700371650796846
0.10075682511238537
-0.1586679584876981
0.03326160467570098
0.002088700468286346
-0.10488594942321507
0.1160108120763215
0.059191992930488775
0.12800796590926916
-0.002413085839567286
-0.18740305725656864
-0.15928762099950944
0.09851752992017998
0.08658173948569856
-0.018714735965422155
0.29937984814137214
-0.21617382890728892
0.07608021653944698
-0.19397752718363048
-0.10676886015875552
0.09885617239522407
0.09416187272624342
0.13558760785513102
-0.018007820049432632
-0.10832199588776206
-0.19027845005381572
0.12227349245868371
-0.07821531868702182
0.08861144045196233
0.09696557097866412
0.003027539141553348
-0.04954834188096496
-0.016785540649831822
0.16671385720002485
-0.10039160884152683
0.08277703144378924
-0.2005241012724753
0.011276613360845528
0.06710887007493892
-0.17526693489745004
0.1487316868947206
-0.06449021548174211
0.23345271962087372
-0.02593326053745002
-0.15536748795866245
0.09044065695232317
0.006521285120983416
-0.07119337013593116
0.019952562570957587
-0.11746088192557803
-0.0018666956239001553
0.14695450424880308
-0.034192566718134663
0.17249253441697707
-0.12265009292484685
-0.04750509303604093
-0.02365465714318945
-0.012482173514742064
0.014383050094310885
0.003281572392851491
0.288525986016912
-0.2560182166953904
0.0008436476661535935
-0.06338582700849386
-0.18071897447864232
0.23800123790699929
0.03341705527685097
0.13304201221528944
-0.048685518610503714
0.04893401163086019
-0.04150528125110696
-0.1124961764526792
-0.17609518393684265
0.059040677875066755
0.018037837001247684
0.062293433153650546
0.021193115093185
-0.030043300944934116
0.13629621420373098
0.03176816092910751
0.13434007204882129
-0.21879180146460786
0.08069487442817296
-0.051489045021190644
-0.1325002383031921
-0.04309266592523584
-0.10871532614761373
0.09098269518975156
0.11163679518422427
0.14164493726852645
0.011867349409634001
0.1582830052443841
-0.17903564720352297
0.012513161714483217
-0.069839133397787
-0.32018877061208467
0.12532506046669079
0.21014342954270737
0.02407535663198335
0.046335215089721084
-0.14149669540580778
-0.05239358172869042
-0.0012038008037138538
-0.03428798565004883
0.2869536875744838
0.061047222978893166
-0.1616710727445934
0.0786535003489301
-0.15134817005729623
0.014445712222944482
-0.042294026046474954
-0.14113257854813052
0.049973140507247285
0.1319626038156148
0.026792012337157316
0.020301219785032798
-0.11300695702777754
0.23163452674289803
-0.06179640647700069
0.0198545257834491
-0.05850692575976423
-0.03772393180168486
-0.23330163651226568
0.15971309645888443
0.06844317667058857
0.14689149464124024
-0.004594261836604321
0.028231171581010437
-0.229726747957032
-0.038542799969291566
-0.102336314683398
0.03879959044813204
0.19469153297069883
-0.04862573161694975
0.048855378309663605
0.06661354316004764
0.13321105974651543
-0.024463226540951254
-0.1466003840573753
-0.13868427057812585
0.0759756612303144
-0.03437218271019092
-0.09435116154259415
-0.006021331676510363
0.13705009719647532
0.15585925256472144
0.054819916343210214
-0.17570350419298889
0.044753812412100344
-0.07279681022722082
-0.09584000384744458
0.021602064947602785
0.11614993071874069
-0.015613704783142623
0.11330231347400044
-0.28219350769750584
0.2538391596963943
-0.0755260819600536
0.12889362954059688
-0.0422783060768108
-0.0925350034909665
-0.13507899478166552
0.02806787485784793
0.024493022902035012
0.011049086825042145
0.2558595457189429
0.010673875737318855
-0.05103278285899834
-0.23346742833414635
0.19426282074758638
-0.1355617407504086
0.13026251278319625
-0.1707944947695962
-0.0627506878625258
-0.01805759002986071
0.12302434068622307
0.11642903545879157
-0.02485849063521821
0.0980094311452693
-0.009719651190678951
-0.2012663063000018
0.09873980944109426
-0.16991213067906102
0.030589539351303072
0.18405559640559432
0.06393354597095184
-0.092885011710736
-0.06405454681922707
0.09585742609781703
0.10699674523274588
-0.301583624357012
-0.04484879392359911
0.21938749675431116
0.11694745162193379
0.007827558604580297
-0.040996284834068364
-0.27676806385299724
-0.011577281463194878
-0.006036319250597026
0.11820839965934703
0.058469901832228985
0.2084234775651262
-0.19909380182401398
0.06814953998042482
0.05489762580213869
-0.19129411393986182
-0.09251525196547371
0.03506542113574687
0.27641798143460694
-0.04896383637332093
0.15774448997277718
-0.10189505420986425
-0.2566814672686066
-0.08832088837617617
-0.05645911912868875
0.06556545607503678
0.17850656119343783
0.02380895504234562
0.31944586000126335
-0.2516357364783944
-0.013573099340428156
-0.0564392428017997
0.09913675905474573
-0.15710961865991221
-0.014774233036715656
0.022454062892722906
0.06611072998889939
-0.08199911887118183
0.02530369345768893
0.19902285979297335
-0.07250902383373124
-0.011663724557065288
-0.042738515515112534
-0.20759379963122107
-0.12468662371511088
0.2548277945256195
0.21530054260269124
0.07168874801506406
-0.041078888935993416
-0.22119665653916507
-0.07130353643249457
0.08154541038498765
0.1009029689274532
-0.035399129903173454
-0.11374946832940178
0.030963335630861476
0.009955137461394724
0.07551289988953075
-0.008760221727444055
-0.007190411865004419
0.02410871390499065
0.006818312646593283
-0.0038291668543015203
-0.05688835598016333
0.025492473261605024
-0.020494043447767767
0.027235685270872258
-0.012733827409032472
-0.030933781273051526
0.0011634411071882048
-0.08525199152348419
0.1262295709461514
0.028501869193145277
0.15760176236811
-0.04214419190804562
-0.03863263896955929
-0.040423705552555304
-0.17081136368988176
0.0005571743129218162
0.0314154252990194
0.02302460863570483
-0.014501989881812187
0.09436599698206571
0.04691393089080916
-0.09423198485805831
0.026886791414597072
0.19601646704561035
-0.15741520792979793
0.024490212253625923
-0.10184636942684755
0.016345418365894978
-0.057416828017921674
0.1420938299464428
-0.07207945110650935
0.04967922362505936
-0.04802066615712014
0.008954366922440178
-0.03318829226831257
0.08932231147168804
0.14763254271727638
0.005919500827169002
-0.16354948877312703
-0.09339228374865352
-0.10310163640526825
0.07746581977910391
0.036710637725400876
0.012801526750261426
0.004609605012293374
0.17139328341503907
-0.08857916115284195
0.0878879888134431
0.07158239193375071
-0.09035749876328218
-0.15933053084761128
-0.09987049785483497
0.0717255268950149
0.015402073267350262
0.00661344609154323
0.16043657983174386
-0.05186462143727899
-0.03390637126541592
0.040110671850051155
0.01933330673453125
-0.009648824821814603
-0.0427412033937373
0.08843206158863208
-0.1412966286105542
0.09766440878678881
-0.21277575953968375
0.2594378226500234
0.04351934046499849
0.0040925146241787645
-0.14326013590066472
-0.08623204766043102
-0.1851955941800271
0.08858574790296209
0.10625288521895287
0.13999823042881115
0.22488260214496175
-0.08315429075574778
-0.036675780461044395
-0.10775179368458218
-0.012011505198688033
-0.12131240479131973
0.06564744543129801
0.13131268821708977
-0.15736348151388005
-0.021364550877944394
0.00888192633082448
0.020719256641703557
-0.05716830413653924
0.1637416830324471
0.1685791757890243
-0.1739542681105189
-0.06372287277437416
-0.03974812957234419
-0.11749664785799327
0.2805065830422442
-0.08445602620096297
0.09068850261893885
0.07348832845216394
-0.11280995657933482
-0.12392004877813416
0.030417078775402687
0.03821440496474156
-0.12421971619015647
0.02910334966996528
0.0407543762105807
0.07299872553152711
0.026675179938669705
0.13154180042334282
-0.12802637272178946
0.1598287579239148
-0.4481589849725484
0.17344048850594934
0.06976266790222782
0.08154252302501802
0.15800522019703528
-0.23187999446095228
-0.0327098809893806
-0.10812314919339483
0.09331639890354429
-0.0025335446262667385
0.17568130167471618
-0.18558528937342927
-0.014699155917764856
0.16311955049346966
-0.134358214461217
0.2523835507751835
-0.1741493373745671
0.19913765636017472
-0.2226387830893454
-0.13500514016319226
0.07999850536217137
0.058405171531862685
-0.01056054578999157
0.01881379297375368
0.031893795860873
-0.1321881650581141
0.1078176511202038
-0.06896335367175244
0.14750578592398583
0.08744825364064585
-0.010908927878696559
-0.06099098898809207
-0.22529810003344852
0.09585564533661647
0.03719337640758324
0.030106629579213832
-0.12326928455118305
0.1773068777054589
-0.20645422523448206
0.027590039959055897
-0.006998559845320395
0.20069164114979238
0.038920715443043624
0.005552986539828581
0.0053581824697846265
-0.006560035419419543
-0.17568446691526565
-0.03501261839734932
0.037242263626822175
0.10473752954566772
-0.07513679754683886
-0.10837508644511336
-0.0013377629984766693
0.14238419747919157
0.03721986889924438
0.12226165472721169
0.02640088193290839
-0.15119167471399195
-0.15313163638524796
0.12809382375918943
0.01927037546032613
-0.07445386487633343
0.047324015668555604
0.016970074776875576
-0.0714548378135722
0.1133061960374672
-0.15471649069276738
-0.004435694494376096
-0.028972427929154557
0.22902202336487756
-0.06347794804272516
0.07546654158070382
0.17523712989989204
-0.06884823925454524
-0.05873442579851014
-0.0587344536448885
-0.3478764563329807
0.015562094551551952
0.066288091766771
0.21288446363418836
-0.07352081406015804
-0.04496256199450215
0.23057417224885873
-0.0917662446548847
0.10721653472954765
0.05351456257766038
-0.09285820762097682
-0.09938886493677432
-0.20358552529540982
0.0025974804730759284
0.1642417344068079
0.1593314411300097
-0.05362303794661196
-0.13265661041772375
0.08554098393263657
-0.03319558979052435
0.11048719114142042
-0.018557046300791302
-0.0535390303616423
-0.14524702717338733
0.051118326040054174
-0.06693957459105064
0.3312721627843921
-0.10082823167926856
-0.0025823240225897924
-0.07506544626044008
0.02192089340748777
-0.08119030574386454
0.1882280342926424
-0.26375411933556014
0.005114030812015946
0.13786698741224684
-0.0205361100060217
0.11129080038504174
-0.13928513537733134
0.15670069286727628
-0.05144948207579683
-0.012534704844530484
0.009958922193217153
-0.13456736720728127
-0.012081642476138944
0.08776753625130779
0.05041705768384441
-0.024325707297497924
0.015682023378787237
-0.013094167997513886
-0.09992232760563974
0.0712124635942104
-0.057990698356849904
0.10193181665520412
0.2993137206305687
-0.21575649613378237
-0.0030429301964628643
-0.18629312042178223
-0.13364389511039926
0.003980534808721771
0.057673048793840366
0.2511186841201035
-0.06433807560898597
0.15122684073858983
-0.08929879402327233
-0.10107686123778778
0.08552768745833644
-0.03691343631174392
0.037264048668840796
-0.0657341330141176
-0.026218918074849915
0.05355489188580678
-0.0609583150263038
0.14932289001137056
-0.1916352443441428
0.0901869837498374
-0.11400495294076338
0.1365926236122357
-0.041774030054506923
0.016112178183381492
0.044679400543267286
-0.012175576203910233
-0.08490661748875686
-0.03014736243115839
0.044994975674527246
0.12024651100457937
0.009922183004269156
-0.010688609904565119
-0.03324177190067955
0.030576934479144023
-0.06880418906071242
0.08256591738119651
-0.1244940495438697
0.16995183533703898
-0.05068307368360221
-0.14587584984838742
-0.10987480549278163
0.017157877310310807
0.0210310700338258
0.14029400757790345
0.18863971980489244
0.0526929727312605
-0.18705767588363642
-0.035218570699196435
-0.0019150562187266844
0.11580741848337917
-0.06786677273559394
-0.10595657066132669
-0.15395441016173989
0.0852933205697436
0.2222564901048067
-0.024955528462003693
0.12238065942244913
-0.06662787486279274
-0.09870482695204962
-0.058898371669191034
-0.08709462217299538
0.0295952811682047
0.060561265041315405
0.021215456356168977
0.15480219750344976
-0.11462546426037384
-0.01037340736075433
0.0060607284369684974
-0.10214458571073068
0.09955874944631904
0.12535348874570065
-0.0001277261789942568
-0.14322544620313502
0.12450910621505024
-0.15414474396750058
-0.07563867826406251
0.27141319362973376
0.06870065709656162
-0.1733913900397024
-0.24176100945938347
-0.08849991256952686
0.09372592536800248
0.20628158948124148
0.2328164285015325
-0.24681679272147758
0.14484146714167845
-0.11128429192859948
0.06195441990478538
-0.01094908329495316
0.07761825219896205
-0.17929042359441993
-0.007204259914401875
-0.0959410967272191
0.032443439405306154
0.15394832220650062
0.009448863914273532
-0.08052073048551968
0.08164251421363493
0.040220755894081056
0.01300112810062374
-0.07390073185866584
-0.14737507172477285
0.07699553079332887
0.008118493389698271
0.12151981760814298
-0.0720753418841073
0.007745012159536907
0.014239774409546394
0.024920199430589957
-0.16792714257075264
0.0013822139705729798
0.10394256731617675
0.08881917353704542
-0.02386397126899196
-0.005166064332007014
0.0904034608591116
0.011044948779513732
-0.022912022307168604
-0.22852262325599607
-0.04889460598982939
0.08376961252058648
-0.030438026249072537
0.08530536201240328
0.053022177097001535
0.15517783996830903
-0.10661201056698266
0.06182460327761516
-0.16492349260347913
-0.03714705998682348
0.09826869991249715
0.05393143981329572
-0.12816456958721698
-0.0491026631130005
-0.0030243810590540425
0.026537902911494216
-0.10823280955524213
0.2742876200368902
0.11343543459370498
-0.018207785313298856
0.005114433215566941
-0.11608717277484241
0.06405149925511502
-0.25712947550424703
-0.061568148418961355
0.16175281772938666
-0.06786814448418513
0.09960293063674319
0.044486992236748985
-0.1573054239762116
0.17818940461613386
-0.09176721177113958
0.13034367844309322
0.15102326580516512
-0.055742144525792355
-0.34938521298140446
-0.005356631791049372
0.1356191416579956
0.09513792385984886
-0.1282828383716698
0.15978864804629814
-0.10411616660264676
0.11171933824836766
-0.10401795493517924
0.051583407021547845
-0.16157396188413414
0.13064079977013882
-0.024060257890166074
-0.01434458383668645
0.15474399601783406
-0.2361813234300219
0.22636841778360164
-0.023076776654959285
-0.05507118152324035
-0.18821175221887282
0.1695930067567895
0.04736481171876483
0.004993976653669838
0.09194384488543965
-0.22422677548522302
0.2018287160910792
-0.10845640066089424
-0.15875430006297778
-0.007305795271277324
0.0025130344137641314
0.21108442025396063
0.0016868297911885044
0.0359700764017066
0.03884954113092742
-0.09495099724809579
-0.11689071000421705
0.21585524474576173
-0.11702260076804961
-0.011327311796215971
-0.1048189610356943
-0.022880258012887636
0.03876851468605095
0.1818300575640538
-0.10907521197697423
0.20291212725446658
-0.026701937935080605
-0.11674169778106809
0.0028253178858480554
-0.1512348766292518
0.13022066903939747
-0.04932313618135359
-0.10805620598058724
0.08834877529737939
0.13914959327301396
-0.04725214269328615
-0.09627763567518019
0.034995127977740126
0.04192019218802219
0.045436873992906475
0.09576233288382843
-0.07337457849027926
0.02946485459479376
-0.020852374325996056
-0.16756228891582572
-0.15952483441636472
0.22183899334498725
-0.0379221148954878
0.2259963124166705
-0.2154121837072524
-0.0076125217689159835
0.1689524632914186
0.014111583537677212
-0.016060818392181566
-0.009893665453410775
-0.16819184723407093
0.12469713433629746
-0.21076854113796809
-0.0792090491773075
0.31837641634141445
0.029218482921901722
-0.028906845108941218
-0.03745816940969343
0.08554237247603434
-0.12212096827100652
0.08540881178240578
-0.1037700292069223
0.01930510369812674
-0.06340929129751703
0.0016700753401820484
0.1678658689434874
-0.08643863309988215
-0.0024562686551173364
0.045063469299832376
0.02674060120084491
-0.00843109641361524
-0.0802872478691844
-0.19650145615946718
0.24845104931676096
0.009037146389494875
0.06410911561526422
-0.02488448125398536
-0.11654091627720312
-0.04878679186396064
0.1588404354507182
0.06364375551462073
-0.08723658580613491
-0.0004965148956388625
-0.05891278609465999
-0.13922536092074328
0.06333354421450228
0.15321099067032584
-0.1521821091751002
0.10840334149951819
0.05390813066747313
0.11015999293211928
-0.049056012989057846
-0.09100775824138561
0.058594002095994524
-0.23789970407677585
0.12399644054698936
0.10338958181476363
-0.06207047565736908
-0.1080310572824136
0.0478143217980413
0.11422474233706453
0.0275562641593519
-0.05783919321444754
0.01724330749542065
-0.16765833443966638
-0.039546283749525
0.16057261584734683
0.07810826060572826
0.19193061784070176
-0.1201182081108215
-0.17108369943279908
-0.005732701263686463
-0.02311689749318439
-0.028603797433257066
0.07281194841552964
0.011990400989437197
0.09759882652933807
-0.07181106471992449
-0.03291087192743833
0.1637848654322271
-0.2913172102503067
0.15621430207943887
-0.1124496911799863
0.14276492391419088
0.244766361325085
-0.21793578154215817
-0.10931233509480277
-0.08685630043191157
0.09935835489329725
0.02175411711504476
-0.07035354113926419
0.2767012726235825
-0.10795568180089161
-0.010520210758468205
-0.021039597681395173
-0.13969152868752052
-0.033946504671398516
0.21405984307201287
0.02074623370436943
-0.12708459164959343
0.05696835309264468
-0.02832744019886358
0.016619297451728687
-0.05251793460317718
-0.007219689120835099
0.0965505116692132
-0.1036493062724477
0.05568459725934806
-0.053471433287009464
0.05868736782822247
0.2221757216542078
-0.030781863876092885
-0.14462816836704095
-0.10745002024919308
-0.19080670255255586
0.17496547634248125
0.1305760403312895
-0.020145315528459773
0.044928500641198986
-0.006222049776016342
-0.06314620726718273
-0.12193369332541538
0.1085167415751807
0.0373815104630453
0.0627497779399076
0.05118119194221747
-0.13872700588294207
0.16604379659843296
-0.23247487530134747
0.15553245639514734
-0.15325390525798904
-0.08680783173845286
0.055484399830881694
0.12267897089658855
0.013333859994780123
0.0515855175478019
0.07303058295780138
-0.052893998901893495
-0.3208896006368557
0.16124009504341894
-0.008362679681005748
0.16296691077620637
-0.08010274138060577
0.1995359959789404
-0.09655110886880812
-0.017839823584667607
-0.17647043348561237
-0.11854629511097708
0.21837713729235883
0.13255536323469905
0.019564317229252982
-0.06303674294917026
-0.2382309504275323
-0.028307012550925575
0.006701453381054361
0.12673374655959674
0.2204231678734572
-0.14394513736661216
-0.1119076688203068
0.06842320308952336
0.02680812978684509
0.1692045566676896
0.020383134659181852
-0.19652882470464142
0.10561174129229348
-0.21070094878135837
0.10519232187404629
-0.07493358428034923
0.006148489989806768
0.1329858367807327
-0.13274059992701484
-0.19539528454377197
0.1902084362052204
0.10684238030867965
0.11673154395523938
-0.06544831720146821
0.16824349956975218
-0.1738106068268225
-0.05683101390835726
-0.056382972465784484
0.02465258771533228
0.11841846333815595
-0.011195630627770209
-0.16988477122097487
-0.02134056552499599
0.040845954775637676
0.09906064035957203
-0.08637393465939697
0.16911930585993112
-0.01794644425731954
-0.22666188395745668
0.09980042569022665
-0.17209352831507385
0.4467632680822307
-0.1635598316483582
0.11397247629779189
-0.27715436586763514
0.0678144121944482
0.04786969547204314
-0.001091873989182763
0.018380839391763312
-0.04665455461922722
0.041769024564754856
0.053762398125261665
-0.12026565861390906
-0.000852573014625737
0.032873596797043145
0.04856871601206647
-0.04811811480956595
0.02840964954585261
-0.09617543634661037
-0.05866733292600254
0.24414877721887834
-0.09909056787870828
0.07420044060032824
0.15345413026233226
-0.09451016919144273
-0.049238429173055896
-0.26626123869426516
-0.07557505073364912
0.22337034332759365
0.1320758959775841
-0.0336828815363382
0.07105414368337333
-0.18455904882731602
0.12357201776481025
-0.11863327540331949
0.06565160668451539
0.1372089798778954
-0.25752528170961103
0.02818993553918866
-0.008182679187541708
0.10060241566563964
0.14078883925952693
-0.09383064960543343
0.007630281431824162
-0.09943215633934506
-0.023585165440200388
0.1870262580134376
-0.0307148362505981
-0.014256022065355325
0.07304404748669094
-0.25915449281501557
0.15544518803297389
-0.18385943807437014
0.09935956750815313
-0.12035282278912787
0.14814448685001963
0.12901124079123025
0.013912826527990012
-0.07262619084462232
-0.005996686405921513
-0.06853628947954765
0.0018024891762121603
-0.06060074398325275
0.001567692331345356
0.3586792337891001
-0.001640454527200839
-0.2508747119571752
0.042843206952849815
-0.2563881627653822
0.013246022169275775
0.18216052423897452
-0.0674044938960609
0.2120730461291302
0.04806768457939596
-0.026084990075868945
-0.14809275717189524
-0.2207953517799272
0.020226085059248482
0.21557917541706603
0.12940203271485395
-0.03765946182963341
-0.03228219095298083
-0.17553154431312368
0.0742850035451769
0.03323511766901471
0.13634492523729158
0.014828475985051126
-0.045962069449440916
-0.19178729127294983
0.052678028345983376
-0.14233809232504377
0.11062360668271153
0.02512891041741482
0.05816895490695968
-0.0639298573892429
0.13285785341319317
0.042181780845182884
-0.05157423754172774
0.02834416379126236
0.22148790935525664
-0.3242482739406687
-0.03282115009796655
-0.08834569145562624
0.03641581225641294
0.03416241946141954
0.10036666605895951
-0.036674682079499615
-0.025977495605835774
-0.015932805526979232
-0.006391439977659022
-0.07596500965111704
0.1450484864444941
0.136994769841906
-0.029671423966295525
0.08681447628380187
-0.05174573373299253
-0.10225940291964607
0.0203875988602042
-0.13460555399926552
-0.01369223046849964
0.01857349658132272
0.07672647192658648
-0.045746205369058116
-0.019679770121260893
-0.048547543517801627
0.0797939109064739
0.07291749472803329
-0.005383083758578218
-0.10976333872182585
0.12123420235589209
-0.17187720464375675
0.443308802080921
-0.07096497806821662
-0.1172119991266486
-0.22008368227962277
-0.03621180936706147
0.09819606600251356
-0.026896064396545648
0.21948698396107397
-0.2664482108355179
0.02524691519466607
0.0006290368274426243
0.14116077838701574
-0.08432802745487347
0.08929381489949965
0.13019055530360518
-0.1911718449658647
-0.040064234021884096
-0.01838280276054826
0.22576761822410835
0.023020866432606604
-0.049975038604994505
-0.2982037872489212
0.12409139116192852
-0.0646117227781903
-0.06609905091239375
0.22384554303121265
0.0015116243715099474
0.17620588798837572
-0.06337690998115278
-0.22546963681773816
-0.0772224015634862
0.06543448990624665
0.08579270953247517
0.06960114095482772
-0.01551794926050934
0.01331261734746493
-0.07836565194403258
-0.050357743005602494
0.16741378588358385
0.05814568257124862
-0.10541045692794965
0.01610592298634067
-0.12854539116001437
-0.083775564717088
-0.05150478205409115
0.19705587497458846
0.1078035614583093
0.051130389805446826
-0.07345019612486785
-0.0397436444862647
-0.02319655196305119
0.014001054856031859
-0.13989822646252578
0.044076675804733026
-0.14311943112378794
0.22968516332893843
0.1255997412704493
0.010194624458926976
-0.0739347045653855
0.027772405206253355
-0.013968324203515466
-0.08801557176971089
-0.0457726597222713
-0.03996969292393816
0.09495983494035505
-0.03953701834428434
0.06483607492167276
0.023922974151057097
-0.13222243932459993
0.03288912181490543
-0.12268711833604824
0.19956352952867032
-0.011538849732197825
0.10463554668786881
0.22774752081901511
-0.2972136944171563
0.00052901106269316
-0.026795658359426853
-0.07326044655155418
-0.07694632231130852
0.1695477722821134
-0.08932156896212512
-0.003935340809445392
0.003953741509439168
0.1578303611680047
-0.016993260440221983
0.04061900847757417
-0.2149616692095972
0.0020373466210130992
0.08095782827137275
-0.010447470507509694
0.06422726200399281
0.06832499244951612
-0.001897592916282241
-0.018242923055902076
0.028259504975370147
-0.16625585971132317
-0.06020034641190646
0.08338989541295863
-0.02776356063633266
0.10805749678977492
0.007392942250122103
0.04781948551651244
-0.05986006376153089
-0.029646832813396
-0.11982845384963729
0.13583117165069147
0.02289753496618613
-0.12784829729746683
0.20302998154474233
-0.11207842747242483
0.06486651526066996
-0.13138537484147123
0.08001107122995343
-0.1301018814269947
0.12754813608038135
0.21185634097796935
0.02876038447092205
-0.22428450400201663
-0.13720105493733847
-0.11223627176058007
0.22945271522515037
0.04904328518751797
-0.06617327036967259
0.048042624699110595
-0.046046954349970866
-0.042306103119186846
0.07593471620217634
0.1994567434532089
-0.0980760926213545
0.03756625636824526
-0.17702456443001172
0.08613385856271503
-0.2596922312415346
0.0021990401929029083
0.12797378670943504
0.15229814836829833
0.07082140775631542
-0.06116434134784443
0.017424056760448458
-0.1986971942891711
-0.008772315229630297
0.12094521013262122
0.10129205368451347
0.04898881713249414
0.006635111006482217
-0.11266755836561516
-0.16048619284549662
-0.058794780476832995
0.05881751585044748
0.11713808652295998
-0.053629337085545375
0.10633457966929644
-0.045283426012661165
0.011603258528973119
0.1337432451387238
-0.10317743116984535
0.13253285423009376
-0.19567444276504442
-0.15602122546163122
0.09512972888570438
0.05760028819064553
0.055611369604573205
0.0899666730069674
0.013460370507287517
-0.14071976809081652
0.06505523556930178
-0.16691559236862077
0.06271274005690836
0.04782246877656537
0.08674033633590836
-0.03584073150873906
-0.0856748926497164
-0.030176540047908047
-0.013326783602511973
0.2745521713494972
-0.1323803387003472
-0.015487504853425729
-0.044848568988642874
-0.12396673854081092
0.11381183161989213
0.04607949610085632
0.06281209029907751
0.003004784376267725
-0.09306404509011591
0.013065981499102361
-0.07656100924156047
0.1826336579466659
-0.009283580201098318
-0.13448930585515123
0.055896962643720786
-0.13287041006229036
0.05408059756434716
-0.031217577892563804
0.06467161909363323
0.06913572169274637
-0.041088445536928045
0.14053430913804582
0.0641045650618848
-0.04120331636920459
-0.05889814777243542
-0.042200058811385555
-0.23911161605833048
0.011209423332776507
-0.04162222628689115
0.10079802435658669
-0.018194086704163018
0.31294481476017644
-0.002570306295943056
0.1497780088121601
-0.23683461671535194
0.033505490488743454
-0.25571247378596723
0.0020193171666542803
-0.10557373533675761
0.2352604396809056
0.07726438979822871
0.04835609545953051
0.0405630924168444
-0.10781388789774524
0.0390047528569554
-0.20062738232640032
-0.044507646350219254
0.17869643385065262
-0.15865328431318199
0.2890142747795143
-0.03046880193617002
0.012927323072437987
-0.08765679728448975
0.024071492663785242
-0.03548913062177145
-0.14560632370678575
0.08632210577211612
-0.04742102838715927
0.2269554575537061
-0.09566448676711212
-0.1121710879314095
-0.013712826979132906
0.08249146622750045
0.15861756934609167
-0.08355286899739545
0.01748241387718072
-0.12495161439434865
-0.05435083249845581
0.05827701522940597
0.06675859966668783
0.015941999408876424
-0.06501344782497437
-0.025541608287045287
0.11422705079728325
-0.004396018958492736
0.15835018425520064
-0.2061477350213701
0.011440308579797782
-0.024033176456439855
-0.21198907965233704
-0.014589752663063463
0.154349734307103
0.2027216406224833
0.1433462526708882
-0.1171257586258109
0.009070194113954332
-0.10656985980825615
-0.16562341065093564
-0.02681577033872993
-0.022672111443459236
0.18379775452439628
-0.03462668586157824
0.10395470679542511
-0.06412722147439852
-0.0004018132735313547
0.09272111982643477
0.02661570564151799
0.10521527407988471
-0.20819849432745222
-0.20359029523701763
-0.05251262603946717
0.20246508163247887
0.09802895521839117
-0.0567559915933971
0.03198675354375147
-0.015122414470015139
-0.056726964571190835
0.02938724755350558
0.05521720943208289
0.02359071399268735
0.018577388050142266
-0.04745369388111034
-0.0010807298822683017
-0.3163469037839526
0.26390181965892423
0.07847477764456218
-0.028551980200295285
-0.04415735713883793
-0.01499690067164211
0.23090769792450275
-0.13882280174550607
0.14050698285543553
-0.38523926772968947
0.14742041059613842
0.033069675087300264
0.005430905630054814
0.02058957488336932
-0.2496635612274501
0.23153798200707176
-0.0833098336845855
0.10212390706224037
0.0791416135655097
-0.05429184292984604
0.1810398816256272
0.04057304602665185
-0.2501633012428417
-0.048300250394606795
-0.16081125981789746
0.08958673530442045
0.17549430092490426
-0.030428635218461425
-0.025308086306383724
-0.009150067661305758
-0.04842319437374317
0.057381159149749644
0.07472914745777562
-0.12056317018735124
0.07436705519935524
0.07531166518771161
-0.11058359883732585
0.13207705519732585
-0.2241859955661586
0.028908796775109494
0.02411496134650474
-0.026286184784340347
0.19930501808838041
-0.01637650454194225
-0.1269684469103323
0.07383896292820219
-0.0452747557909864
0.26479366694197126
-0.23640315960298675
-0.11453815499860949
-0.003932677771126471
-0.09095111394194041
0.13034169993377043
0.10420806982927641
-0.07036526599504073
0.09416209255547774
-0.009626499798585528
0.02602970240979008
-0.0961409639249529
0.22642104514250094
-0.16094541707293838
-0.16957971776760958
-0.12034625229566148
0.1533121999495488
0.017913451038732944
0.265025375697457
-0.13183543419025257
0.09039119666723597
-0.1666044934455146
0.012218292450007419
-0.11669986020312516
0.07805579214238018
0.11768385760312672
0.14804606907734996
-0.18476615630765056
-0.1636340797526444
-0.11063426785485149
0.22433661828504584
0.1247782264294135
-6.42493438966496e-05
0.017448481516054073
-0.1393007685215914
-0.04874080238984593
-0.002131193637462697
-0.02982466516359641
0.24131784135671636
0.033529944456782326
-0.14933162149833928
0.03022246200246055
-0.17236128904184553
0.10446877127621497
0.004744056655738972
-0.034149232509071606
0.04832066362778412
-0.08572818690864772
0.18195242770615294
-0.0215639972946865
-0.029298400323105593
-0.016769257380925967
-0.014422541920051747
-0.053334277777481696
-0.05938792230289288
-0.012867042547296877
0.35174847649134006
-0.09025330736422202
0.03790224955099307
-0.29446714386813067
0.037150843104869546
0.07969131563392563
-0.08813333867087522
0.08467157160383604
0.0544103000384704
0.013162428998539534
-0.14503327364178656
0.08824211685220565
0.010120055404485248
-0.01569552115234719
0.07277837743030025
-0.015350173891945568
-0.07728611263865723
0.09604962373910797
-0.08928260065482754
0.05186749699375205
0.03131523412025905
0.12771305559893512
-0.1627632822257075
-0.25737216438135224
0.0665159694472304
0.1852591735653383
-0.04882170133572766
0.06246282561977107
0.08202405415488456
-0.0303762616597075
-0.08988844297111022
0.07514206364014246
-0.04484520479754091
0.16527433221227164
-0.1059540110721459
-0.1987734124906565
0.004689635385661677
0.043187643745393786
0.007548474559338002
0.3130943975414441
-0.20916279873967497
-0.05201263733024951
-0.02337221124489236
-0.04199368425901315
0.08224592213601083
0.058097022597839484
0.022309295834439864
0.05965260731440401
-0.12621735046243415
0.02383931763392618
-0.1304678070085046
0.08550509548159065
0.1432634070180387
-0.09186315184190048
-0.026958629585912327
-0.004986347182681158
0.032345429917355485
-0.10348778828915585
0.004915338297701674
0.022091303075550028
0.05343088916088723
0.11410231546396862
0.04536681855748328
-0.0886556176210624
-0.0892575361062474
0.09206936187260031
-0.12220467826524112
-0.03482540775202121
-0.08303336478769455
0.13710639295605237
0.012637555806900774
0.05970437491429588
0.04841019708984489
0.14110394422982056
-0.05277980873946504
-0.1580850854419971
-0.01354265991798125
0.06997458989553122
-0.07789572817797266
-0.15326438615692045
0.025869954487653016
0.01666894513711127
0.0471098815308005
0.13651434808497173
0.07568102188915635
0.03162451954787985
-0.10649186615803474
-0.03162434171329889
-0.13415902091914425
0.1605986257243913
-0.06425580810954604
0.12921941187618208
0.010085945613131711
-0.07515317041064526
-0.07143830363483805
-0.11764506860118307
0.12862406680817343
-0.026921075955416658
0.005454495880936886
-0.0328096225030094
0.034476329407238215
0.14176702715416578
0.038828182428843616
0.022503317611007267
-0.19261781423857263
-0.004959223626753908
0.0630443532233703
0.06619817083817045
-0.09704389929133082
-0.03797238794876421
0.09041198938446054
0.024772862656637834
-0.10056398312458609
0.054513708951002396
-0.1678976808205018
0.12514600405908727
0.05033806492084045
0.01512058864125592
-0.0390364532544236
-0.1727749020473241
0.21981017813528778
0.07325116927407369
-0.0839045708294815
0.09475330318131645
-0.08114642437689316
0.1517763803919341
-0.1975277129067418
0.04786766447196737
-0.14776473600728077
-0.04029246570004773
0.03956219661820408
-0.08897180922902465
0.2809666749513317
0.03186288965777164
-0.058201393252812025
-0.08034693339409921
0.1810178357332062
-0.20824332483865837
0.15261983314204092
0.009986909191968709
-0.1022042035482682
-0.006168885078008977
-0.056843211844977315
0.0859477967031333
0.07671857848642916
-0.1402755292427144
0.10190577467496781
-0.23767980008490522
0.03224630120572956
0.04260248702201741
0.0026579962083185978
0.09818700228853905
0.15694041148997967
-0.028464352280153288
-0.06017996688521902
0.1856631992207501
-0.18924540150824065
-0.03465986793196988
0.0020382400293589703
-0.12684847006161154
0.08948996288508432
0.037447573822968275
-0.049851115495321716
-0.20670712126921675
0.255104467429992
0.07207920821875696
0.060198305489178434
-0.06054805660583221
-0.07595619738081097
-0.06897714622493278
0.049052060949629835
-0.24034889696910583
0.09180934106854985
0.12349905334942407
0.24610136740064692
-0.0403786447907521
0.019429253257088577
-0.08872493208146082
-0.004150607849707055
-0.17024263682195107
0.09397854253659917
-0.062193556115154175
-0.10835439412800528
0.0638348802567385
0.0867438290443142
0.04110402104147957
0.15377007406154028
-0.17077290968697262
-0.018037237586377278
-0.17193421506838488
0.20487618324507176
-0.09171077607031937
0.07694001409945458
0.25979259576022096
-0.1480871183224069
-0.15125275821394266
-0.02923267628912725
0.0036453911131459106
0.08614170271985791
0.040982429464803787
0.07368469146964071
-0.30240975228518996
0.06254801842364795
-0.059011319501863974
0.18597814320201939
0.08108141918342356
-0.03599341126966914
0.04981846658246172
-0.01209370089580128
0.07619755705097461
-0.15323311480086171
-0.23014756116961388
-0.02484181569273182
0.19937723842059712
-0.09348027082352431
0.14190194517399835
-0.004166840336872205
0.1792689174300434
-0.0743564623949021
0.08009369842712794
-0.08847935092189627
-0.1283485983788472
-0.03395071510677533
-0.05415744589225088
-0.0194799795420616
0.09123694740838542
-0.04584597030394809
0.3078879909149476
-0.07356531358178323
-0.03229046108786317
-0.1797921068353559
-0.09980339005415614
0.09450659710157677
-0.0451624509218823
0.1238750958579816
0.16591092522594622
-0.04090633064252111
-0.16326518903193715
0.14043468061920333
0.00137579684696543
-0.06267729759104008
-0.0055114942507184
0.045014931474054484
-0.16695852981351605
-0.11219419326774671
0.01820703154613676
0.1874844795869511
0.09393878864790652
-0.11338211066937409
0.044783829020923704
0.09970531929173435
-0.061974811246025927
-0.013567108786401681
0.011725441958453316
-0.015992596605570522
0.029303450212959603
-0.026104379112498195
-0.19503639736106926
0.048070562650778324
0.0990498026669559
0.054173269214567554
0.05869239236625238
-0.20127898483278187
-0.015077576293717245
0.12970421163287357
0.09161403032172248
0.115857813438411
-0.007105774973152051
-0.3351508833571982
0.06232716144155169
-0.10051500387001884
0.08876740164435687
-0.07588414987453687
0.15469745407169677
0.07202681016071592
0.1330212160575625
-0.14120345619232713
-0.08190987479328196
0.048559047864632957
-0.032671374102126144
0.03081593427845202
0.08042449159692544
-0.12966737278856424
-0.10903167392932678
0.028756780537212957
0.09308558104418041
0.12777740083316108
-0.0875896015329945
0.03279378293946111
-0.038770086393067664
-0.07319847444967226
0.04377893743383189
0.040851612010073673
-0.014393355114972887
0.028651797952192
-0.024253167181212208
-0.15294101403274965
0.1433001361754313
-0.04304278625110811
0.09579035026844504
0.0007408010147600744
0.0004141322882675394
0.02223723265172271
0.02719580105814693
-0.10990475858026144
-0.25941266262407625
0.13423058270693752
0.16480357518543284
0.15112562041027966
-0.2112811275772755
0.18257772228914765
-0.00197362581120937
-0.21574063671285007
0.008173880188336917
-0.028312048849668234
0.07395153371365171
-0.054511189043427936
0.019754058812875966
0.04871171700570949
0.08149236347617982
-0.08502243407294409
0.09784370553457519
-0.08068268008490082
0.032169027666583215
0.042628184372025264
-0.051498896960720804
0.04116398938902485
-0.2723349010178342
0.03336152967654177
0.14734542841639967
0.012203593850390791
0.02638947547854585
-0.015358493667220037
0.2513881100929476
0.019404701011549754
-0.1739868671887862
-0.0018679263592794293
-0.23340259741576674
-0.00258424933463762
-0.16613593231509843
0.15612242400802262
0.03646010822583273
0.24521314714015496
0.037216480001423274
-0.012801735134461142
-0.11427455759538123
0.0068203212695070025
0.0017700349145329506
-0.031950414134219285
-0.03765176255917617
0.02126979261175131
0.10160859784637098
-0.1318051396299807
-0.01777167596284974
0.10515778579154184
-0.05349341339113958
-0.058819980480215424
0.07295127429879666
-0.09229046045527355
0.039127623005166035
0.1664122563788247
0.043706576157381646
-0.1173096046942303
0.0894691866094097
-0.11550673367755525
-0.03506285900009497
-0.16560467640381266
0.1393104401769901
0.025958967330676843
-0.039470222333795546
0.15859880918939478
-0.09587766682129113
-0.04311599946966082
0.22908889881082864
-0.17327077142217265
0.04073016289665257
-0.05043142620368751
-0.09937657918819287
0.16592606208559196
-0.2763926665208419
0.24698181843175052
0.10363330251775149
0.009799607566378401
-0.03525188554059744
-0.2023616985515378
0.03387515603775603
-0.0827579889818358
0.1607126458883491
0.03470565351955827
-0.06265748203638721
0.14406378082254823
-0.1204751280025807
0.05436838885346009
-0.1985735697119645
0.17415276858813983
-0.06059336615066653
-0.08093989033492661
0.20552862557894006
-0.038844120648829306
-0.0799193877692732
-0.050872339551870815
0.22896526744443602
-0.08870133504223027
0.11852489500760112
-0.30227638041599547
0.0067041330617549424
-0.08323348427710936
0.15998124232692043
0.10592367149165177
-0.0513997718433458
0.05008460714770067
-0.035115388276486206
0.050561678741948446
-0.07988386149658952
-0.1459063569776931
0.3560652324439014
-0.13143711515867323
-0.10844446761432895
-0.0408975700254273
-0.23012995804452624
0.4044116710101673
-0.05922311936515942
0.07307116629866489
-0.09169164596225915
-0.11650012638572926
0.180435816969922
-0.035342900780612994
0.04604020392539048
-0.10076461091240421
0.032431578830057
-0.06574832783966073
0.03512065080189851
-0.01203961623167029
-0.006711058178100374
0.07189569686711364
-0.12632870099143215
-0.05434015079706087
0.20482481833051908
-0.0500723479735104
-0.0016929066666638327
-0.016398334686806435
0.09197562628568377
-0.08248583887412875
0.103703762160425
-0.026304450161343307
-0.03524472578280458
-0.05087224795081505
0.1274169453498006
-0.27528573878730356
-0.04951608320348871
0.0593180695483157
0.06552695128346983
0.14429744394366678
-0.022640642136578633
-0.024741008654737356
0.16490393696021574
0.006191310321382482
0.05512868778822146
-0.2659107417086924
0.024350455194997955
-0.25589263581797156
0.15206952044547256
-0.16173876149832403
0.30182158205954646
-0.01399381737254177
0.19452645920289496
-0.1346136234734114
0.10777120866346204
-0.1398842783421741
-0.06835603728455991
0.019216214737763075
-0.16922408896528837
0.05945945966355677
-0.017342654171820182
0.1576531055223822
0.1406607134165166
0.005851452441571432
-0.01991703233200964
-0.12972397232072408
-0.12013348891864067
0.08436083558011645
-0.026509612508111364
0.06114764184623804
-0.008136157894726319
-0.11322891583407649
0.194499419800851
-0.02303540013652758
-0.050577081468062335
-0.07443019266607466
0.04288163957242912
0.010337641498374309
-0.020026650935848343
0.12042414616516502
-0.11473501814828724
0.03968545439650556
0.17638865632733272
-0.12120226877767784
-0.0726877244873865
0.005856248968814572
0.05600950808267244
-0.13492425586699952
-0.06192410731985361
0.04279220865547115
0.09333742282002458
-0.021379066466151852
0.1264843985727842
-0.20231225073603357
0.11353797011725977
0.09298302837008217
0.11618918569141036
-0.07439946459644185
-0.007453200509045926
-0.06408184560743777
-0.167028596889059
-0.10182166790375768
0.0519270373960745
0.16233855148938275
-0.05515733894473057
0.17137134705554374
-0.21668277461047292
0.21548849533196632
-0.1749670827954668
0.08620839573069483
-0.14607304419488742
0.2533770076006978
-0.09455129521988903
-0.05173825099307822
-0.031231602201967336
0.03277390426718102
0.1229823334621898
-0.012935429664340413
0.02640147718293024
-0.13061985030687862
-0.11069498156812688
0.04285254808535135
0.10635934217800219
-0.05484809093706417
-0.027424193856631793
-0.2966139325055922
0.4300298817010717
0.02702243008389703
-0.1087356796189185
0.024394067988957074
0.2189403715276715
-0.1812753169975159
0.053619708155427985
-0.13725916588210293
-0.07023324985811169
0.02700546409505937
0.15436293039004645
-0.005851935560008875
-0.15886972088647178
0.01241082578747199
-0.04199744185575782
-0.01413186553333771
0.12004980168567422
0.15658368916216375
-0.036137606849813236
-0.0700018291128605
-0.08063752814865027
0.08523260816475606
0.03595754843787444
0.015519043575403388
-0.17097087775107328
-0.06829972059349136
0.18728859226944866
-0.21466163113426337
0.06397962610593952
0.0784806069976897
0.2212869343762216
-0.037853467633351345
0.01109231073206966
-0.22081558072554297
0.1412113097525359
-0.16667086660239952
-0.05217441465895691
0.14159659416506323
0.08998937380109841
-0.120448029770252
-0.0731282646103857
0.0929914310301986
0.05564517708057444
0.003856018511588826
-0.06603203367561111
0.027563296452570128
0.026193136568141456
-0.09798776643187646
0.07259047770349657
-0.038601102650965724
0.12803058023801797
-0.1144960083253823
0.0115906463520981
0.01447622109531771
0.04022283872331272
0.004774735723395944
-0.0033248199406946764
-0.031022682389563162
-0.06348678192456728
-0.13456446643675132
0.16931726958576876
-0.018862690915911653
-0.059229703144337356
0.26811653625828724
-0.03154968504902172
0.02208364707158545
-0.20340996030231479
-0.00617768531413753
-0.13113904338903887
0.06365269193073235
0.07473271368287313
0.05048331285583505
0.1334668788626462
-0.11397935533000217
0.06331952320870704
-0.12256623936254478
0.012995070471997765
0.08338768706050381
-0.11610294787280957
0.09853342485309526
0.028100451194440247
-0.17270343932949234
0.10219172405419313
0.028208168027766913
-0.035652285649911256
-0.0740581415087207
-0.024011963071347304
0.06726722953776268
-0.10144256978845796
0.33130514833206687
0.049749342326951135
-0.122668487341209
-0.06919136721347835
-0.11967091015183863
-0.0480425308295428
0.04463052924301801
0.0024135315534791115
0.056330530826310544
0.03352066551466107
0.06571346314485052
-0.06142785715431641
0.05924380828865467
-0.003800120123170979
-0.08181310031521628
-0.08163836448000548
0.06652717387259803
-0.14326080179200415
0.2635034346403436
-0.08199022418406793
0.01843866089482795
0.03608952963228834
0.056334617815960865
-0.11425803817772225
-0.061384393637936574
0.014819439118759298
0.01359707973223764
0.0033311875992381793
-0.0008393202774430626
-0.033083261957901025
0.14124656209582168
-0.029911896463211678
0.0424587392984494
-0.018485602657143045
-0.18131583974450438
0.147983007424672
-0.09416111405794936
-0.024408555520956304
-0.0006553553036943577
0.07611140236418645
0.07062552050903519
0.022576588011731444
-0.11218742744883392
0.03648710164050097
0.1219787904646125
-0.06669963188068681
-0.19266023335856192
0.12299047589459776
0.0015930388560491584
-0.03794079910101454
-0.03567599258877402
0.07924564408280911
-0.005968211339421783
0.11323683752704716
-0.09410673433060344
-0.09622036437774187
0.012459840559506205
0.03795808257825657
0.15122262046092244
0.09159846313353188
-0.2340354119058424
0.12553568842980373
-0.008276916771518386
-0.09071798773932689
-0.13582769917335188
-0.14036846294598848
0.20480548836257448
0.12589187227631898
0.013295560203117958
-0.020528536263243583
-0.04951354866363528
0.005409866512828279
0.03616150121319176
-0.020100920172445427
-0.03268328971440782
-0.010506693922966714
0.20447810935759658
-0.11614949242704455
-0.07526513153982979
-0.0856953610337938
0.00029092738801130913
0.09727749878363479
0.030932013919454826
-0.052776208079100995
0.13003866967052152
-0.07908621788373102
0.05904131621030093
0.03336604371837784
-0.12073136134138812
-0.16511574619161204
0.08618058932342687
0.09073036299866029
0.0889245864949994
-0.19798859806580527
0.21862606946311486
-0.038781342211005626
-0.2827740252952593
0.03617539471671058
0.18196403546073414
0.057140255334058684
0.1344195308019844
-0.0895227071677313
0.07676535615347242
-0.05997610631268474
-0.12024362910752748
-0.01846496926060919
-0.1349566842473247
-0.05165180547046021
-0.07310572007265068
0.09964650634191397
0.16264124490842527
0.2871662865699477
-0.28502981041678976
0.15338609743877937
0.0008375821358777083
0.07195227995710676
-0.10917100468271512
-0.09748235224669195
-0.04725452994312844
-0.09172650072966054
-0.06745009973306067
0.037577983307276006
0.08360788453403373
0.1640464247217287
-0.05809067184885405
-0.017833163758007926
0.0034104672455619266
-0.060232026607575026
0.14061160126917885
0.1611696707542765
-0.20638451327170496
-0.05178597666367091
0.040232505254828715
-0.1084413274850105
-0.013013261825954966
-0.04605082716424921
0.1913713527968017
-0.012679726394682865
-0.0062654654394264046
0.04983650886967826
-0.17488067419085498
-0.010927357373661184
-0.008632930069523204
0.2764275799237745
0.053492094150011195
-0.2593789670134708
0.020720478498666425
0.02022415359536946
-0.05230795543263129
0.02030320389587443
-0.05419429282682628
0.13282015659903174
-0.03595934271777183
-0.07121479722367857
0.14758193373836026
-0.09860328830880656
-0.022778250741505874
0.003137673287370603
0.13498390567641977
-0.08910072620396212
-0.0014204821688093621
0.09269470913555729
-0.18499490107162753
0.02450243247585314
0.1355606380066255
0.06741772558894588
-0.07981647530113643
-0.057484152881461414
-0.1281620359486265
-0.011170641906059597
0.06911271571760204
-0.020273061208825424
0.05783336579065641
-0.0029632640829682783
0.10400062618306359
-0.09219859653309706
0.1438230813550868
0.08078891418220052
-0.1057187540145134
-0.1877116183173236
-0.1224462992729765
0.1780061221807192
0.04971677328104562
0.0021776486125390897
0.1843470560787956
-0.15748364822046063
-0.02514399209598869
-0.10207671605113502
0.1263982516502508
-0.059448426440961294
0.05886564514046416
-0.11359135810573827
-0.23858772663401706
0.259076631986162
-0.0006153743722127234
0.2542421572950671
-0.061621896272420686
-0.1849458155133052
0.0595416215283585
0.026445686036855123
0.014865709895432863
-0.01682987861669034
0.08620553924918596
-0.05213799180803222
-0.05877658214098596
-0.2686213974765584
0.07794413177510559
0.15893111630180456
0.08623185086312629
-0.04180598072027385
0.023265562491835583
0.013750426771980646
-0.10189520737146862
0.08485961297182634
-0.10827017883665575
0.11055527644268263
-0.06672777708382743
0.14575320324917568
-0.09902349108814085
-0.04775177229600569
-0.06402778480743168
0.026039755541149782
0.1162309330296374
0.07557446278735139
-0.16942447212843947
0.020383392505772577
-0.05130045955815748
0.10318984095697223
-0.026741750823443718
0.0025028521682204825
-0.12597819730822035
0.2118579033827236
-0.08387741881682781
0.05541377541524761
-0.08012347820225128
-0.14130475481979854
