-0.09296198767800956
0.1044424823531845
0.6660978585322601
0.4670819829528327
-0.031409649522015776
-0.5345807169426225
-0.7821763018298254
-0.4481049314581159
0.21102290306806779
1.3293580346073213
0.7750944284840435
-0.18711679616328364
-1.0663294153886722
-0.9514357218158862
-0.14517062846783532
0.7702758988457215
0.8810799408653902
0.6772048406941531
-0.6828825696675662
-0.655031666938764
-0.49038977511189774
0.1256536305162466
0.5872405514677239
0.32358351875746943
-0.08939855586374974
-0.1387788983186032
-0.3497410378345269
-0.13595026218157558
-0.13275966770586395
0.02608756813821927
0.7002491307419676
0.16850865837035034
0.04281988833196606
-0.4880662477759913
-0.4264190093336794
-0.08439516210520673
0.40972217452437254
0.7316666915044552
0.13758674293471512
-0.4870795664185767
-1.0364908606267784
-0.41585303985180644
0.5723466343729898
1.3139524665525677
0.7853276762357284
-0.4742389082385869
-1.5606354473189348
-1.1268238216490867
0.19933469486293354
1.6480048934881926
1.625984307348978
0.2026744107581005
-1.6708510594880945
-2.111272847759804
-0.758207287453968
1.4589844175427737
2.409848968314552
1.3205413022895371
-0.9447323621426724
-2.447456307617563
-1.6354646407326003
0.1786123563528653
2.120061976131615
2.1558213200645633
0.4410267651822616
-1.5650473581306352
-2.1919116506342102
-1.177515179942406
0.6167265560255488
1.966068960951223
1.7355952718886953
0.4262510275190003
-1.2347488383015066
-2.362334537382722
-1.7709509821929106
0.6636085125322532
2.8681969203667164
2.4144563552262044
0.20790964004255302
-2.3268525439441423
-2.9169817741063864
-1.0131187105918884
1.4437689242146121
2.7601735536456955
1.9696404346135599
-0.39317648833411256
-2.561797744821306
-2.7447373417304863
-0.8739170507949011
2.099776645375693
3.5419046095261044
1.712132524843501
-1.6803257575477746
-3.3772905577124277
-2.1298887631796575
0.8715296836108923
3.01609551314702
2.0579896593799987
-0.10967661176801241
-2.0408867411768115
-1.7123396739490977
-0.7297892809832104
0.6861626838476038
1.2428051131154971
1.664950041367873
0.4389499579686822
-1.0015164861243584
-1.9427680375714405
-1.1860648767335684
0.5144071011483193
1.8306481605462401
1.5509677553770354
0.09443142959186607
-1.0919615793217492
-1.9275236195472147
-1.1312694127117233
0.5220204905692947
1.9928370489986689
2.4842543145034712
0.07421082675599017
-2.143407916601591
-2.9822476732271586
-0.9951870396528881
2.0754995529716798
3.1037880038058674
1.523152369380599
-1.9425671605504338
-3.063581260855872
-1.695407596932185
1.6272751628787998
2.986781027149961
1.8049210894533527
-0.7548392910495686
-2.813239609492476
-2.3298360327300274
0.13452122169377778
2.800271075810012
2.4734396303103896
0.1531966778051571
-2.541064161237898
-2.505237783565889
-0.4899031597990537
1.9978100079287222
2.411917787534781
0.9361569888577005
-1.0184972418999738
-2.0482036867978253
-1.6573149063629886
-0.055793104131378626
1.6149822118506965
2.1050328023893
1.242364152374045
-0.8607239455703288
-2.440507213688741
-2.3944716737831584
0.1472073577938111
2.3857547087731907
2.929320275012678
0.7324668790608133
-1.6901969918476905
-2.8821398584619238
-2.1933952175094404
0.7342102226711535
2.6988050911946333
3.418343766944673
0.7850596416175704
-2.803029659886307
-4.049983228874458
-1.424312052843434
2.2388074357339667
3.597243858976937
1.6965994073224948
-1.3770800848044353
-2.6049659603332964
-1.7578041275973362
0.6377639800590544
1.8491081042111948
1.2831240614318102
-0.42659553403332706
-1.0427809117753186
-0.5278379733765083
0.7626759092653169
0.7502030648697747
-0.42610351106886996
-1.6911332387190658
-1.1566527031976035
1.3330447471578775
2.7574466181698436
1.8285869958718626
-1.5352578136541706
-3.5177856914003307
-2.115116652557458
1.2292158180738204
3.2375237287431693
1.8675869120115807
-0.6271632494275466
-1.966815970207392
-1.6682446918673026
-0.49592367474579824
0.9527076737584317
1.488542343430606
1.3585056050454052
-0.09156141230769657
-1.2751806722030126
-1.4182484502356476
-0.03487194019729774
0.6628908137120533
0.20441459516418897
-0.2788081364213396
0.7898557270000124
1.609809746198282
0.380305662547895
-2.500694349386375
-3.3293616446215752
-0.5110766583918727
3.4315649374106836
4.552482459105789
1.4200518251655496
-3.4568832909033667
-4.906300056724573
-2.3354135526280584
2.207815333204319
4.396769404238219
2.8748953809284306
-0.39376913392715396
-3.204129677651298
-3.1392389729745704
-0.9546741513501584
1.7161499806286096
2.7916195808290927
1.5780331459200665
-0.7132280790357467
-1.8151863429058404
-0.7362293136870615
0.28229014126271956
-0.02473898322973357
-0.3018895111923093
-0.030919279641828775
1.3364836152570068
0.6586113749675586
-0.4549332650646184
-0.9557460311718841
-0.41718937183191707
-0.04962959762957106
0.6321202648463592
0.9062338664721244
0.15753362007434576
-1.256937011438086
-1.5118060659389092
0.3593691103569209
2.311231057243594
1.9686857119957868
-1.1981305098641024
-3.67776507243479
-2.4502378058554726
2.5657773675027826
5.545978624628649
2.7555769743089162
-4.548714520697359
-7.75549018428202
-2.0696093902318955
6.2063130211091195
8.49128703655422
2.1514331910015465
-5.654078272919256
-8.3718307243801
-4.709263575498539
2.615890673240705
8.712691166934917
8.991229304941946
1.573022312146513
-9.220063332460956
-12.138403316018723
-4.516954217494939
7.170773552206881
12.009481352363766
6.632621656177364
-2.9498945218883192
-9.062867209098002
-7.507958573602161
-1.9183396062702178
3.9708753538070356
6.650215747580381
6.743381561666079
2.7163073475608606
-4.876174913341133
-11.213449056923206
-8.96598308774367
2.7672005514864253
14.25408297576732
13.303754912614473
0.27121757356071674
-13.714075339083404
-16.076688033797396
-6.579427328167915
8.803604423423844
19.439735925724996
16.301366529727368
-2.879979674987079
-23.580396321977897
-23.879027794594315
-0.2929718389120506
23.53400091892589
23.288417498076278
2.353077005925101
-15.612847577354826
-16.085446504048154
-5.909736227472661
5.1747448224544135
9.178633013772188
6.275551464988193
-0.8577647641394607
-3.777795365208177
0.27229841427850343
4.15031066222465
-0.7324105149873951
-9.75654074256115
-10.695163240762339
0.02793783546719486
15.502911449142374
23.10011737258935
7.543056450550751
-25.079265347428983
-40.436021691180095
-8.868617983372799
43.29314654375692
49.201610823740054
-5.784521934852632
-54.677973959500065
-38.228928331395274
16.651805371645533
43.79579833974635
25.353566063798084
-5.268400256038439
-22.43551810657157
-24.36134994007479
-15.090639387650327
3.112098606834257
19.017676168961188
24.438369212729334
19.00052337181925
8.350315845872792
-12.182016777082719
-47.26732761845422
-65.49139556910298
-24.40881985358328
78.98067834294066
165.15901417752397
75.72965755778793
-184.74383738783925
-258.08548999108586
26.829485617132487
248.97722158761755
124.30372035542776
-73.0728975200242
-107.75441494826715
-48.82431971249489
4.164103191724249
26.692977208262583
27.56800415355836
21.203773719721163
11.717727566365408
-3.516679518616706
-19.970391780010168
-25.23202358348012
-16.238873477184256
3.144177851659683
24.447115887262495
34.54790949548969
16.60623136737211
-27.231051981590767
-52.5279275118009
-19.468077030610168
40.46582377100244
53.628382014264446
3.5212898137321353
-44.09123102383141
-34.65348511962171
7.087787614365786
28.923126444181012
17.319888390852174
-2.9024115913356408
-12.648082552667844
-9.905660752556988
-1.2267369396952628
5.027807365891352
3.43834478016437
-2.1849152867026285
-2.7067940999018183
4.237162653002871
8.471259892105413
3.870231070647358
-5.9476311903827295
-13.795645167361297
-12.019594159622054
1.6315520472577068
19.28546927271578
22.601181336015596
2.5421446228210014
-22.669404665971022
-26.309291942328755
-4.833791558095461
18.432126411623667
22.500706283519968
8.2310199665456
-8.402687456209007
-16.778507365671082
-12.923675459580947
-0.35790678807826093
12.729256071603722
15.152060959112566
4.335862876227832
-9.117963413339636
-12.803220661256624
-5.474469916637105
3.763622232859517
7.853694141979444
6.342910985125739
2.2619494092953003
-2.338786698793694
-6.5783754920303785
-7.816013846861197
-2.5808500143125856
5.776860840672415
10.886101099711622
6.901627913629674
-3.55701435393711
-11.815518863433576
-9.361955389207976
0.9134898109848413
9.77296429706532
9.63622896359191
1.922155771090785
-5.446976018977374
-8.342303981001605
-5.1259545959807244
1.6376843995181036
7.515723203336628
6.995007198104738
-0.6873521489792171
-7.499400500456912
-5.763152869447622
1.6584911258101476
6.016716958009781
3.525151515148759
-2.220599189552646
-4.19369589165571
-1.5696228122547067
2.007786123572422
2.9008729384538827
0.47268570710096414
-1.7496255030024959
-1.871873566993904
-0.12379983262117694
1.3789568601330893
1.345898623546052
-0.13824516003427473
-0.7809128124492238
-0.821008823448795
-0.3683145384877083
0.4816362241284491
0.7698074461345212
0.4404599035525797
-0.2773054664752752
-0.37803087976234917
0.12248317766492547
-0.4062128659063783
-0.8360171435702881
-0.8447807922660742
1.1245272438050389
2.432780192020183
1.5062338529264034
-0.9753032403642801
-3.082476915783651
-2.641569600081167
-0.20588977485158688
2.5598636070796914
3.950457420440188
2.229140013404615
-2.069042407073103
-4.824915504669535
-3.2263515056010914
1.2344535970524548
4.435725250879783
3.6139718502868248
-0.3804564186036246
-3.3418587275524603
-3.1439959524470344
0.04414443925981837
2.0495786232473026
1.476327416986197
-0.15620150664392735
-0.6106763305543291
0.5059978402049877
0.21954506035403915
-0.8991465578719218
-1.454353642329413
-0.12399644056750245
1.3611486163673745
1.5779593556826086
0.6993754821969058
-0.9472494145082795
-1.340139657137219
-1.6163331080892416
-0.5258615566095948
1.5708865486563537
2.592930478700516
1.4102004831448283
-1.3938259976575782
-3.393138579461928
-1.6990476807671195
1.417876547004476
2.987183471519152
1.473241393650083
-0.9408678488394572
-2.1244583246669655
-0.821318987531006
0.7744562670922636
0.9319324900590021
-0.042709968790774655
-1.0112373601106834
-0.47445253848688174
1.0284914234032978
1.770316702961562
0.38796329150700487
-1.3487670071047642
-2.539308050164093
-1.2145413384118586
1.3189364199448377
3.3688210985197244
2.376662399528477
-1.2059356310141256
-3.7373260892045495
-3.1630341957601016
0.6286023135022929
3.5806883420578917
2.926971865356515
0.5037933600163518
-2.1607951275855397
-3.0232501569536474
-1.744639796137032
0.9484734012227277
2.7789239417202958
2.4333248336759707
0.15512086352613108
-2.2647726077109898
-2.454139918617839
-0.9454329622065861
1.1334570105694977
2.3186083713439105
1.612942822713031
-0.1926987623443901
-1.5371168270937028
-2.076062435694588
-0.9946392414187983
0.8797548641808743
2.361685257855145
1.6469512026049555
-0.11586348157162465
-2.424455461185152
-2.3589899467270206
-0.10418030877655221
2.34779445777376
2.599352742805173
0.3572619646945495
-2.215624212110733
-2.661969311309975
-0.5695098295517907
1.8655379314397926
2.5275055443567935
1.2180181119360942
-1.2579847875985193
-2.7958035927749276
-1.9886334281687597
0.8901541490030461
3.240710517100697
2.1865649029150744
-0.7574833448683664
-2.915461525518649
-2.1456399623626865
0.13570939516349992
2.2982024435932686
2.0623929953397253
0.6702829812812111
-1.3314413322505017
-2.0954327209488106
-1.278138507263994
0.508504349718876
1.4610413795125903
1.7089803553777425
0.5927558794739808
-1.0174856639862984
-1.9838358420056277
-1.0818026950794337
0.5731116228166682
1.5164347675170704
1.4507554644732465
0.2771437186264612
-0.9264796209964656
-1.4619643178406383
-1.3938036852934972
-0.1553634995555855
1.6077082452743545
2.586048760712191
1.1583186711208042
-1.9494236158350553
-3.250765920305113
-1.6845747847237034
1.4853937933832415
3.4695775426662703
2.025635917126496
-0.5277239789926146
-2.8009665236074537
-2.568825648465956
-0.3842220010798808
2.003861536859765
2.5582011635078827
1.4975528951401822
-1.1459072413593743
-2.632930088988389
-2.4012054051036666
0.19663836228971532
2.4317984067252256
2.6069787078663484
0.8471739479587086
-1.8058503260116778
-2.290720657869373
-1.3104589774622437
0.7606515495192423
1.7692317144430127
1.5707334632242462
0.5718335156409841
-1.2527930630587134
-2.103671575756759
-1.5871494688369223
0.7164572018870397
2.0563383048848434
1.9998848717461724
0.19826640288316477
-1.3678241466689398
-2.3505642042535646
-0.9393133703378218
1.0115891727065864
2.145297523918362
1.4458536881676456
-0.6661846860291238
-1.8824140769462583
-1.585158509529583
0.18743175217498315
1.5620534518806666
1.4815278274817074
0.10094642169231496
-0.8812838550037269
-1.5638142979434941
-0.35446575101073186
0.6345917547648463
1.3117993152420373
0.5607796086547658
-0.470955774184507
-0.8806915238105001
-0.8113825772296905
0.39497394138237346
0.7121061267885427
0.509682352521447
-0.03391926171272688
-0.47675644104815396
-0.591837547980691
0.09741216387449483
0.2667447970625064
0.2328957983004869
0.18859832916657127
-0.07845762961213842
-0.24334284320871133
-0.22267353415530794
0.0001176846476877158
-0.06412889019317387
0.2942573410002954
0.40619536442081267
0.24028761627330075
-0.24090995608817634
-0.8276094312917357
-0.4975627000333504
0.4089313644130385
0.6733781571829571
0.7981691116627384
-0.046618924655858075
-0.8791869940633421
-0.9838788461683046
-0.097158524934869
0.76431594380291
0.999514585630557
0.24351517054920652
-0.45089330178803905
-0.7101158862128343
-0.5465733376723806
-0.1364456183189583
0.6611399001575001
0.6733690794328103
0.4637295942087435
-0.32800653270506985
-0.6255095175081197
-0.4671671656315519
-0.27338754809316257
0.5003486869812009
0.4593961721866928
0.49627433756041095
-0.09020934253444846
-0.533016059672115
-0.5802984365055738
-0.15702528608370356
0.28055292040036556
0.3839805402704491
0.6247297189869825
0.2681719182332952
-0.48977247440828986
-0.8606216314086912
-0.550823592854109
0.3456959933237275
0.8514287097884989
0.8719281603079192
-0.11773953570933565
-1.0056738982680131
-0.7170580768242231
0.13877605450438904
0.619163203790245
0.4053360921764926
0.034255076106897715
-0.25325673303541213
-0.21337552276980148
-0.080608653379281
-0.27092188304893233
0.29112809411924695
0.0777350900857213
0.2888023797728886
0.09959253609330151
-0.24790760295578287
0.02273453827730238
-0.34211277444050314
0.03862828095035595
-0.1770064915191169
0.293420073819239
0.4454511151129929
0.061402440386404106
-0.3844401426703398
-0.4141650333616721
-0.1394552424064206
0.21704065692271246
0.5321714424659596
0.33822871571732915
-0.30778778825216385
-0.4095188323110093
-0.1748308370496362
0.035193927907699346
0.3846579074685139
0.09817196520267904
-0.13122978925692863
-0.37230496982482864
0.0420860271514348
0.14503076228120731
0.47049952061187567
0.10432015323199717
-0.42405429142642104
-0.6024159055604551
-0.04618071932430168
0.6081562004716287
0.47453345143559267
0.04019198525362378
-0.4772862776436287
-0.27397461798129974
-0.1884782119227088
0.22795394288301352
0.14350649446508185
0.18528851222646078
0.12827409072604573
-0.01898563834573244
-0.3555876001883975
-0.23498440336122745
0.07231031564368647
0.20910835630708666
0.1519852454900467
0.04601297534561512
0.06701580007093666
-0.17064393280062984
-0.10341775392288373
-0.12756072850615643
-0.24366271602158135
0.5401446318126781
0.2170470164948762
0.14758116192111637
-0.41534205939951424
-0.3040480556847473
-0.2842717750516882
0.2414431783973008
0.4612036779542469
0.13772205233093027
-0.06751030580307205
-0.409001421460002
-0.19625930446600534
0.19292731573061195
0.2723949630476009
0.034729873046427745
0.14384653564872218
-0.18085356490010024
-0.09264919823096839
-0.1274522488006854
-0.169539565501777
0.0014905563519571306
0.2504875167525539
-0.026829540803071962
0.3669418332849817
-0.19201890475988243
0.04011196211174478
-0.24404549233665632
-0.17672528271540738
-0.018142161772361873
0.3059253689600865
0.23301659807622987
0.17161177741763
-0.42261187275316175
-0.19689055913002287
-0.055189122268935215
-0.058670845820952895
0.35860664146005655
0.116623433352232
-0.1820229429755693
-0.20099086064724547
0.004239660283999895
0.28635747628122904
0.04894572223771194
0.09475061704434626
-0.09230242866836381
-0.21477632858665438
-0.15709951793307247
0.09370951079038402
0.263664033620633
0.07293472242441447
-0.160492746805656
-0.20830424262155198
0.01652634313589125
0.12665019078041856
0.0755505538171301
-0.06667732341524635
-0.07977273217937016
-0.0027894077320406614
0.06549993629311855
0.07039751845840651
-0.12725133545891404
0.32187537686521245
-0.04115908465734015
0.022563801817708586
-0.31199263847918424
-0.11281804626503045
-0.06870373229526605
0.11684875136016822
0.23828868010079665
-0.020249692095738295
0.11775472564843911
-0.10256039162817726
-0.3015522243861484
-0.01528425372109142
0.1802436830634786
0.1006176533610674
0.2081739804168856
0.040548619966925784
-0.23035877793557735
-0.2442507886951301
-0.14219016471351675
0.22332004541685282
0.3310086752957588
-0.06737753432872069
-0.05650676836689987
-0.19139466154746348
-0.10915041122141374
-0.1974143399642502
0.26585110621681357
0.18483114541875578
0.10478839581811585
-0.03717579987269154
-0.03568249127680392
-0.0340179173357535
-0.1593661698756753
0.08907817573572582
-0.0996068163984537
0.1744809611891296
-0.03876018945119239
-0.04385660518238164
0.10874637467541538
-0.21126511327628214
-0.05049644980117572
0.007316600277442166
0.2630812907658355
0.1004456884258231
-0.2235680985576667
-0.06707813128534171
0.049250775258768136
-0.08575274550753531
0.09215943697650528
0.05922913315148489
0.13425878987386236
-0.05744671982425341
-0.06429829106769883
-0.1646808856532686
0.015419528099825303
-0.23823609073951907
0.17670478954484387
0.1577997965565599
0.20923457296360645
0.11969450034211677
-0.14468038013680123
-0.21502609315056012
-0.1760435376518614
0.004828262066824011
0.22430809152405487
0.12700918842866207
0.05771735865895232
-0.11734688403274589
-0.17646479114977373
-0.42504301246747167
0.06569961807721378
0.3598450371783065
0.561665839131775
-0.12947932017331082
-0.06717606772818631
-0.3200710970682361
-0.34061819162362394
0.15270315132812126
0.01812077095657254
0.4609298843197497
-0.09509103783293962
-0.031357514678278284
-0.17047264156987454
-0.15309520248932731
0.16116221110556433
0.14949638089406178
0.07613315316500766
-0.26768424925050804
-0.17023010947444794
0.19043577664111164
-0.07941912559740458
0.18709344684315568
0.1322253682618345
-0.055529046580787986
-0.30272033585944746
0.023351237439318207
0.01773723422574606
0.2901130890403868
-0.0968606988067786
-0.06044938452816678
0.004594964192788143
-0.10853889225040343
0.10279840244465716
-0.1840645207877815
0.2568685012971355
-0.032317244115785064
0.18962942718987527
-0.17384649869989385
-0.17626235878504687
-0.05563811125787725
-0.029160185671452912
0.26006768558901117
0.09446964707693796
-0.09861895913239976
-0.20590228021907916
-0.053310965561764616
-0.027519955670724128
0.26982660751981424
0.22311417419198645
-0.08678699498410156
-0.12833699888178046
-0.19371627197835475
0.004869413487648472
-0.07063272484165677
0.27202322334546053
0.16515513267708828
-0.007475412133899493
-0.10044731249520772
-0.3056854536996363
-0.2859867349654471
0.20165662943624205
0.34651137506771607
0.06082053735828216
-0.061291254994055376
0.07039167736596251
-0.19122967015125572
-0.11941551339512874
0.0859824706921
0.1054425522483805
0.0908055291285561
-0.08913499461183998
-0.15510440223296906
-0.08074298792493853
0.34743048126203147
-0.1608422025092408
0.05334669008052488
-0.17585651527203822
0.15326096205739242
-0.09730012077285274
0.05427520614419985
-0.06983543119040256
0.2495607788714888
-0.06124505230756915
-0.08915016626423666
-0.0791245986856227
-0.13387977874186102
0.14714112235769913
0.009251591313141221
0.05247042026782241
-0.029301987719182854
0.16772020038109578
-0.2412795631238851
0.0355312640035452
0.007814767106789203
0.10450812760227142
0.036593139124262285
0.07366678356670793
-0.2486932429231707
-0.08311656102150364
0.07218658876419348
0.11303584166306214
-0.014012829587269448
0.06612612725672502
-0.07678183597306093
-0.16966649941253029
-0.07855295031755757
0.10318217262006632
0.2512295813941011
0.1722691733098898
-0.14577570481281188
-0.08192856401392101
0.004071448311728149
-0.0871296634765613
-0.2231577955919839
0.09249250666341631
0.1522089151570985
-0.013022137757665975
-0.0458697816712592
-0.041327335075428545
0.11852014467290506
0.04680107611341285
0.11426541995552139
-0.05051184857814264
-0.20782218155700133
0.1187200197173296
-0.0017767872655074617
-0.06144921362834149
-0.02530355599097044
-0.22753079992565164
0.05608476631501068
0.27171906357610726
0.03433342612226089
0.050587262714134315
-0.009890771620911828
-0.13067665905763498
0.011115275090560978
-0.2140068918307292
0.004208753657751474
0.3005851404997088
-0.0875615074069901
0.14495526488607685
-0.08702721461924436
-0.20707898620953713
-0.029248885901254847
0.011241584999879782
0.07626778260189175
0.13588267085531303
0.13418350042053584
-0.09342045957763176
-0.020843348912701256
-0.18528830771238014
-0.06403509956880339
0.29825502747908444
-0.004350448072014275
-0.09110935806352924
-0.16685547415633856
-0.11737151775358212
0.027825241761729597
0.11786841370629585
0.29650288916102285
-0.07414702351085427
-0.19029389447869166
0.06319413439582068
-0.10617776139615348
0.07147556258151089
0.2236077448689605
-0.0933143234281794
-0.1592195001332863
0.1777330079267239
-0.20163338801454284
-0.1877378796615035
0.24769470334206012
0.03225252860615054
0.07531382476194885
-0.05754853906662169
0.03246790307995832
-0.1526053400660619
0.06085537903858482
0.07628786436975406
-0.06705178464734023
0.07591980682792693
-0.21550696214162895
0.06801565770217965
0.21589002997899134
-0.0959889128463721
-0.13667552064699687
0.15054183597372678
0.04052347447281941
-0.26423394315141013
0.07244071391137777
0.14091876255319744
0.09281623982221678
0.08607912465622287
-0.17259856301798343
-0.1356247757293207
-0.19142406094615877
0.04525511546209708
0.13337323171256865
0.2752930578254872
-0.014953645815494384
0.024210715927794356
-0.11008923350617057
-0.17370980630677985
0.03229605522282164
0.06879587804321995
0.047404694465864386
-0.1704727354825778
0.016195740749620373
0.11346903423944221
-0.042007288335960666
-0.023934676350463376
0.0385737636226204
0.02573440356692825
0.008759397626436127
0.0995743635247129
-0.1291020357377697
0.00744917093456356
-0.003372885956100034
0.004133391165344766
0.10648220573844971
-0.2889439477660718
0.06137983050268756
0.0032348514959541826
0.11072034218081023
-0.020977866880780044
0.14479056368885224
0.020166047832074614
-0.1319305469164901
0.13214585477737112
-0.19437142942480384
0.08289076513376947
-0.17575574302558228
0.0372135484435386
-0.051501683450819576
0.21837756282090298
-0.028479455167591698
0.12478454752628937
-0.22558939349500023
0.09623086030052157
-0.13952843158316058
0.0702502976218399
-0.1202271951180227
0.1095493577905933
0.2011722507243962
-0.05473626118967793
-0.01787311685011137
-0.14059965117666492
-0.03783354064785892
0.10212276946921836
-0.11452148154789375
0.20730172250809112
-0.1280783131862684
0.09791039859268841
-0.0003713331121244848
-0.019280081358161498
0.02192391491530697
-0.15871360971639834
0.11056724452096695
-0.2186906666282819
-0.007529119207174487
0.022154195326939817
0.09422106807977107
0.070102920759681
0.15802389402627814
0.02471609566623517
0.02525095803300488
-0.07692392192312218
-0.1878832251381336
0.09471700252642992
-0.10393558132422724
0.07086510327917431
-0.13613653849369325
0.0036110717329994914
-0.010878528913911237
0.25252326703634204
-0.05814033065014811
0.0854676083578109
-0.16500913050294644
-0.14812161586653752
0.10285202643925102
0.05048794253334948
0.1950544024454639
-0.14076307974273308
-0.016676299677433525
-0.13006592718252707
0.22633269907706233
-0.09302364809197071
0.01840813816620179
-0.10529319272489954
0.08493499622263675
-0.10886957154513432
-0.028832009751344416
0.05400368989166218
0.08765231587796155
-0.1436738074730854
0.020988234353476357
0.24577574770336483
-0.08956857650185421
0.057886994242604975
-0.034254926003217306
-0.052316089137159884
0.12227172369427937
-0.21760359655539707
-0.02906578349530439
-0.1231165074545566
0.0794054883476454
0.12172871072583712
-0.06047297261989607
-0.07681507153670725
0.20371118601323865
0.05965515101930073
-0.0407127270771676
-0.11846466043044213
0.005818449089612099
0.16300207951176968
0.04067929315242476
-0.07257188473539854
0.02810025407574269
-0.2219419906197599
0.03492392610456338
-0.18864677055367796
0.03570427176340892
0.04612143443905225
0.05121077466667083
0.08887114331529522
0.041231564155865645
0.08579271368793642
0.25451860282903843
-0.196316898436161
0.03467428176113182
-0.17332134808996882
-0.18189811042245999
0.09093938556363765
-0.16777152262357584
-0.05666722902338314
0.19243226128072982
0.1282177628304342
0.10773580362005537
-0.0858980750622197
-0.13487683503717537
0.24645733772667328
0.1714671603535607
-0.2886711393774552
-0.15156755995116009
-0.060709280932233475
-0.05339521590663804
0.048204461748403364
0.12075603082855119
-0.06424288717412564
0.1015957253979486
0.11928022179979586
0.07136794078810559
-0.1724506187091272
0.036214817211857556
-0.007622052462775031
0.05822994617240802
-0.03583085581475832
-0.11793653183309949
0.013373462833733132
-0.09369951605135614
-0.11864560747248772
0.10204896963503521
0.18519820314339167
-0.14197123625140476
0.20364382657390576
0.10329079326183134
-0.07197317648196547
-0.1219610977060611
-0.14957047492040307
0.12342087799093182
0.06254835728198876
-0.2172948962427549
0.0935242194756842
0.09868021486302775
0.011217099885065184
0.133416587378484
-0.18933151269702647
-0.14817600829514613
0.16347103392558301
-0.06998211606537665
0.10738405248332755
-0.11157026225830069
0.0953158639538385
0.0660045271699003
-0.007059984324957191
-0.09592762889504433
0.013696949020206912
-0.146280911726196
-0.011148513835334942
0.24334906770778686
-0.154055613336397
0.12902786196693947
-0.0520994749052248
0.04929538671090897
-0.07070511643907004
-0.14486607252663553
0.21642155325065882
-0.02684670703449475
-0.12237062616259689
0.2358283897283749
-0.10456399175483379
-0.17189274878086142
-0.017198246972704553
0.05140059517953544
0.14473994168679963
-0.09314099430918696
0.029477032402420895
0.1428580948734846
-0.0322935690006717
-0.06221063169187439
-0.1648842149907691
0.02949407906939737
0.040559923483254025
-0.053550371687125675
0.06752872567650027
0.05707585086510261
0.10364850347768202
-0.12602905527699174
-0.1806681612394175
0.032337838477616156
0.22947060588093668
0.1273183820900753
0.004322776555612119
-0.23840906543806084
0.053763655601171925
-0.22038687713080024
0.01531121761290271
0.03171613659102907
-0.015584630283215446
0.2473469544661355
0.004782590278758624
-0.04414138469167103
0.0088979903547311
0.02595228100745641
0.11435605592193349
-0.3455184669529759
0.03771477060252797
0.06097851626630094
-0.2360851000445239
0.03960725226962132
0.1635697454180538
0.2146618963382019
0.07873844809136717
-0.012612537541187133
-0.026384857442440367
-0.22033973658166542
-0.17380984824573023
0.15960597017463243
-0.061495658663403834
0.05735130953026681
0.03287754263315812
0.09885753829271411
-0.06793738362342713
0.021030590183737125
-0.11631933270924225
0.07575513383971964
-0.053788053994479376
-0.044294919983511934
0.05452938915245596
0.16037285589257377
-0.034576180444521196
0.015855605677974886
-0.1710755947463753
-0.05642263626400201
0.1833801611501892
0.004962689942306302
-0.04763151102307649
-0.0706231713103394
0.06508430379310977
-0.10949365001748398
0.06794103679924117
0.04623646548540922
0.09384438554998775
-0.13163848726955132
-0.07487126493840343
0.08026162805572656
-0.044899509813324134
0.06382083062035719
0.0694089783590023
-0.06668136656714625
0.10321708164959367
-0.072139073934478
-0.09991307528765483
-0.11032675098474226
0.15665165316481697
-0.006115543880349053
0.10427424541775833
-0.04438230048834403
-0.07767838192328051
-0.039556453088164883
-0.05623931853151602
0.10048153562746259
0.11261745437393426
-0.026023024748990625
0.047450228574712316
-0.05504361105327046
-0.05764997778440791
-0.05429218525881983
0.1121783686636145
-0.1569599328091211
-0.03130099706739563
0.06932278174250939
-0.010352794175017617
0.18299078545458464
-0.11232840044502596
0.12909440539600545
-0.23151359215444034
0.037982721084808414
0.12117475028119919
0.011312083709244865
-0.07040937054838978
-0.016584521688272118
0.07890418693752282
-0.2576828086676308
0.2522680847672647
-0.008947391854322048
0.06192483817682709
-0.03412504263788246
-0.1950633206856114
0.04694787463431365
0.01940645543672841
-0.09689421843260412
-0.0018170038111460785
0.06793165310430131
0.22531101738882037
-0.002405721156360882
-0.04453312903958152
-0.0949736657646494
0.02917823492138849
-0.026477829824227146
0.18636307008791772
-0.11263546853688806
-0.23113982233818003
-0.13290318831110476
-0.03171734808908875
0.17432678249425165
0.27917423549972437
0.004866051639097535
-0.13840676721127698
0.15367457765298928
-0.1639108009349015
0.07016196692087871
-0.08110758736071534
0.01834987332333552
-0.15042392044574734
-0.01904297100551421
0.1453776868684282
-0.010651951346317997
0.03797763053104623
0.1438989923690099
-0.009014658029361158
-0.009380002203429784
-0.17676886742195033
-0.16124414639571294
-0.08000265998262124
0.24605535477207796
-0.10910016162295001
0.21469823723887993
-0.05661949534518861
0.03426836777428724
-0.16371193855175667
0.2353228566064993
0.035163176739461746
-0.049569505333394784
-0.09321111535609446
0.009476803140962664
-0.21348852342187868
0.09092501248077067
-0.011332942933422172
0.04587038027866636
0.05944057106840001
-0.04542320086150173
-0.008647891911091277
0.0002939151724391329
0.13112166864143626
0.06658138337030452
-0.015377373497127787
-0.039915207319218604
-0.24563876144260835
-0.08633912167103854
0.14103807162601106
0.07906343043971661
0.06339538913890436
0.04511263101079745
-0.0220380508812315
-0.15703655457931123
-0.0021252654926034314
-0.03320500465853246
0.17153130788612148
0.09567917589496758
-0.20810406916164229
-0.10283392271234476
0.10125462230351012
0.23630977773628606
-0.24360323584787089
0.08678204915315027
0.048123233015066644
-0.009181639232855865
-0.13246324880338106
-0.06403142266467451
0.13274540941107554
-0.04572696249509586
0.16442702431465422
-0.07307978639855964
-0.22710026750607878
0.07571307812157563
0.10232227630122255
0.059474130906066125
0.12437812863922741
-0.18542719717962974
-0.15817943717068306
-0.02949297321032875
0.07801447660878201
0.09301884631529715
0.0251041094145527
0.003964104273760392
0.07174028803482889
0.16392093063487498
-0.16553384880357838
-0.04426269497123392
-0.13584628034149276
0.02387021177029062
-0.14512709603900534
0.11430135841799152
0.05917858863007981
0.15466954372180264
-0.08889634202707428
0.03996818376087722
-0.018004969125984836
-0.14118982247940423
-0.021422602358782215
-0.004333234462337344
0.08229624407424377
-0.06513553366876615
0.08095205767841458
0.13764209090694815
0.05295876197169374
-0.2145468926068276
0.13317839648757526
-0.15453056482644656
0.07467612974487309
-0.10322936093887025
-0.08436351552389662
0.15504118641840617
-0.08493127058878779
0.09225017071513229
0.10401277066078884
0.03391230833762658
-0.157351638984813
0.10437474348999126
-0.13587569349790435
-0.07015909978856773
-0.0320469776030832
0.10078608165060196
0.27258499001141456
-0.15587659591990058
-0.16440857237259504
0.03248067084819093
-0.09492452137028645
0.13964698571558348
0.09790339504312649
0.048813400623250874
-0.16379889812002038
0.09903024781098946
0.00610986712454341
-0.18158664374991268
0.04162198108477604
-0.006899685560552746
0.08274371428068752
0.011422162927603868
-0.022170930872168555
-0.11543412378233878
0.1417811459675906
-0.016452003708087623
0.04082259527257612
-0.12457780403026464
0.07998087295753445
0.18974187578230228
-0.18238304333293942
-0.1883706064346908
0.04561934769551726
0.026347088405598698
0.0896992517125069
0.14209407723416884
0.07467242403521808
-0.30059529547603286
0.04082077429470831
-0.028273425142530027
0.07152770791366908
-0.16059614224640514
0.3372316101724121
-0.05082926239490665
-0.2626836457360824
0.09681599171202623
-0.2301695292358635
0.3535490405417756
0.15686743718915164
-0.3530738283223767
0.1549926123339905
-0.008998619774305222
-0.003826482280917639
0.08103663290997536
1.4261255939012176e-05
-0.1329961637156836
-0.16132331944663975
-0.05836748289149531
0.2028219962098558
-0.06325478537296565
-0.0071478942756437215
0.12981895871568008
0.06581883544352694
0.11452772330269129
-0.23620001434159033
0.08296493604758866
-0.0100170415989434
-0.01752137452265438
-0.03481649294446342
-0.07859821277551533
0.02837602480281396
0.05265811290713983
-0.026830699199171852
-0.031546663127530884
0.04814897016266977
0.04332568216967371
0.0425627110682463
-0.19375948255023764
0.057850488652979565
0.016111282735309308
0.04945025980684894
0.052609215051503386
-0.062049018834530095
0.20555452169876795
-0.2728132051535889
-0.02319547369934872
-0.0011468545524580716
0.04396292097021175
0.054169664465885004
-0.05070568468899317
0.15671719448107785
-0.04704829925679388
-0.1069158410518489
-0.07893705136450174
0.1611356182535835
0.14318221813847923
-0.22774473392456548
-0.1378137956912283
0.09686168920176298
0.1586819546080098
-0.004029807662396016
-0.14914540516805877
0.07947956813577592
-0.14834088261342984
0.017371860982190346
0.059902497184420256
0.14101810483315902
-0.00020074652023274742
0.2422005885833221
-0.34452885623842794
-0.12048880834681445
-0.14430826324473817
0.24536675996569093
0.14829550599864544
-0.030813238281384575
0.06347412545212712
-0.03891199370740803
-0.17842285985085296
-0.08466982268729194
-0.04685751344239886
0.15838243802997817
0.14614498881068597
0.005222973329987588
-0.07938961137495724
-0.14814374891737642
0.015009625130904841
0.1876027963825213
-0.06500569009923149
-0.032427981075171454
-0.09836546126019158
0.21371770068317272
0.002366773239605137
-0.061478130644377654
-0.1681006500708439
-0.07397162654586367
0.13362423296090928
0.08423960380391725
0.12279739502624196
-0.04439166745627016
-0.14681028000086563
-0.051258231859860455
-0.040880738368034394
0.10765563478604395
0.09416146559057792
-0.012756725368792021
0.0767769536772174
-0.15243360291791702
-0.05705434215496079
0.03901298814959577
0.051576561669112904
-0.15730838119277785
0.08285011315209537
-0.06021764782741219
0.19785979880851692
0.10758770941033065
-0.09985136988378165
0.003484558630258927
-0.212320061434962
-0.11141166116309077
0.10096363940160508
0.04541123644309984
0.13903517484383363
-0.19500363578642493
0.23624600701085752
0.07033347101458828
-0.11227676723810473
-0.025236211200946754
0.045084267944278916
-0.06814733108785202
-0.017628647599728042
-0.12383376744859632
0.05829467945138509
-0.03388552744115051
0.1734516354294292
-0.12017105108272388
-0.08050283400272255
0.06652538890341735
-0.024535871127423378
0.09454139728231162
0.06336299039473989
0.0044502882324695126
0.1285727508166455
-0.1401757414935528
-0.012439793067546223
-0.08429109451520189
-0.10990259086385899
-0.04048201726186968
0.03903766855446438
0.11545917636973106
0.09566432987560275
-0.051836953195196156
-0.037606027376607454
-0.09969620336764179
0.10942230639460379
0.00689261782251869
0.11527048250882949
-0.19408065319270346
0.16307600264041963
-0.054672140044556325
0.02088189849280641
-0.06171242567211063
0.07616343003248391
-0.14471628697746544
-0.0023216815289383227
-0.06417260136831987
-0.034720428095304526
0.22731091219493144
-0.19347285119140795
0.20911949890573905
0.051110572837975404
-0.04712085110574184
0.028452813995994662
-0.06361785741082567
-0.11284949586367952
-0.11206759432044876
-0.0016237854367555926
0.11826410380362368
0.182418778377516
-0.03863473125965678
-0.10643927025464867
0.045782299738538236
-0.042118161591822294
0.03863160638206269
0.032638126416128094
-0.12709112258250535
0.007765408744360103
0.13395347949429492
-0.07597890722268674
0.021856101735976144
-0.07915866942273063
0.04586044878148134
-0.12465546052216095
0.1417409134665881
-0.01505542782289011
-0.009212581289225363
0.15211718877238314
-0.07845161262289452
-0.018445665909712528
0.09413129051204931
-0.21485002064852857
-0.07407586746695279
-0.12397323535634462
0.09282545664109564
0.22343241170655725
0.18949072511922935
-0.10700501515363614
-0.023184079480943642
-0.09554705101560393
0.04730865446332351
-0.054046711190597355
-0.053192880616360155
-0.002627608964249779
-0.1066616520896135
0.13338141639668083
-0.07856950174161356
0.1959322116298816
-0.1270719637053193
0.11939772743571628
-0.08429316977540292
0.05710737273922085
0.008237496006587249
-0.042761327441345746
0.01128221720619347
-0.023803793696125855
-0.024064298922211957
-0.24299498895951518
0.21482290446521202
-0.06219586539715934
0.11842320510153294
0.08066906883364741
-0.1410471519922402
0.11278055864549821
-0.03189393547697727
-0.08668370376989917
0.1413277454280007
-0.08854885924820664
0.0309163973658622
-0.047374888329989734
0.003601405182899694
-0.042120383800087154
-0.09539020691573283
0.060509586225083366
0.033996932462969746
0.06267357026744376
0.1051020120715588
-0.020667871576534692
-0.07668427769089751
-0.06238289284562016
-7.146858853307458e-05
-0.13823418893353687
0.06173022921651871
0.23207349843048222
-0.009666849909606192
-0.0914637895083884
-0.0698776659990685
-0.11882798301418462
0.12112675062079367
0.002319829140775613
0.1739953571637902
-0.021894076601704157
-0.07170611836106372
-0.07791058249828618
-0.11250777710783719
0.11239253761998266
0.08003070280651813
0.025344447033726673
-0.06454299375714324
-0.1994522328362112
0.24178885584157503
-0.0009086476823466499
-0.053152847188213725
0.14957380991998417
-0.04682215105310661
-0.2624725756926757
-0.0766387870969305
0.1311120699810987
0.08626290391827293
0.02310039764657556
0.11443319803717882
0.09304661587888126
-0.13323244629421707
-0.09987800830501516
-0.15428012424697474
0.08702732520477482
0.02951144918718282
0.10752775592100032
-0.19428914849428697
0.12020874948999807
0.012141202157564297
0.028900187345044008
-0.01920452712621061
0.008159029887983177
0.13833055065687025
-0.06677995188497822
-0.03177004935261586
-0.1444631675279003
0.05369248729854928
-0.040742612428369296
0.05283371412708299
-0.022310335541720468
-0.11012813070308164
0.2063903982852604
-0.03378809619726091
0.02930032284539787
-0.1266481406481696
0.06365442961071587
-0.05425125807777672
0.1101265904878657
-0.14569544365027992
0.22514461213479872
-0.13430194808041335
0.19437133584678276
-0.07907565375325877
-0.1108554478664969
0.02070975453037387
-0.22908911938968204
-0.03318549126227324
0.19193040695335292
0.04201753561412962
0.018487114382220136
-0.15586215955952362
0.14946203211325973
0.12091858679352341
0.03556372864658319
-0.054805131295524015
-0.0837242101657471
-0.01914309562341762
-0.008212012942458798
-0.1591080877522348
-0.0681417611466604
0.12464681603375082
0.27210221808034485
-0.08605335381155133
-0.09403423762553147
-0.08400164294241402
0.09145535358984053
-0.15609238111990206
0.18656446634486837
0.048217419252495716
-0.07870227971237079
0.14240787561883395
-0.06979957703234815
-0.27110104111977906
0.24906656914508093
-0.22699184175704465
0.3013421442017943
-0.25161552095741013
0.08768739650346426
-0.02389145858604921
-0.04354094806922311
0.07430666137477282
0.05593070511578405
0.08136219935931349
-0.0266223580572187
-0.11574711975773572
0.024655454221658366
0.10748421879788554
-0.13157887657067083
0.09892510667004879
-0.17233923501772222
-0.13248511334450463
-0.014021832185213622
0.10841185824928931
0.11710982062750334
0.1929437894115546
0.1432040839847914
-0.24767161206234392
-0.13312866098442672
-0.09196750287520644
0.08380742235189599
0.14235002603485322
-0.0015707564242074899
-0.09602368423661425
-0.1071514020650458
-0.06510052533012665
0.09289859321568267
0.05233508830921811
0.18652151919740823
0.10076654750026709
-0.15264210462555033
-0.1852059095306255
-0.11856017839047674
0.08037715612823075
0.12159228473785896
-0.044469049601419945
0.24123946114860012
-0.2220461667474801
0.11015006582017411
-0.15620722987532967
0.13195516122418868
-0.07385516368932578
-0.05108114269720895
0.013023535686185342
-0.01567722885641908
0.039072575946122526
0.004948139131770883
-0.021609435782779428
0.20310062566742837
-0.1379434318197258
0.07965964870391677
-0.09110504814789754
-0.1761857050171965
0.15218983444210482
-0.11994883489460863
0.08653373125384162
-0.011376037822524101
0.050680955579787954
0.0021278269969880366
0.0569249905840991
-0.0845648298467907
0.12195611557220729
-0.14168496843440637
0.11294169187954081
-0.09776506483154213
-0.08800837761352936
0.16760340728307785
-0.040869632708939674
-0.0210008751020285
0.09003892502717675
-0.1909928300854814
-0.013222129354386266
0.12406200040899237
0.0011476514347321908
0.009940975092164267
0.08262626665803635
-0.1325873771632385
0.15536569832183716
-0.25965688001117687
0.11006151955150578
0.005102110293174402
-0.07895255865762538
0.012278469640187011
-0.13219666280220518
0.2961384491296721
0.11504906678129961
-0.03877077704587426
-0.1688786147627489
0.06863828242324818
-0.19917925651492918
0.07317129718250359
-0.010016210696448244
0.0982553206775352
0.10570093581710235
-0.03434274383546311
-0.19008657259445755
0.00026515967758297394
0.023277598234001537
-0.009900362464543712
0.08174201071491946
0.013158762987451177
-0.017470453064949865
0.06407634753002567
-0.055281837925048996
0.21075763321271113
-0.22669822445899057
-0.02088792746159295
-0.05329403680787207
-0.1780134727444047
-0.006302077812877331
0.14969873198559075
0.20526520501581064
0.05176119874600766
-0.08440649529278355
0.15535232005233782
-0.11966388700600798
0.09889241377015551
-0.1670697640446701
-0.1534256964513918
-0.11661155214522043
0.019460742797667012
0.09642131283314563
0.12297843662848713
-0.03725905291608723
0.011170764112750614
0.03138044939092438
0.05544110224675536
0.01996137998386065
-0.06530981286723372
0.20810456110265727
-0.1970499037850894
-0.06794377877249423
-0.06660742544634189
-0.054149608631836633
-0.058925524832467824
0.19393711262038124
0.16454503471826637
-0.13777516951434937
0.18137582630869623
-0.26731958795922023
-0.06025873628249506
0.07209487857052245
-0.09429788870233458
0.2847111988108393
-0.029334524917960552
-0.029323865597288445
-0.07778545859354778
-0.04173459163028985
-0.08296239157557689
0.09022739971260396
0.034663891799086466
0.20132869279595061
-0.09798715998517499
-0.2091913621182328
-0.05175142296142453
-0.048555298332546744
0.18902862614428625
0.17974666875633896
0.06418812816161232
-0.264082113724569
-0.098629956418416
0.026201080090370678
-0.060082012626672926
0.2559006238893582
-0.14956414163479864
0.18496955871331544
-0.012187230181106023
-0.03039986739568789
-0.17206818472433308
0.1716877299727257
-0.1716535629110446
0.046281626313230545
-0.03882479741349876
-0.11819782435841521
0.1097112598281766
0.1421716451433488
-0.12370062316987175
0.2713793081984748
-0.05077076927315716
-0.025679383655573568
-0.21729509280316428
-0.045145671130448185
0.06645762293993986
0.13069285280074383
-0.0470484683618532
0.05209599045125149
-0.2740129017131172
0.12410174257087317
-0.037719200029010004
0.0604819579173414
0.0020727174922363506
-0.017999856089762907
0.14437409806805918
0.06730447038287393
-0.00820010135373539
0.012809281974626045
-0.0493397558246575
-0.1072910621579195
-0.21240964033247886
0.03658983817783287
0.09183115495653059
-0.1393025888613907
0.1364410294922081
0.24411404421832908
-0.04306281011770427
0.041907198462438885
-0.22801081181568716
0.0046063026585146825
0.28200830975040114
-0.020672310295481486
-0.17155005005528656
-0.2811075789256613
0.14913199788465065
0.00934180639872706
-0.01486443015504292
0.07901090692905031
0.05800034398304651
-0.20699072268773544
0.1803020065691649
0.09152233212794338
-0.028400682588641604
-0.024325034156643402
-0.005901416881726053
0.06673557553128527
-0.13456992497257184
0.00039146133662635164
-0.03898031295810052
0.14871878919644885
-0.12707672220290028
-0.07165406293404236
0.09455206240205977
-0.017046006949323313
0.05330152131862403
-0.07550826084053182
0.0015984667582013947
0.16623335956508173
-0.058186761205527945
-0.12899062558842198
0.08659720789917844
0.031034985850028788
-0.05673621352353117
-0.08831701067137084
0.1594405699526495
-0.08603076187651017
0.04181269708104127
-0.08843449091198909
0.01045373218427741
-0.1101776413630991
0.3455789506804732
-0.20085286558305757
0.11005570085268011
-0.08165090830073926
-0.07698353303667521
-0.06233288665932594
0.11433518811839125
0.13289719755924723
-0.018141595844402884
-0.13956901040506353
0.11733135503276884
-0.11696957713986805
0.10461457958320859
-0.11319276931397966
-0.021980078682291092
-0.051307988148957845
0.020760421425712085
0.03716169986050552
0.05947651178316854
0.1413952455566777
-0.009875499541386543
-0.08505800562464352
-0.28164152323849756
0.03399594869051085
0.1977426938560645
0.10012484586449175
0.12100734736921018
-0.22113521921481671
-0.10705524213754292
-0.005564080756097281
0.14079039370165786
-0.07416591401799903
0.14431334477859203
-0.14470724518732322
0.05846245629951862
-0.00635341832953917
0.003862639617270869
0.09023378867489784
-0.1299981329510707
0.005984688475115539
-0.22823694088079413
0.12819432757100732
0.021572363233432777
0.09433363998519079
0.07908816269365548
0.04297029361151626
0.08537093776414939
-0.1570704836867289
-0.09277534030234799
-0.1605104283021174
0.038407296553377906
0.0026699689572212025
0.10963052998598935
0.11152257587298359
0.09214848283767518
-0.09319319545076576
0.13256783702667613
-0.2685449047858026
0.09541768509814204
-0.02572753733622793
-0.002413078916234615
-0.16374791555769339
-0.025841347122993
0.1551664560393028
0.06477618900616419
-0.0483850231954298
-0.07130737106132475
-0.030897999505499745
0.18127865967140225
0.1377589502854257
-0.14534560317615625
0.059422998031111965
-0.11157340990356827
-0.2288858662964509
0.24297880236892322
0.03566013955260548
-0.09539513429053516
0.0019956138672317016
-0.042051477959551525
0.02473653243797753
-0.065071570501948
0.13322515450924277
-0.02404436831987105
-0.012514912423559673
0.193020135162158
-0.13200725073675476
-0.07066401648747875
-0.09205801049395738
0.07057897758337889
0.07605050482501793
0.1454353539693557
-0.12808546259568662
-0.047741611785623854
-0.26457111635735203
0.0773114267486623
0.0021904559856441184
0.16126818459199282
0.1609321951517458
0.07123535195368766
-0.1122566650722423
-0.05759189081253994
-0.13675748396442983
0.1939798441581114
-0.1689770116693544
0.0897321544250206
-0.21306234588945944
0.055696130659201364
-0.06753029958536438
0.17796206210964807
0.14666371978624812
0.01898243174033258
-0.08622967507371676
-0.0885846377650049
-0.08959665313609871
0.12936836737451846
0.07970004760744828
0.043940272307327125
-0.16650126941227542
-0.06065100255788419
-0.03885007193394084
-0.0134183196344442
0.21944483218062286
-0.10459381857478733
-0.07067847516581979
0.11244730747259628
-0.06340971385952215
-0.010021988114875405
0.010680302416076818
0.09269152548594789
0.0656484296882697
-0.14086184429154255
0.0683682146362419
-0.016547264423407152
0.06461916313375153
-0.11055087545069617
-0.16018161360623884
0.1621369067825582
0.07602085551112756
-0.10290496616610023
-0.08057809733917491
0.06361267927279561
-0.026483286183735164
0.04373135034922025
0.14812403668058957
-0.14706000567386376
-0.010995363928511262
-0.08089069045107584
0.31267581632231783
-0.08429473026932646
-0.24755487152080902
-0.06217657689164861
0.23720972419983116
-0.028199830025592072
0.10666763384669782
-0.0342623866946834
0.10085837475033724
-0.1997036085699868
-0.010703913473171692
-0.15725832348852115
0.04334303990444871
-0.05331383815033032
0.32461903943952863
-0.1731295891082969
0.036720293021526566
-0.10502128762770967
0.030326059608909908
0.06084012934919892
0.12598532568052745
0.018393999096973805
-0.08111284709738167
-0.05656088497617491
0.052212279307149834
0.02304124655328811
-0.08494763837410979
-0.03529936988705043
-0.08500938553770376
-0.03468206865748321
0.04170362627661807
0.15030321840038838
-0.05041390199138737
0.07963176066702268
-0.07555025150195444
0.1481411922003307
0.11031425184349108
-0.21837616450358566
-0.16302161953757982
-0.1954037763242477
0.2731866463779651
0.11089016673429081
0.040556638227227604
-0.08587834603141035
-0.2153892739343213
0.3786042360748823
-0.20558419863006377
0.028902797013431583
0.06314522357478283
-0.13741099943346927
0.10658717141540475
-0.07403038286685718
0.009405726770199914
0.2060710464943302
-0.16186999342519126
0.010907495710512291
-0.09187472348981936
-0.10856866191458292
0.10243444545388886
0.05416071888538191
0.016776918144626403
0.06783707164310887
-0.06920837246557521
-0.14398863888226934
0.07068392305027266
0.12153339531532865
-0.05589689599949747
0.14866768245616344
-0.08082956296630954
-0.036689500978171224
-0.04019736737645974
0.008358704262538924
-0.03909437182553323
0.047458473774764844
-0.024569363909345027
-0.16621821079875296
0.015856249821743756
0.06338099847839364
0.26535833254612406
-0.04173862815602149
0.029578423690690175
-0.1514034122267855
-0.10489232385575722
-0.11229511785028484
0.2808944563045663
-0.05887374380553365
0.02727122472647056
-0.020959943192982642
-0.0019090561738786347
-0.11235875840403706
0.19161578852198455
-0.1485554196186537
0.18083039933846637
-0.22729504723298588
0.022832112308266844
-0.06071271227561452
0.02965429415231715
0.23744246528495838
-0.0035991689794203606
-0.1877571116600559
-0.054555365137767695
0.05705046411294768
0.156887485076939
-0.04861499528892845
0.091626554228744
-0.11187950548040558
-0.0665126316512035
-0.07613039154324507
-0.08497750509574964
0.1700704250145489
-0.07103712411887159
0.1341930560298797
-0.04252146782880239
0.020810479168986318
0.0006362636921261652
-0.0859916859668362
0.20552407308708726
-0.02616389820980116
-0.04023753704345909
-0.22435304135626288
-0.3533767184287758
0.3539557368817921
0.15162768630922724
0.12097999620818398
0.1500822314878531
-0.09310723479469979
0.025985862318360975
-0.26827603531642463
-0.09249410213682374
-0.054772319125784744
0.0863086223149289
-0.019767940652565208
0.0075032960523051485
0.1252500570861586
0.16757697065684984
-0.05321803985031867
-0.06798167295765437
-0.030977599082880527
-0.31994456003214805
0.30011059851372407
0.02792343193641018
-0.10295210313986661
0.35918992831454105
-0.16439769494988546
-0.08915480270678959
-0.19136711732002779
-0.20988175887120553
0.2947065408903678
0.01564295919553513
0.046356520692051865
0.12952805301235484
-0.07518147531527106
-0.044028879530644195
0.1427790478453202
-0.2325335222527574
0.06550283117948544
0.08980365830168777
0.008946859644118932
-0.14395210637398037
-0.18907240927498797
0.22109307422898997
0.06422568085783853
-0.0686568206050704
0.02970070592828616
-0.008505728126626368
-0.0552496009926624
0.13277778351717845
-0.06212738225820417
0.09352410810927392
-0.14027546413454176
0.06002038675813046
-0.029379378815611982
-0.1706991383315663
0.21773755581245935
-0.11014420466961711
-0.0010413315380221983
-0.011661244679263147
0.04458784188560852
-0.10636621335197514
0.16912607231531923
0.22608751338089442
0.05986706149590936
-0.20715660745710127
-0.2420217964981144
-0.1169370432683592
0.08852197990237776
0.10318728144448663
-0.04404142270689344
0.048403949677285105
0.16369231745242455
-0.11837049814990375
0.09747709269376827
-0.12971957129878306
0.09363858864941535
0.02425390343668199
-0.02871315394708584
-0.2518740533514917
0.05975936434309516
-0.0334722768712638
0.07513962723004247
0.1917306321459958
0.12266492436528645
-0.15436067916515345
-0.024107953229911615
-0.2614141225694076
0.18719424946562377
0.1272723372186248
-0.17962761477323264
0.036474669918785826
-0.08071667753660991
0.05987537603695259
0.0064573759369525655
0.16834747886823923
-0.04159938663895077
0.03548039691913264
-0.1411897649424898
0.0032335233569660863
0.04760257841784675
0.018935657996864717
-0.08462209878408483
-0.20403883887902152
0.11991945017286407
0.01166864851498122
0.22299975956123214
-0.1678494966061151
0.13048388697957677
0.017187522790665166
0.12001635087365783
-0.20166621063552553
-0.21596146632168922
0.045432530075059006
0.21708705120909375
-0.09348915523342971
0.02698065528853212
0.012275158383145903
0.1039473587727735
-0.1798118397359029
0.1506974976397859
-0.0557618905310217
0.03429447705929448
-0.1126440405119756
-0.24934344206294304
0.02144026923101585
0.2574627088477208
0.08801881841799264
0.10868678983108203
-0.14483022999102368
-0.036467424724130976
0.07255833748328681
0.01825741219047022
-0.11054401188507348
0.01823750477024616
-0.029769971138340755
-0.03953645723089643
-0.13401128400797055
0.0865253351154963
0.1147379707493366
-0.17389251285526497
0.3934849485188626
-0.16172187085332662
0.019082872869866735
-0.07869944414924003
-0.06701868170927705
0.19666938645024776
-0.17659852490760203
0.04412560438043574
-0.11262477486120082
0.03805908267366112
-0.030587747237115305
0.09133364759862783
-0.04326516865969719
0.04360718175138194
0.14963791030382895
-0.30974840375429874
0.2923722128129974
-0.13956141152045198
-0.1379881525764546
0.1608771720527613
0.14249172600970422
-0.09956049034602331
-0.007083791162142722
-0.11821538241514673
0.014001120088432283
-0.10649937767430902
0.11172135368676157
0.1659441093274659
-0.10316882016976678
-0.005533917556780474
-0.03569765400388848
-0.0513828189371422
0.0063220058243363695
-0.06358704221722883
0.0616531424445708
0.14578640595967102
-0.06363666394125889
0.033956278686443284
0.11574098730893442
-0.03525475848263862
-0.16874093509397892
0.017817493566951666
-0.03451343687246941
0.010864170818475847
-0.10859017466231287
0.026100738946772416
0.045453303528762576
0.052512991154003284
0.12431864516827998
-0.10556971563472645
0.0069041647604988834
0.09472870416955745
-0.12966786178288142
-0.012597102288508254
-0.052578388786680655
0.11632838649545532
-0.039641996582217315
-0.050074553409035695
0.1455347895149989
-0.07138794203028526
0.07012465519297642
-0.0991624922917927
-0.014531807317397567
-0.047114667919788536
0.09084190809968498
0.019958705007304366
-0.07125996734531262
0.07868822934590647
-0.05621256661414266
-0.05452654645777545
0.05349784193193877
-0.07067249015439
0.045054194305440394
-0.08999275969598772
0.04998426156003416
0.17655482717369855
0.03660213000678208
-0.15640891101721743
0.15216962558491529
-0.18163882992669478
0.050081168713249954
-0.0235111199219568
-0.16130783748317637
0.15945398132323574
0.04948646767032983
0.05354155241685695
-0.21288766743777238
0.12790196894294525
-0.020860458445440738
-0.004992186080382793
0.07404546522531354
-0.09189986607685256
-0.11677536040845281
0.24144141499293834
-0.07586534089303781
0.06782418823168254
-0.11962656141154705
0.13405838010718882
-0.04044116441199921
-0.1091684690875772
0.042356543604565304
-0.12344483590408867
0.07627687250287282
-0.05146913155500155
0.14104862983653943
-0.05918179488648991
-0.09338626892619964
0.26627551834719526
-0.20710774441970783
0.23087726917685983
-0.24277586759506167
0.1253011748598643
0.04788071888135923
-0.1980124621286469
0.0004973429145105821
-0.03834408127025359
-0.12602204613499857
0.32251505597864116
-0.04566287479271451
0.09785369208374264
-0.00944651877127688
-0.12397040783532273
-0.04693569243041277
0.06642940748512148
0.06682879861221147
-0.02563931659645973
-0.13050525220637346
0.0046238939842914925
0.03934669475451016
-0.028217914148157948
-0.14697435874608417
0.09752065255797837
0.1318542764681716
-0.03699278464371254
0.05348887529844213
0.022882729401537814
0.04310243198064795
-0.007932345588704799
-0.12080157319085273
0.04500025946583351
-0.1298581207814415
0.13143917979629272
-0.026024617884726334
0.051849128901315544
-0.18172682907927468
0.006835573319530636
0.07490950158815533
-0.13051200349138564
0.19237446338296688
-0.006807206594361417
-0.028518584586449944
0.06177016126874966
-0.05194502922603933
0.033650969628289035
-0.05450412545379865
0.12089258185443924
-0.24786515362620365
0.1035749318568361
0.08145690321847422
0.0877778349457776
0.012877604966177743
-0.1407265661171862
-0.10661557923361561
-0.10514026901248173
0.018103778898348258
0.17178072666968783
0.018729468881620408
0.15205974036372896
-0.02081134350507282
-0.1775584799310351
0.0415999801003255
-0.12537435214218529
0.0019915025772858086
0.09390308813752986
0.036838967548767816
-0.08538958435440522
0.16569272921067052
-0.032491162255371846
0.05441252102468186
-0.13475796943027735
-0.016547410802990676
0.04952954495541647
0.04965821316631144
-0.15191906118014392
-0.10978754029908959
0.17799728707899823
0.01291065145444708
0.1284047891360567
-0.18945321710975102
0.036640896318531624
0.0983044546956849
0.001805216916558959
-0.19318740071990903
0.014868619764115153
-0.028545671499743037
0.10076364088116331
0.21876102744943382
-0.1863693505666447
-0.048930520947780644
0.09513706513457437
-0.06831591628226237
-0.07867855698783749
0.1748510074186382
-0.017495871532962358
-0.08716592110312862
-0.016939232024469286
-0.06094717032635875
0.06888465190978361
0.08196007469632109
-0.1406055782852633
0.0023463888989838193
-0.013210945258312977
0.12492581360960563
0.057867817262168934
0.11087033638760954
-0.11266296949412663
-0.16099814463037937
-0.03488385331546364
-0.009632050182556053
0.03307587786899446
0.14628602401288648
-0.06545456586792345
0.13788580812375645
-0.17619569438609184
-0.01764580734550205
-0.011379730988631445
-0.0016028716039719853
0.06769919273576977
0.03358351460019889
0.0133997301268322
-0.09939119861556751
0.16614051406630637
-0.308006230843904
0.3015133592776824
-0.20838857783932757
0.05579673313718127
0.037015180385379626
0.09709879375049939
0.02273431473900304
-0.2098238436855468
-0.01937482679935351
0.12146241795708582
-0.07434481737839004
-0.051120256356077795
0.13923068469267205
-0.06479637652558934
0.027322915188068446
0.1457731281296121
0.039480181713969616
-0.10538653378628138
-0.16525018320668602
0.0855823261198432
-0.21737079097013157
0.10949235019283507
0.14046638039887355
-0.1286262188385653
0.1810462055506522
-0.02833503068557893
-0.10405236796357381
0.13645852491746613
-0.0658798289066351
-0.021804864223425917
-0.061829722984895
0.014426301734775427
0.0733902694771499
0.018535783095393766
-0.1386237870450882
0.07941627874362547
-0.05267750585892504
0.021552121907358737
0.05625991144505849
0.051668391837659394
-0.11714577870331998
0.16676080246658437
-0.05010771435717213
-0.1797198956276686
0.0457719786318261
-0.022547509390617414
0.0001706831969454925
0.012267667717193138
0.05431496490091764
0.11223384879614079
0.020644991871496196
0.0015182009051822112
-0.027769975571770494
-0.15379094845028665
0.06443061255727489
-0.3024940114888894
0.2506037130388704
-0.058238381689297146
0.0803869358724211
0.1862921796331913
-0.07614429742381998
-0.18126316886171645
0.124402255135446
-0.04875013985252812
0.09100532256027147
-0.036459793004737326
-0.028247277959514122
-0.09504418600789695
0.05289567794916471
-0.062217901621437616
0.016998546382181824
-0.0009693425725499163
0.008200275424358642
0.19422055370925995
-0.007445060914770206
-0.018228243643062702
-0.052241306402563546
-0.16150738753308988
0.032672825494421416
-0.03655860016217544
-0.05573858210302913
0.1791520199768458
0.10719998150938177
-0.03960080025490005
-0.06353419593344993
-0.08715139606298213
0.05867984838324541
0.2814764156935285
-0.3849567001178147
0.03316706197999494
-0.11694621338533093
0.336415169498462
-0.33865384574589247
0.07940542511416601
-0.0035164954845909938
0.23866465895984312
0.0257075899855964
-0.17739659601604904
0.12424715474686945
-0.11978932160560254
-0.09387685343697609
0.07373308661399619
0.10631305214928444
0.057874341990394915
0.12242095607986309
-0.0752880178560683
-0.32271357261666284
-0.0889146370044094
0.0019460575506644842
-0.0320047391959267
0.2524007133173494
0.015159571608617264
0.045232658213787545
0.07123857259409762
-0.027953188266063012
0.11551643032680174
-0.26878494253826984
0.16316970561228933
-0.26080768973801216
0.08733596519953621
0.10636559714708271
-0.1461793257555037
0.03191805183905194
0.09788847397082527
-0.021769424316689545
0.05260597532656376
-0.14055669618412245
0.14978326573223358
-0.03734308879758423
0.01329298068253812
0.12223303486865174
-0.13830689126796783
-0.05696589779672443
-0.12487790274042122
-0.05329425575402594
0.05254249386572919
0.10073559322939826
0.16758594037331856
-0.23863997489222397
0.25301916663931084
-0.07781072598383784
-0.036129481484566406
0.042031725504328696
0.12100640200890715
0.0149101940050427
-0.24820192076343017
-0.28834360125625474
0.2531183049987486
-0.0666022333841374
0.18410968610466769
-0.02587268167596581
0.034133507731663154
-0.021448273475345364
0.07030992541995806
-0.20985075347780172
0.09394396531770269
-0.04466961492773092
0.10915729187400919
-0.024402321396362704
0.03310668043580554
-0.05739756768830076
-0.003451699381666125
0.012947538452858433
0.0994161366148889
-0.11149628200368832
-0.13240213258241734
0.14833417196676954
-0.24038711564133244
0.2295389826846242
0.017708531489276765
0.010291283275827505
0.026022400735220805
-0.08324049803204166
0.0218560478310664
0.06763344284862469
-0.09967431242042687
0.12083018834556297
-0.22590148372320945
0.07455585676057529
0.027389082266708033
0.0278649736024663
0.10631700189331963
-0.05485512795555507
-0.04343590961752958
-0.057244820129313916
-0.0016928389819121648
0.0346312175181546
-0.13467238343694793
0.07906553944875468
0.16702913487881763
-0.07801687726888021
-0.0018670845178107714
-0.03598092050028278
0.039758404194893314
0.07132577400515466
-0.02127345415779696
-0.10119215181509708
0.15185225220527002
-0.26171927217520086
0.07653811652409007
-0.034590768850857684
-0.010424173321463817
0.07560361878135231
-0.017753636073350433
0.10074775975462319
-0.040526638054248436
-0.0322392462944373
0.04846758276514519
0.10150619915092081
0.013496770308955885
-0.21751619951304452
-0.05500838198986935
-0.013854515365474458
0.16225727313780017
-0.06946770810826644
0.028528966624779245
0.0005640825281572753
0.09030180211180137
-0.13334246544738507
-0.07088018871667572
0.13085373017934654
0.10364896184453949
-0.03954780323180568
-0.04729252818288142
-0.0015558403730793896
-0.1127253040903106
0.03149408775883364
-0.061235734765619936
0.07127103245584762
0.10454370717745386
-0.03913801427251853
0.10543051126924113
-0.05568733399554627
-0.08181294112662763
-0.0761054017934997
-0.016384106102559998
0.06791670725877125
-0.08377146910788441
0.1782858140941901
0.040125161953530525
-0.12527508237291823
-0.06139905503387538
0.10446986976981296
-0.10282403782383573
-0.037385837674822425
0.2074931919964958
0.048420216570817375
-0.06681869813629288
-0.08367618903223405
-0.044969361095539534
-0.14788561944575446
0.05039125672383952
0.21888444185215924
-0.09034465527763216
0.17447999093603317
0.11044437155174432
-0.24287820535185833
-0.13123104783078512
-0.04868784754293515
0.12355412654629534
0.1062047997146761
-0.10734795529573062
-0.18393321591358397
0.009476887699741046
0.16353480862807024
0.1567837691151714
-0.0999173161772639
0.02672085657885136
0.11058531784406223
0.0013704660224496922
0.0001160525397036205
-0.16714175269126283
-0.07039959264836501
-0.06826840559688473
0.0639693089537017
-0.14160302133367791
0.16458549131015515
-0.0002468400034221934
0.06350722907695786
0.12885715949942722
-0.02088266510009383
-0.21107907768819836
0.10376829054248152
0.014786319140376373
0.12837069946772836
-0.09510251633186298
-0.12933814446991987
-0.03869787191285214
-0.0672180849031556
0.20151110528310193
-0.06305871398417344
0.044683081664316365
0.0690141365524357
0.015048805246980768
-0.03717232281894374
-0.13697404382537262
0.07228947804225389
-0.20901963808897633
0.1429872013252063
0.1563428449330378
-0.18211780910330594
0.15298010912030063
-0.010044896162364248
-0.04993346317361043
0.02779320609692168
-0.0419619076673824
0.07373735760745767
0.04122180016441442
-0.21284609194298465
0.11466018500717887
0.014172098974719785
0.012590460372139985
-0.19900802802246037
0.06968452311091194
0.02532610843221214
0.07619001517742738
0.020144269570646276
0.05973025811398808
0.16681039804598613
-0.22138977672256344
-0.10926211428433714
-0.11942016305691247
-0.08268456346452771
0.1367773274165082
0.21932384940344976
-0.05956511090896279
0.2613311708731578
-0.1762298133921881
-0.1906544199414777
0.04520858987146814
-0.0052580268331756976
0.07725893076006643
0.04493212519534557
-0.04721030875479776
-0.10841606461188526
0.015084703058018208
-0.03618429323528176
0.10860516623927956
-0.05157761922955701
0.16923908813962044
-0.22317390672991158
-0.11010332109161657
0.11628541789690779
-0.10335906539937308
0.33412747042136615
-0.09069688128887661
0.16847259852449023
-0.05292556085323605
-0.25539889377277053
0.03295223000590415
-0.05161390420200022
-0.03101826821359456
0.21010396577658177
-0.1576152985475644
0.013000688842178518
0.0005878239812813421
0.04539798569207877
0.1014902750576296
0.0632691725047157
-0.18050398326824502
0.0877070299983983
-0.15612910714210038
-0.06816329536809733
0.002591075770324946
0.23894137678621494
-0.10638587597728225
0.03431043389979353
0.11965470740805072
-0.047347419928211
0.047117613212405665
-0.15784149190225916
-0.06872693890168247
-0.02782668738899506
-0.054831678688280046
0.11352521400635633
0.055302337175585276
0.04232044732525539
0.1458330911444864
-0.1851639920150284
-0.1513825354412298
0.2334642335255538
-0.1578631842614648
0.21335462319060897
-0.1920346036958871
-0.01921335162480344
0.17302770058855188
-0.02750535802374893
-0.029690722932502748
-0.14286199826114934
-0.03411559796953195
0.008792137404290357
0.08369589030070834
0.10234492118139385
-0.08040779147658614
0.04461834893627306
-0.026027664496770277
0.06918928065008767
-0.22704080989786338
0.1581289565187955
-0.09252038785681098
0.136443936400526
0.0680378026268135
-0.04204971227254831
0.04352290000335361
-0.15455128343078064
-0.02465521330456344
0.010698702291003545
-0.14078761031759
0.24108525469551217
-0.22522348213888665
0.018167220224788897
-0.00809115585170414
0.30717571382885334
0.025186343858882257
0.0028244219742280235
-0.11747303450976614
-0.03523096044004258
0.0774472405820252
-0.07520219762152122
-0.2362035425921564
-0.040539728240384355
0.08451292546026049
-0.017674401904396557
0.2734590634430148
-0.1023563099213223
0.1719263771575561
-0.042771593160604846
0.10601192917473799
-0.1412159384820031
-0.2824038001177744
0.08867179466887486
0.0022829166043704793
-0.03758068465110873
0.16805874482437164
-0.11536895731347849
0.1745135127142862
-0.005947103233074423
-0.14278837301937874
0.02065636095902385
-0.028346094024778466
0.11191912318839242
0.11503389108319445
-0.2395131297366313
0.028626984935180302
-0.04113912314795168
-0.0015677829799283782
0.19197232381596466
-0.06794903937355082
0.02212751788537312
-0.012541886028313336
-0.13672986655914993
-0.06251167374458529
0.13208637649606228
-0.1801735278819544
0.22829609569801512
0.12741521435240796
-0.23770064123017431
0.12341363353489174
-0.009769201460986438
-0.012588934782457902
-0.02532189280187213
0.01793845717509489
0.03278832730933369
-0.2173578148307589
0.0566820974054206
0.12812220164929308
-0.07348766831232596
0.11197019859275315
0.04685305862067102
-0.05933146082004533
-0.05986126513334872
-0.06960694735039176
-0.04403790633092472
0.0954014647910004
0.0529257528070585
0.024988257826744884
-0.042874831665395824
-0.09069747902226355
-0.0290790537291421
-0.060830704721719135
0.20876700432490292
0.24928394735840684
-0.2481626294996313
-0.031401229764888024
-0.09651025015821278
0.14957518610585907
-0.1486757790306466
0.02967706862250965
-0.09001419763408232
0.04555553766998787
0.042007291258901125
0.16311702333332012
-0.04196457929895961
0.02976308701677556
-0.09407940693339145
0.12426836346329882
-0.13737019527308467
-0.11656458138440699
0.08763495572201004
-0.14726490015130234
0.04471096160627346
0.11436391373403944
0.025207379454119338
0.08167734941459795
0.006253965641844042
-0.1621308580992462
0.23776071410217187
-0.12929519932950587
-0.1736055048296312
0.09335355977243653
-0.06636723593931881
0.10120574660004417
0.013778251747194381
0.06055187076429532
0.07515472533177904
-0.17457188591717757
-0.1486376856228862
0.08752798390075704
0.08819842591171159
0.008291811579651542
-0.1079865463720657
-0.059194390793688406
0.26287411203913147
-0.08386500692207541
-0.03040597703786621
0.15161439126407952
-0.09032561858942838
-0.11193743670502254
0.12215372061233258
-0.2104456458769979
0.23849024894911852
-0.14442090236551564
-0.1741323102046413
0.08328584322882342
0.2703322772254002
-0.06177416339607445
-0.17625790184734622
-0.054050676335274675
0.25113673303809353
0.0401291481382066
-0.022624809691027176
-0.13492993938968711
-0.004715922948565848
-0.1829745625251921
0.12662989461229932
0.11628114771911699
0.029097012215520232
0.052986306474387825
-0.18249273036992064
-0.004967728385872781
0.17697592228056447
-0.14555441622949875
-0.025825976759684437
-0.15488113480181218
0.18334723821585466
-0.02459705464467502
0.05885208823023832
0.00725851454229684
0.10747197578078765
-0.07106369050876277
