-0.21868916413077902
0.475852886194442
0.6772583266969256
0.6608942588660115
-0.020589915870172604
-0.7717565497152694
-0.9444857674030227
-0.2814057903984013
0.454359049008202
1.092279095879064
0.8218613295142458
-0.25711262654625533
-1.1430382239421648
-0.728064837768572
-0.27068304349305927
0.7919697385532044
0.8197058195641109
0.3808111902034068
-0.4230730268463935
-0.7448312758547533
-0.4059549451964112
0.29213669413721033
0.6411016398054592
0.25918964990874915
-0.10644273783407462
-0.10665636269110867
-0.2800422245031805
-0.2156620951083573
-0.29231731187295357
0.08317233465724069
0.6637565832752297
0.2661235160996629
-0.010721269304282608
-0.5846453148400121
-0.515705160932366
0.12877826364709008
0.4889405463013518
0.6813711083456527
0.1679213603460618
-0.650181036020896
-0.8211913901550247
-0.5236182260360408
0.41602710737182275
1.4257391709321745
0.7195086521261279
-0.2601628831811219
-1.5136170076719824
-1.348166342161684
0.11306351996636119
1.656368728449719
1.572728493189172
0.3587836047649299
-1.659163881609453
-1.7934638291686162
-0.7198190186598297
1.3693002885058134
2.2915559351672545
1.0820915608292707
-1.111754690068489
-2.334469904834661
-1.7648958471335958
0.4115270560652329
2.209922906984684
2.0224383258765473
0.5130141856192172
-1.4290266353983494
-2.2947794736312703
-1.094165334517062
0.48765373003025614
2.205784209166485
1.7446641252758093
0.28079032487708955
-1.4427714398901217
-2.276627571523187
-1.5891993212923794
0.8040511368333456
2.4012191950541597
2.420304251353183
0.13733821389245504
-2.1780523573062958
-2.707782710091482
-1.0909011395137038
1.5177993986860199
2.7114227764599117
1.8020038351333652
-0.38692544096089243
-2.3193654064251326
-2.882182072992228
-0.7063999008028238
2.1094882531672723
3.599885748193994
1.597091302517735
-1.7661735380202348
-3.649475651562911
-2.071051429870547
1.0035626117185246
3.0203531522475435
2.3101573037747265
-0.43573724020782245
-1.7883763271379791
-1.8889172898089657
-0.6337492416746278
0.5452416823559838
1.3919192253538728
1.5426706085661874
0.5267338940996313
-0.8625575856098203
-2.0412192692496234
-1.366398226799499
0.44625494131574006
2.0522987665185743
1.7662268137082147
0.1394258368374965
-1.3987933924157405
-1.9108181451856256
-1.2707696503247297
0.6046105775321879
1.9958619930964485
2.2607373990417745
0.2035014815852516
-1.9788730372166334
-2.762104965691254
-1.1581585734055406
2.1717163561407684
3.1695650419803614
1.34723381458453
-2.036394206611993
-3.2325897005713062
-1.3893444390728238
1.4188409609077386
3.0136151245734526
1.7418074026514525
-0.7978296223998709
-2.630483146518048
-2.3185990322402157
0.2722851922106046
2.7063190753523627
2.7622218296591505
-0.12385060432147277
-2.736640905620388
-2.527887837749208
-0.2979596923071875
2.0498873858547615
2.378710861712167
0.8511924374489707
-1.0265410236372645
-2.14380108948717
-1.5750270851600658
-0.18431422801657435
1.9795408357246151
2.1505428039967747
1.126373984423743
-1.0827081554047049
-2.476436511141727
-2.2365782068842215
0.23764070869440124
2.303929340200791
2.864064118556829
0.8302250079323361
-1.8277747152453734
-2.9863431343194797
-2.0204960057939356
0.7138575352219262
2.9321954236752767
3.239917743260913
0.6894881390177564
-2.8456911745207427
-3.848559355070233
-1.5008498406161332
2.237539738869686
3.768081124958873
1.637613224655606
-1.4027050857288315
-2.7390327308910405
-1.764514105999689
0.6004648891131847
1.789466073268509
1.3375986977250436
-0.34044177771198286
-1.017185503672557
-0.6528594594740601
0.8585738100683463
0.9255242838645569
-0.4716907936493789
-1.6367285333946398
-1.304682801435286
1.220902267356716
2.7739021171406497
1.7237625410090445
-1.517536515151817
-3.4365324708479985
-2.113986557906473
1.3334591722723328
3.2991676700228285
1.9887040499949864
-0.6802093656346677
-2.0814967429545472
-1.6487936022552863
-0.31229927176660377
0.6601676315821082
1.3010597083722437
1.3402216830424676
-0.01131605829653487
-1.0836042370274144
-1.3132220764343425
-0.15624418517484204
0.7145016932250223
0.06012046779444635
-0.28488662875357584
0.8755566290518989
1.6890657529108897
0.48718360638633973
-2.6719380942597866
-3.2328168126389567
-0.5269401608162424
3.5023282937382145
4.316268674491209
1.11511342009041
-3.2929606777341704
-4.850538451661226
-2.1344546707051766
2.330038873494513
4.363499314860653
2.963765490912435
-0.5709934904323531
-3.2215028074724783
-3.048494757362118
-1.0822989850668403
1.690169676297364
2.895223147221132
1.342975738142252
-0.6535765205357644
-1.8138849221059452
-0.8377691747000695
0.434395126023559
0.19536982460911947
-0.08356228623284237
-0.05390892329146533
0.916316715685347
0.5792245258048727
-0.37033988828020226
-1.0387125209825845
-0.5102934697416143
0.15764966713816625
0.6445379033896648
1.1446419467552156
0.07951293957494748
-1.2476115378659165
-1.754365555551677
0.34058040280147484
2.4811312840982334
1.9612625686564291
-1.2559097671098969
-3.7669915954404907
-2.4741176607702573
2.7306404709732535
5.62738793154215
2.6630947772317146
-4.771196143937379
-7.533620914075111
-2.230651488388938
6.538857998592243
8.316044219123684
2.364260987059169
-5.8389534319514125
-8.514783257955251
-4.727172849779656
2.5829595408705566
8.758895468064496
8.982160991900042
1.3429577814534757
-8.894806480216767
-12.081487683396364
-4.4474944889542165
7.132829550089479
11.992078959802084
6.747364793431021
-3.1587106708455854
-9.150727283566662
-7.416111941728802
-1.9816896485285391
3.821216332728597
6.839967365142809
6.827504599308007
2.7509908482857646
-4.869476797475103
-10.984521013737233
-9.265344893703231
2.541069477593083
14.243735802615948
13.37909943364101
0.100778067177546
-13.436966496099952
-15.783257674082147
-6.556479946838805
8.604761221343946
19.456843666273436
16.226580008978164
-2.9061586335728267
-23.621773281887254
-23.885519889396956
-0.3321598606940937
23.44936100596142
23.411330792972443
2.2403152282743957
-15.375340119701725
-16.214992333523377
-5.470691162302064
4.749881059797376
9.365620941377982
6.086172502645223
-0.9075467247417066
-3.853670614724541
0.2594153577741507
4.299249052609798
-0.5803040579771048
-9.651045537691598
-10.97292676866385
0.024402781787306704
15.731985283525262
22.90868921932595
7.529069984401344
-25.096737846701785
-40.41373237089095
-8.714046755734005
43.2677563527985
49.070371842127486
-5.731635313259451
-54.82981287245765
-38.33675873354623
16.78255787895388
43.79564553688664
25.499243744937147
-5.246063485407482
-22.46080921256275
-24.400593459684195
-15.006600637133426
3.0285390366167064
19.203319834633813
24.405550881410655
18.805650844115696
8.31592898963936
-12.404188076900546
-47.10969096853396
-65.35852425370186
-24.299637862270767
78.91827458130221
165.34321702102403
75.61893852659183
-184.67189542173628
-257.9688014788024
26.49332601759741
248.8615397961821
124.29281536875926
-72.67357172932104
-107.75108899813345
-49.05968800701366
4.079827421948106
26.667749494451666
27.785425427993868
21.22766527475899
11.806958407883128
-3.5992493898118827
-20.071473901358647
-25.44568938641924
-15.936996026698253
3.1018447449778934
24.28378400442645
34.42672774203855
16.587290611257565
-27.101574974886546
-52.375568098368504
-19.63521695268559
40.56842076384099
53.58846863135873
3.527964581715139
-44.20587874324412
-34.69483843534545
7.104372015075206
29.012414785157304
17.447786248525237
-3.0850573323678243
-12.353327643852182
-9.863580331671953
-1.525551683624576
4.832121383934715
3.665915091803521
-2.338676154767576
-2.5899449600040376
4.223582031525737
8.484442613261018
4.000056468879252
-6.1923214912001665
-13.705298945580669
-11.847895995677678
1.6853338005265324
19.331103617590937
22.33229843139566
2.5901359654473364
-22.726765467977593
-26.382163251821723
-4.785828711451796
18.568951045285164
22.353794849947768
8.27223863558587
-8.396926696176525
-16.57553322735908
-13.041602504298252
-0.23984161139081372
12.592922547302182
15.144827969121208
4.413650346195158
-9.287226923818857
-12.76733505945806
-5.405460112221482
3.777561075479647
7.800018392707656
6.454796604738215
2.2129859155808322
-2.390550953335442
-6.863789740292498
-7.356455471420422
-2.85200117832451
5.857948360253791
10.914649463058108
7.043267966112734
-3.449568241785882
-11.93236396196956
-9.533832661663913
0.8356412132787943
9.825016775510859
9.54693280454161
1.983499387717757
-5.408464746650923
-8.125333361593945
-5.3396619991661245
1.638683229517111
7.402748498417867
7.03646042285978
-0.35769338362655434
-7.523567641906888
-5.814086682956988
1.4501076779055535
6.166212150807968
3.497639969468806
-2.2848994614357703
-4.2873347833275455
-1.5599165307672473
2.053223784426419
2.829694371215966
0.5180376453261315
-1.5082586727555043
-1.8769677352636898
-0.163550674838223
1.5089045054703532
0.8097434186541795
-0.04094373947920042
-0.639660476723304
-0.7517788003784723
-0.39572029843151346
0.28073991941802756
1.0010476126972567
0.5889082742131201
-0.4885986543461861
-0.32577877684789797
0.130575131491596
-0.09847877652244455
-1.0472844829727836
-0.8999811847725381
1.0560490872942845
2.3771406677167812
1.3693620289210222
-1.032793282550117
-2.9550614937299953
-2.598761089783029
-0.1096009386733699
2.693473998703643
4.03340074146322
2.0829440091764653
-1.97178727614435
-4.790013049283004
-3.550425852633637
0.9876955682841012
4.71936615489442
3.6142329500354267
-0.19310580999187132
-3.6165958746289317
-2.9481820064935946
-0.08167518206738134
2.208854365426917
1.4609133093571547
-0.2290740388130597
-0.33189883185961416
0.4056330591324558
0.0770984612010086
-0.7962228145288356
-1.6155361533214792
-0.20829799161306178
1.2554679171744445
1.7027711170991453
0.7602520174775693
-0.7406777263791074
-1.401189830262489
-1.757102256731491
-0.6410960813397123
1.9343469859117728
2.625036032095077
1.3107881100802674
-1.7378203553867695
-3.4066299123906316
-1.6836120735260236
1.6381066936925217
2.9907070686142405
1.618752927778222
-1.1628644143619042
-1.7924609059045657
-1.0287837455004454
0.6682819246882743
1.0486716450014768
-0.11368175362356812
-1.0391265280273072
-0.45424955799649513
0.9412497640264395
1.7270573789328731
0.5075199033134679
-1.2429308229229592
-2.5675295270428458
-1.337712291447769
1.3049539546338538
3.307147042907283
2.5794709092133346
-1.3145768072671726
-3.708245845638364
-2.884471455872153
0.5021658663313947
3.400865354194634
2.9735654387998363
0.48011153106642324
-2.260092193615113
-3.042358029857942
-1.5185340024166933
0.9507925707179584
2.69774891940307
2.3529892336910345
0.2580746568337687
-2.3086100150405997
-2.5481728051566317
-0.8815878691519784
1.262466335927361
2.392869186054235
1.3780857512187386
-0.27348029261438284
-1.497743019111088
-2.067322094095599
-0.6033019866683303
0.7646042831468884
2.227891940988872
1.6435735378075105
-0.2329963280634524
-2.361109414940287
-2.488372913195155
-0.11369528348069763
2.3917451901373137
2.806895168377741
0.5739980311164122
-2.409505659730392
-2.7155219779851207
-0.7976721070922872
1.7858433208061317
2.6951888427880046
1.4051097929598404
-1.3371540497842482
-2.8470096208821554
-1.9139576942974843
1.014925049543159
3.144165409481384
2.170102227404857
-0.7504779260273569
-3.1104734688642495
-2.3200323542555594
0.3864978518915106
2.341271182574059
2.1232210217484577
0.5490425766761389
-1.2840482278225163
-1.9278458819382378
-1.2785378210810106
0.34783208972717583
1.622513283838912
1.545278973024474
0.5661478859438809
-1.1166759431337052
-1.8321267353988098
-1.0657986560684325
0.6108700218883312
1.5909766654551765
1.2927662778971396
0.2802381214603399
-0.7442773702175066
-1.813678171381918
-1.4345627537738315
-0.1257767406312189
1.8784109931165074
2.6939005762527803
1.0408618961607148
-1.9207375307274415
-3.3060302889718387
-1.6334750797621267
1.3804347004673025
3.4246192627935796
2.346179425606425
-0.855220815462641
-2.950224363515395
-2.650026133217334
-0.15909768658862103
1.9791968141505174
2.737728955405965
1.459402819089829
-0.9477365760508283
-2.7738666724582974
-2.2374426477090514
0.05375749697091792
2.411043986659385
2.503678954178017
0.5447441858234212
-1.5222579471385467
-2.403047837692178
-1.3834283222331587
0.6897288786179027
1.8498004378674817
1.9604384822656407
0.5395669215349556
-1.1977346705251315
-2.0213220824101756
-1.5447617365331159
0.3153219792494879
1.9877636970744632
1.968735631039092
0.4863029735389872
-1.7851073312785792
-2.1673080270570146
-0.8136285305503586
0.9411552127627592
2.2628998738927497
1.379259374098182
-0.5253109317336464
-1.9841648980060727
-1.59430088188994
-0.020121779212645685
1.757786346617409
1.4005964974416525
0.5096326997643597
-1.3168793512871706
-1.5278923953075427
-0.21351698969175653
0.6078493511279275
1.2934179157002073
0.3214937315540818
-0.31591629457889214
-0.7891869966028935
-0.5536717811121602
-0.09375987242765285
0.7699461034252559
0.6592545641008771
0.0937585109998049
-0.5530006686593771
-0.7015246584856919
-0.08857523664126599
0.30039015909405203
0.5568715213060657
0.12189585888639008
-0.08578856700030399
-0.1860944188861282
-0.29380843118536637
-0.23137814225306014
0.15314933630141564
0.34697395877071685
0.3257442897491942
0.38448218890401914
-0.5844412460278626
-0.6354170043967281
-0.33867534365335894
0.02556368280922683
1.022276540945247
0.6200554088047191
0.1011850801759025
-0.9588746566574419
-0.878123970490275
-0.25606788982029505
0.7172304064705814
0.825713734662685
0.5196126609291314
-0.40632243740643703
-0.7498908730793586
-0.5553739752334622
0.015663025826352532
0.4825885706246142
0.8503451901581716
0.24597977433042384
-0.03867453393913177
-0.8389841392366454
-0.6015441063380151
-0.41669741641742325
0.5659702816594571
0.7253338230713544
0.6628765520265073
-0.33875826696465255
-0.683281291987576
-0.40860156882720533
-0.07934925251786537
0.228740998515107
0.3479968617005068
0.7117754722997947
0.11043107649518016
-0.4414123577710783
-0.7110993843487162
-0.6541305399520843
0.2170053343956057
1.0932861487269008
0.526196110006021
-0.047318496621840275
-0.8698668871833353
-0.5278090802857341
0.01061372061295257
0.37070407309238906
0.6873322648650166
-0.011603710455983036
-0.2867356581957522
-0.245360495725461
-0.14862662606464416
0.04881173942169234
0.07019995918574168
0.09907536565972652
0.09986537322892494
-0.06757642034985628
0.15661815860035394
-0.013798226997336424
-0.17702661535851616
-0.19619996036900034
-0.049119691333075206
0.28717735757177043
0.17403817060302335
-0.025528975455811495
-0.15195207036690556
-0.32519600102830726
-0.13220749097593795
0.42146889200224014
0.23648488995220557
0.27104724789215706
-0.28045800090407164
-0.44238683505453946
-0.13291566191562854
0.180058557392587
0.3173669956873542
0.10655201078014395
-0.09051023156503467
-0.43111549530999327
-0.03156669741703183
0.11968577338030925
0.6034200511038437
0.13200428356660024
-0.3932068360909183
-0.5578369164207422
-0.32663539461875224
0.49737044136324876
0.5073477737851873
0.12197554329046138
-0.18063259014978522
-0.44043580909686825
-0.28386524150906595
0.3672657649366444
0.32050106426510067
0.34298646577961567
-0.20071251574316173
-0.24805080301786536
-0.32997788871397
-0.14008772786501156
0.016605341511010077
0.4419061167044457
0.05416490113920144
0.0891359823322328
-0.06450299329596605
-0.11099158430721727
-0.30962867031642377
-0.11426767291026707
0.2417465361404906
0.26299929090232665
0.4038384266061507
-0.08249092023587327
-0.36325584980602976
-0.34228149067659336
-0.25540732640697944
0.2552340215248935
0.2435606732540818
0.2933882711723683
-0.04845969356125126
-0.21188057272441796
-0.3596327395688015
0.0301475546281498
0.2076510189114563
0.4373719395262182
0.0038071526724818144
-0.13897688493307378
-0.27856113643549923
0.02734536731643552
0.047839179619896026
-0.08174545629670094
-0.11971557981076736
0.07948200958635397
0.1367759243541121
0.19557831950887658
-0.19300113069129485
-0.0841235469931725
-0.18447697498913943
0.13838538078597498
0.20174880545058368
0.17201947229706127
0.07738367968201662
-0.3665617647726578
-0.1917081339504742
-0.11007183932198185
0.12999628655310785
0.36203211718318207
0.09163165190367706
-0.14525744423158124
-0.12494334653774705
-0.3966623292911903
0.2530735997742338
0.2816460609761923
0.24773857027014717
-0.1800945036704121
-0.26221993225432066
-0.18016636873347247
-0.008873999665201387
0.4150196707657456
-0.027417954409799654
-0.1867495013093534
-0.0770771894049053
0.08307798649268008
0.15141772029409753
0.016192518372578672
-0.19474343958633647
0.13914519926855518
-0.1850409020506004
-0.19327437717649754
0.19341786101234362
0.1556633459357758
0.2099863722444014
0.09648902786886933
-0.249919841340214
-0.12826802546237975
-0.32439784322745074
0.23473812095981675
0.19911544276140064
-0.016103466399773905
0.06565502704472179
-0.15167120620853702
-0.02276779044615012
0.002615592948565837
-0.27763847725235924
0.14592221784685822
0.32582229234457055
0.01883349588578998
0.24217390870341438
-0.4189037311409285
-0.34289184451731136
0.11469028608891743
0.27796491945602664
0.2084041263224417
-0.006156892470574249
-0.29521837107035576
-0.17911619167113574
0.05437158442293191
0.03997676912235652
0.041534497116295435
0.1201371176061974
0.07805973999167776
0.010047377890266114
-0.032890287946839944
-0.055433816038813644
-0.171757822634346
0.08894508102778952
0.0955580838089499
0.05227021906796568
-0.06077212576947371
-0.10277931450990142
-0.0931663769179653
-0.0007265232030855729
0.15183428479080396
0.09548505231873616
-0.023075902234107437
0.15939088592926526
-0.17714096690255532
-0.18317627215776303
0.026877706725175962
-0.0022309636550126508
0.09835101670023615
-0.13851014219211039
0.23733657291925359
-0.20109317549508166
0.12272730555163618
-0.08038745578795409
0.10661768051630166
0.029142760438763224
0.05049281536087864
0.013584453033324187
0.00023905514099654274
-0.16767652122662355
-0.004316518522968882
-0.04763396263484234
-0.2081087738063257
0.1162275010361
0.1566733593113857
0.20260538123430258
-0.01962804170181088
-0.23749178439798396
-0.027289164965742758
0.03259327922589266
-0.015196616949767558
0.18602403882791232
0.04974551475336038
-0.09690734519712262
0.009568571554847128
-0.25539858107180363
0.008018883959419005
0.08203583941193786
0.21100653848395315
0.08442045220370091
-0.045745263235776754
-0.2230667522242073
-0.20737917490035232
0.09011053428924945
-0.0007003213640143363
0.361837279139236
-0.009405999389974162
-0.16350434948625747
0.07492737369293519
-0.25070534872815853
0.18330718518001746
-0.0008352390741336211
0.2580454301593412
-0.18591814415972674
-0.1874076748784723
-0.14819958270678088
-0.1006990235425579
0.3513401745832546
0.14319702397307157
0.05046764867451864
-0.2085927620365895
0.0036037126422160705
-0.09031957074508336
0.036336205652812974
-0.002554621699515999
0.21264552558366512
-0.09015607423462013
-0.11427654918577798
-0.0241049427397301
-0.06875935635473095
0.07922436085727626
0.1389707618283094
0.06918931376785141
0.10724273766216846
-0.17986365493425874
-0.3034416623231556
0.050795169534851733
0.05458548224782618
0.28197141673758114
-0.12551994610984396
-0.0724648857498895
-0.21943883528862304
0.16209052829567916
0.036103041540775684
0.2567015658255203
0.04711729875558844
-0.021604238341069247
-0.21975064242367273
-0.22245927143072264
-0.1090878055374677
0.23029225026417682
0.23240480636619248
0.13054320033314248
-0.22150276162149038
-0.16451880939562016
0.0019143777781863158
-0.07334939777836716
-0.02328388939759466
0.2103009196987879
0.21340497310551818
-0.12525238783363923
-0.010327921152100975
-0.0035856451755715293
0.13827960220277855
-0.24001794122244874
-0.001964820020696421
-0.18222240788392843
-0.013681932550711512
0.12183592273557411
0.011123173760834833
0.14701631209712798
-0.018548815125368292
0.1480197510585709
-0.15382438790734737
0.0038001083252819645
-0.23409979841114115
0.05568378736577036
0.15607738708645033
0.07631891981382674
0.1418908731329868
-0.2696491844778751
-0.15678284569474704
0.0916076327614751
-0.10154225062961722
0.2609742781510563
0.13726785647000656
0.07010378236820854
-0.21301104890524203
-0.3033931241679901
0.0004023749284285526
0.28270059743682496
-0.04684079706534768
0.0914059837682393
-0.10221034713696107
-0.13310988839608873
0.015096001467428163
0.09739186358595342
0.08883739770185628
0.14973196254518528
-0.13627613864619667
0.03783445299244741
-0.08038616498329228
-0.12713796217928883
-0.1399743454193548
0.1771164087271802
0.08099410770524097
-0.001441945418650465
0.03798319385909674
0.05360027843758388
-0.0910637696733579
-0.09598501097370232
0.13280249281804202
-0.1320621005809297
0.03722648928779932
0.018779175106387002
-0.16316342678027657
0.04274635816283849
0.08373805222489858
0.17431414502259301
0.1366100253941735
-0.10732203646650162
-0.1521955545914908
0.018904800547326572
-0.21096643605118895
0.08398918505878511
-0.038872068629563286
0.03406139521867986
0.07284007220428619
0.09169511687030404
0.1039301103605839
0.18488937995782817
-0.21283926904178577
-0.2579466719976232
-0.12695640294281244
0.19657604252897207
-0.12836254757391338
0.2764776253863643
-0.11696342566330918
-0.06554688594569327
0.047170450646942925
-0.05458987146310325
0.19471890479671072
-0.09487630557684343
0.28789296078497634
-0.07933875994113598
-0.2663180966050996
-0.18013036532474158
0.03758873372556064
0.07866476526223717
0.22927711785722693
-0.01675472828950343
-0.0681629566804352
-0.09035051483572962
0.003694098700360391
0.02173958001305816
0.00909320430038495
0.084852633980589
-0.0920238599285237
0.05948141713574655
-0.13460934240603922
0.0995464066925619
-0.04341156229743296
-0.01477299961987937
0.20021061251655367
-0.16955206652764648
0.11796343436321316
-0.15232916994388662
0.07525974899470946
-0.06857839281901511
0.2257032753035897
-0.22573416678124764
-0.02084308716254355
0.05760704523163004
-0.04222144704176825
0.03100621350882879
0.02749727517056773
-0.012075915052568918
0.06622672226582753
-0.1800718579054352
-0.019573460945655756
0.04836051488492797
0.2556710016850662
-0.10041764362657632
0.005266405580092302
-0.05284217847537766
-0.09404462568673527
0.15436992329389254
0.04672452605359677
0.20511151602530922
-0.2873420277472134
-0.29774313826764837
-0.15399951405095663
0.1933111933520601
0.04133189563071145
0.22093323705952062
0.0442136373775238
0.06280558917177234
0.0435720094300563
-0.08295215270969997
-0.19840909665434384
0.03863614574707578
-0.04942928898040035
0.19960143098293578
0.013547812822730976
-0.18769674764011826
-0.07435376291565646
0.023747906685973878
-0.11291751265286686
0.3719735248807136
-0.09538178308919894
0.08935710110071095
-0.15411268577171922
0.0038165209442888454
-0.03749301545951254
0.01842903612452379
0.0063487652475799315
-0.09865420569331673
0.18132427604679038
-0.01538735744383335
0.03778687012616645
-0.036515131344519655
-0.09643647320344373
0.10318090004906745
-0.23077210246686147
0.19157645715776292
-0.2223654346942173
0.09645441702429522
0.17672676194980028
-0.01022972367071244
0.006185896312768693
-0.0348328754671727
-0.09414219962662311
0.10752584702938531
-0.0026158068326863106
-0.04940279563611156
-0.01913097974715053
0.04925167116813973
0.0027120262472859914
0.10866546089666555
-0.22616130123733924
0.05324542646529763
-0.02566078385682731
-0.02990836668550278
-0.08939100886294232
0.07866996034795593
0.018994822811836787
0.11414418650573294
0.1365864930481266
-0.02820893216028279
-0.09306988205157585
0.08602892049550596
-0.27952310558789517
0.07988572984458102
0.020820463761677566
-0.1529439489719121
0.1937724815160868
-0.01674601377207921
-0.04585401636579972
0.17756754837585983
-0.05048995452482659
-0.009628967891279441
-0.009233875475863075
0.01039340688030483
-0.1494991005703296
-0.04362218662889452
0.06599545220873701
0.15045627480839469
-0.12379906012631293
-0.031670857438499705
0.04786493350061427
0.053838608173364874
-0.1125663924994077
0.074177216174785
0.00862937199450902
0.04530999314070676
-0.11303947917354232
0.2243504416246536
-0.1606267452832182
0.04840927886396387
-0.013326854164915946
-0.16064672076323294
0.009914557027218574
-0.06491083884421009
0.07665826560543879
0.16774492748511405
-0.06966110214116018
0.14704080372519449
-0.04545406891609447
-0.09548995086600198
0.12236612938026264
-0.22017818665444433
0.06709972627533566
-0.014462326176132983
-0.1620859731283496
0.1719088378001014
-0.010681947012475218
0.00012507569484437875
0.01629239651141565
0.001987512357020902
0.2121640439476959
0.04047101663754317
-0.22626890904334526
-0.16464734514513302
0.08489253111834208
-0.21015149686913323
0.2450843076523222
0.05755488749851395
0.12829974208357783
-0.07383322826650623
-0.014963395434823636
-0.07140062831011146
-0.028096351462826245
-0.058524607815050846
0.009642211455224401
-0.018145639321199114
0.15453536473547355
-0.21995446202722213
0.10836435015695595
0.2050909461542436
0.02287447525854662
-0.019422714401440735
-0.24058719899153377
0.05827216329848038
-0.06221193665324047
-0.03264551685872055
0.19172484137725665
-0.16950954483491604
0.11421053352530743
0.017970262855448817
0.0075945797204191486
-0.20326502780068545
0.02926261033290167
0.14169193572032382
0.09095448872851482
-0.048642453028006606
-0.06470937123190039
0.02842527628426659
0.13662675830034754
-0.19984077881207923
-0.02148783126159196
0.05071810892382237
0.010132731949585522
-0.02998908062078208
-0.030027097327014064
-0.01976958199035108
0.07024934067571498
0.017602406609258103
-0.03981452669844318
-0.0362173051183034
-0.0697723314158688
0.2374777668438063
0.061365067296733106
-0.06013784148078923
-0.00947133216302684
0.009070331943228909
-0.2877734555515434
0.03381771470404586
-0.06857039062618596
0.15829965343387142
0.13630044628664034
0.005529235931183041
-0.06401820551006752
-0.143658340033143
0.1506193071007541
0.07883757874808382
-0.019173453953166254
-0.18911502375176192
0.044209906101934926
-0.04215955264140848
0.04621283842823609
0.18994059720071954
-0.08119887940985737
-0.007315692778607035
-0.04968730756546021
0.0397246754444227
-0.06963913825624118
-0.06505116540854952
-0.07453513583487775
0.1296765944549145
0.09910474503992057
-0.1780731392014959
0.14519097051526167
-0.12879669070167848
0.07861845408781924
0.008806132846274174
-0.018051801629549294
0.10300512321845788
0.060886768078428875
-0.16063150177004223
0.10625597257739049
-0.04816814904950491
-0.05776662860004907
0.0072372771748914645
-0.14975153472718122
-0.022301192673294546
0.21486089121803217
-0.016940090489061026
0.118929444681661
-0.19907470527300242
0.11699472435809985
-0.06296621928057002
-0.017719924376794913
0.020508226580394768
0.08805326561938083
-0.2647463784214087
0.3231332482368473
-0.3695859846948858
0.1458202540373086
0.036490734330328845
0.09486693711950384
0.12482724447940559
-0.1814213477985321
0.06306169096981436
-0.23996786007195936
0.041027294850353155
0.15847538429350558
0.10476511451341519
-0.049759402003962824
-0.07883353331512152
0.029628784775784518
-0.08750744242410895
0.06481647491650402
-0.13056622288694222
0.13718992884990383
0.04306284711878234
0.01164282587974933
0.051869417899530444
-0.269467025007965
-0.039680152823772116
0.05610604236117745
0.03012766520386597
0.15106711582238846
0.012376760720415613
-0.02201747910337787
0.001209208732558158
0.008028696400040784
-0.0641803939815685
0.0012264033091494327
-0.036717483150188114
0.02695988034548672
0.09207635476612527
0.007437975475589706
-0.045136201447504944
-0.12550496236530778
-0.10802295263365441
0.08395274518099514
0.1756810067555449
-0.06714667232110373
-0.0012247466580819072
0.0202092437442351
-0.019031534254811452
-0.082282195397995
0.09459885775422389
0.021886639420836365
-0.06387681971142882
0.026215337567609173
0.11266023085336788
-0.1515089474052683
-0.09783404852270311
0.14918540937363572
-0.12076142992237356
0.17298423946517477
0.01651632871907139
-0.07971473881866836
0.022158476653987083
-0.09988036026957214
-0.10690771877752339
0.3029793389648058
-0.15211333164930138
-0.00639827372217976
0.036045567098215665
0.1056484834700033
-0.11936324311523715
-0.13340122121314166
0.017954878115293074
0.3256100295636372
-0.3024799929819048
0.07271275141428168
0.020230780335138757
0.006761349980013778
-0.09459913612497871
0.1354371910915933
-0.19141005389731244
0.2301400035376579
-0.06203118454830251
-0.0016059398091620093
-0.016948560822849373
0.021879211523381778
0.06482183286047379
-0.048239387485666856
0.06661726034803347
-0.3309870395144977
0.11874610969043081
-0.049004655798490566
0.041056060628446245
0.07325466533816069
0.15471459380898456
0.007611953295425189
-0.09131358055827773
-0.03472064466353078
-0.0267713577676673
-0.03483258497398529
0.02117611769240265
-0.04917371203618489
0.14571971421895613
-0.15654283695612561
0.15478075578662248
0.056105771387007584
-0.026029958360856285
-0.18802574148394002
-0.14566172539502492
0.1943463035379261
-0.06579631573138658
0.1474448285933034
0.1932727742465504
-0.13134133037582904
-0.2720959455381816
0.14911074332568441
0.002080180401963178
0.15939839078524493
-0.10495093104156898
0.015659443823269427
-0.14105406555706973
-0.15014783415804758
0.15238592083142333
-0.06711922630858341
0.037209444329868065
0.17287637647367574
0.08543858787397099
0.08606334781821531
-0.17064624726981617
-0.07884518085234084
0.03565408571398746
-0.11441782527719588
0.12104559254417216
-0.1237620716932285
0.07664905205974558
0.0005193187357559873
-0.03805746638493353
0.0758287994278326
0.009016756513495356
-0.029842582185701877
0.0694805070459468
-0.13722325098450316
0.008000977330204391
-0.05107012167234032
-0.029467238098363886
0.0029234875995198264
0.058616680961214966
0.317092809958484
-0.09675816256964026
-0.010359783608128476
-0.1082690217752211
0.04499223668408193
-0.10710660565905268
-0.17178741218592083
0.04151538035668905
0.08707265234722211
0.09078472481656288
0.016399225423535002
0.013669931829960326
-0.0885369473969187
0.07813033600108299
0.02379272355892536
0.03131404345844227
-0.1657130528396248
0.04752463734524445
-0.1150815569819448
0.01114635801315814
0.07191925286448896
0.012576437996201192
0.20670625151042474
-0.20406667213522173
0.10356048972860618
-0.03672686468469552
0.023384232235982592
-0.16780378292859802
0.04973891710868154
0.1719132454192516
0.08747427178045183
-0.27379801547347327
-0.10098210852863952
0.051877925337609286
-0.010458165611420297
0.10366255470135272
0.07369101664732335
0.11450991999719931
-0.2796409583509816
0.1345488008904859
0.009178398002977359
0.03061385707872092
-0.15401717192453354
0.22204193142963938
-0.13115446891355517
-0.0878274295264339
0.0919001530214863
0.03622028052486652
-0.08548377004684699
0.11397994726284304
-0.1401352253105616
0.07720936977640878
-0.016180723223707866
-0.10187001153969509
0.037320038683292665
0.10659919048274849
0.01629709226523072
-0.0749530228540527
-0.013348673468388562
-0.03307287573235414
0.1631125389442115
0.03270216061291239
-0.14173802864601182
-0.08699214680016333
0.09969088924934068
0.10931139207910456
-0.10879532469106787
-0.08179263088608932
0.053790928660548874
0.002919826604057721
-0.07964788590007402
0.0003527507489236928
0.08277882049672995
0.084494640595
-0.05818243155915563
0.04925614813771949
-0.009406918457749363
0.022427140125147613
-0.21517888843909427
0.11561206248557611
0.0563898914176875
0.026947206716468067
-0.09958567728837506
0.021932292582698798
-0.05228096042880888
0.06980734559884424
-0.00891097406018004
0.05618369892071904
-0.046371560612527465
-0.07144739745744205
0.022767540470172695
0.059169727289788046
-0.07670247695122707
0.18840337114524747
-0.04816134326998447
-0.06093294788450747
-0.10484556137762423
-0.08553286440513329
0.13520811103837183
0.03651307587629009
0.013987437381893245
-0.025671335565270546
0.03838600088119048
-0.1362847206609808
0.15648959197722118
-0.008330230740660515
-0.012093439554530926
0.08619227496094103
-0.12692638366810902
-0.02597178584410797
-0.08874053183126056
0.08500762288747904
0.06249322276702907
-0.09630397602777263
0.0508409142703704
0.012536658289094765
-0.01913106145037638
0.13031640468194466
-0.08024132159087816
-0.0931949885334181
0.05951090278013012
-0.0806539234669217
0.154427344416424
-0.03085860527811102
-0.024821445905307573
-0.06872685027063698
0.05116406520829541
-0.0071188102761957466
-0.09185650766972867
0.08997655742035564
-0.1319963466145268
0.1750089616240482
-0.03966412343457698
0.11536732597914379
-0.03475123842097448
-0.11058312977865592
-0.005268866245793338
0.1120511590515344
-0.001275742305829608
-0.02792980904295633
-0.14475232072080552
-0.09891837007105328
0.08742786048769186
0.22260434422583508
-0.06760101296313074
-0.07334351988282026
-0.011717951225125985
0.1659463732109286
-0.21548450475245234
0.08092543970225383
-0.038147981243701945
-0.00824200212709661
0.020091855982618107
-0.00637807475249063
0.05245369390875804
0.06380311103844147
-0.15440252474469737
-0.016311948454080738
0.33929900674360697
-0.3457518256556737
0.08681118832932608
-0.040417450974337195
0.048237322138341344
-0.007949042998688864
-0.02929786114300459
0.0585770515897574
0.0845662842377537
-0.29768438366024935
0.12201508032315869
0.1099754629323679
-0.0005035495875775897
-0.09531408808288193
0.15294967133602344
-0.16226927445872105
0.03558870241728591
-0.033579236990314204
0.1747810713358443
-0.21868968101023434
0.12639050964128126
-0.10602006613577906
0.03665869941882837
-0.055539826560035276
0.0680447722340664
-0.03077644170113772
0.04935061592697346
0.16300363623870606
0.009878161862883816
-0.14908460044847152
-0.060253060805388364
-0.04796804125828559
0.07703419582890467
0.02629916459247839
-0.061226081661262755
0.018723829456024896
-0.008632973846690274
0.014926548103280491
-0.12256724311386208
0.14326359692856497
0.09800075298550415
-0.003687304306113675
-0.07672305595573266
-0.12234483107853139
0.035904471622746625
0.14246064955060567
-0.131938875002235
0.04296558820567959
0.11471727912462547
-0.1459444260601418
-0.10212938266737304
0.15021180306646265
-0.02016880501335528
-0.11699069707987703
0.0816736137109712
0.061122360551358224
0.08521318570806065
-0.11581150492706922
0.04755154661349224
-0.0893840247977991
0.0450106748630989
0.1908521480127095
-0.26860499185312436
0.16378098551956452
-0.08746925614559835
-0.09182333162163839
-0.01757567249371512
0.0827780098197042
-0.07719949556911966
-0.013299949760923002
0.1923826116401609
-0.007481484106149516
0.0012519064860426871
0.005613862879602433
-0.015354061159864343
0.01576561358863647
-0.17197630984343562
-0.011198313923111977
-0.06692040574426548
0.19032667268671974
0.07687321431056157
-0.080180955421577
-0.00027476455477435865
-0.02742522277043862
-0.016410616595011224
-0.1474197266172041
0.22227232600500066
-0.026909587146879972
-0.03177079022798387
0.15261253889628268
-0.11445304392369185
0.04418896402732645
-0.18631896253342134
0.09098915545366182
-0.16635967541622937
0.10230162697565817
0.14031021405985203
-0.053960676599719065
0.01665174111919927
-0.08976876204108193
0.018998994820268816
0.2238576694230226
-0.12504645098496586
-0.08956678593984739
0.05682008076694824
-0.06296028680035748
-0.057266613253855646
-0.017350044885147922
0.19521733454199655
-0.07859192319970187
0.06352529263530143
0.027426397646328617
-0.0390208214593152
-0.1422794054332031
0.007833383189136348
-0.047329417970059955
0.10437103100364473
-0.09592319934311413
0.09250064721806095
0.06826190185258843
-0.03491271880355594
0.07435921870907178
-0.013050896766913365
-0.059078590043156055
0.08042488870325185
-0.16860651036942303
0.022122245324639876
-0.012484658033633056
0.07619881791276732
-0.021268696123809317
-0.09759134904313665
-0.13260603113416974
0.2619468960979019
0.036770910549315944
-0.033245497010772805
0.0106654672058649
0.13191071381141692
-0.1752250979574644
-0.083377666280535
0.08688966550254008
0.11009518779432692
-0.27814110993925606
0.022103153292051522
0.04812829046830333
0.10083972354060433
0.11396897298826111
-0.16010530810524135
0.12425964787645831
-0.06589502846813841
-0.016656938832946774
-0.1346126385532347
0.017386742875491967
0.014808092587203597
0.052868000269827325
0.11936206477654504
-0.028099570811051293
-0.1503196277168258
0.1383547656528074
0.03205038717127488
0.0016514684034033694
-0.020675279815831022
0.07819970002688073
-0.17584203272896584
-0.1157644970762948
0.03691319593657169
-0.13330377965570916
0.06919688065906698
0.08770109137453799
0.2365099458701562
-0.09983808812683774
0.12445722099162608
-0.0776226406876663
0.010679393931074036
-0.10912798370492392
0.05800146716155298
-0.028493418535098864
-0.16206596751153993
0.0221848172544804
0.027798283466930935
-0.11351289045834516
0.0848656828082146
0.045503512656921756
0.11741961594552656
-0.07514586699745074
0.11894307094946943
-0.07140458021901627
-0.018615006753854454
0.2405517218365547
-0.16788823739798941
-0.05368631045179607
-0.1043730104932517
-0.143122192547606
0.1875473381120411
-0.012416079595089148
-0.013400227272906224
-0.10051732881679228
0.018794734805357288
0.2310122255845942
-0.022743472660308347
-0.022156111741880282
-0.027016559504334087
-0.049892220424288786
0.08977948425039867
-0.00666614292671079
-0.06759130938926317
-0.13408878354987241
0.09180241639622741
-0.02584398245020974
0.03446901688745045
-0.06747663322002173
0.1529651613227599
-0.09837908861438628
0.12957440827214464
0.0707876319042504
-0.20927488522339266
0.22368898249245842
-0.3229827814260741
0.08156439546786344
-0.005689267608431452
-0.0692766300948201
0.20488382448643697
-0.15680742087152652
0.01084527155019673
0.17784223447670783
-0.021957811336003434
-0.07697249818514411
0.08508404892620108
-0.07644419931956901
-0.05736541697067557
0.04577108463851384
-0.04732452109613777
0.09766930850468666
-0.14712763189996775
-0.009699826991941898
0.2430897727472925
-0.2629215566257103
0.1802042351810007
0.050413900628449936
-0.2664142021578255
0.18733478157445788
-0.1364055799920317
0.09112117748490475
0.018234309940229263
0.045732501761641474
-0.05951332624897779
0.05227128210452193
-0.19347304869946202
0.1971261199873082
0.007592143716702471
-0.08899920432878944
0.05594218537899924
0.06636585632678632
-0.157146092869047
0.010843467733182392
-0.05765795659490625
0.08143279526473834
-0.004904161730418154
0.163052862038663
-0.12140253928770549
-0.03813484062445685
-0.19034966370756498
0.23378857316510945
-0.10293038524226485
0.24093353093192676
0.03286706757530858
-0.06439244214132504
-0.1864384570251875
-0.10748131624705888
-0.05750786732199428
0.1927968886375645
-0.06370093031552843
0.08022909285676805
-0.012039828304806141
0.26954983509728137
-0.22795169645013988
0.08277674982853671
-0.11985478780591108
-0.013568287934705311
-0.012710004599792227
-0.06183542304751756
0.10501867851946489
-0.06241466473744669
0.04301252541705754
0.0273894489468193
-0.0670599739755024
-0.0863760431312536
0.07381961476608985
0.0544985276657413
0.18013446066590896
0.1403775104450771
-0.209270264292722
-0.0777740170410737
-0.2602703894104361
0.026248077730589445
0.058871421369247376
0.14118197982148512
0.11238433814954787
-0.028745162329728992
-0.10587334477435575
-0.03479953359415143
-0.0876274854335795
0.08267168025202434
0.09886189045164469
0.17113252655298422
-0.040894818248882255
-0.2121672391187851
0.060732945363898096
-0.05419026518668783
0.004144741323223764
0.11288553082340701
-0.1165717371407051
-0.10347203390771477
-0.06217769588911621
0.040512881454819114
0.0913111915667364
0.1531257077150986
-0.028409080614582815
0.12315789144284933
-0.20723393580343455
0.02632119568711698
-0.025497348455727972
0.1602905847999486
-0.021601032351461213
-0.06255755707374837
-0.2721550225816609
0.0013509705304009245
0.14568997112851317
0.12239255411557862
0.058196675043073576
-0.053660382021148284
-0.09826987603233366
-0.07304753706296788
0.022890721820964265
0.009919235064454881
0.13983033446968107
-0.05160577543107599
-0.05314144780362538
0.12039990348821428
-0.07971777252850809
-0.10532475158017751
-0.011202765230419843
0.3336325890901835
0.11488310788204893
-0.3361350847247935
-0.24971330590861288
-0.05174201581387432
0.21075609655168975
0.032543278563144595
0.05034325097013966
0.10960946300845989
-0.0020480024898504087
-0.04956754626804366
-0.13183751095672078
-0.014917833721594503
0.2442246146998162
0.03239847969177437
-0.12716653681424708
-0.09119979868224558
-0.22572345171519803
0.031552022111817526
0.02829701720746093
0.19314067708127194
-0.0001691198608875852
0.10442996126419454
0.0775605217410334
-0.2374345435346103
0.046220284188159516
-0.06319938458021665
0.18502013836019313
-0.0005465279643991489
-0.06319949459962938
-0.1770274943932302
0.07345873821166148
-0.07342688659822733
0.11302804457315462
0.08980812159137389
-0.1081335417392542
-0.1436461632250045
0.07871970861384235
0.009118239091069298
0.15128427467275332
0.07193381293032278
-0.160004397748737
0.16132045966965652
-0.14416655414474566
-0.14873905635257645
-0.007914984195202495
0.1991758337199035
-0.015460589917975935
-0.11925600872226531
-0.002240798022797263
0.08872239823621571
-0.03392760368864542
0.15468448964277698
-0.027859083875298413
-5.546598744296787e-05
-0.2119866925815819
-0.11907264333678412
0.21517242850351032
0.11159228639421775
0.05262179343691406
-0.08218911867724413
-0.09661660765007354
-0.1316213408883536
-0.023138789036278497
0.06730732670221123
-0.002810183272866331
0.23254746183121622
-0.054250272767157375
0.0390893708619712
-0.04294258148678468
-0.05244723547863404
0.12050773269592335
-0.12176073548828797
-0.19591127182143594
0.0847273778053624
-0.021415332193505207
0.12312199921258668
0.04975709847332891
-0.04956578870264583
0.02439964215772302
-0.021785089847898856
-0.03354269869790827
-0.16558605422541958
0.2574607701349633
-0.020477810402720627
0.04231292831805596
-0.02327250284123003
-0.06500426325508254
0.024788099897291905
-0.20727865959866018
0.13459402636908543
0.049861382812535215
0.0008765295423986998
-0.03345389134816272
-0.05941275543753913
0.013314340927083708
0.10459923981918631
0.015165332618044106
0.04326922838715912
-0.14950628957192932
0.058819261172987275
0.007076555661001179
-0.04590099579819536
-0.10539085482315826
0.1286814679313968
-0.03422624085994114
0.14475316578270547
-0.13718737069796919
0.10374662242530575
-0.0670091855797264
-0.07117911303159445
0.15969301268907418
-0.2697270073866737
0.20079894631056522
-0.11532351156830183
0.08210923227246662
-0.002324696856420722
0.07864155323394072
-0.08441056200971592
-0.028237866543660672
0.007133684965209328
0.10446531948306897
0.04063320752766036
-0.06920036949222949
-0.08483659427705471
-0.24021626818702818
0.13765811598590583
-0.06283838018768968
0.2613058987701358
0.08567520582227584
0.168641492198377
-0.2789142457655155
-0.10076093860010062
0.08494072754682168
-0.10802243825900429
0.0673417544791011
0.00455783046603879
-0.12382037877578136
0.0720952428388624
-0.0646909049509323
0.03911970978602893
0.2014985903758381
-0.06411643061273738
0.07430641494132251
0.05780943753278793
-0.2712805555613183
0.05641912660911961
-0.041409069303397675
0.04828808810869038
0.0056477314226806505
-0.026086150134980553
0.0853758152567175
-0.296164045044205
0.1659331389270104
0.08454874947269929
0.14724687832885963
-0.014293965184488989
-0.07830339329387137
-0.15250834766474775
0.008023856480628332
-0.10106735361779934
0.1479976344710571
0.3060923835376594
-0.3205565611735205
-0.03888433651775391
0.09133454046863301
-0.09148708894508145
0.13563617211195667
0.05950936657739881
0.06473392642723391
-0.20414124183380755
0.006550375046969301
-0.018256263148144526
-0.015015429001636858
-0.05370726175106168
0.009243927428850602
0.09845333401910805
-0.05701257120557682
-0.036084983913265714
0.014993765373022015
0.155683246784525
0.015509291816162988
-0.056151729780439794
0.011876805835248534
-0.12404990223004186
-0.07376440261564338
0.15966794066961026
0.01962215142161894
0.02922149398431282
0.059407668409417705
-0.13038791240716033
0.02345244518988062
-0.07949154362073035
0.004680036048146076
0.27780194590515905
-0.29607911470935333
-0.06357186902110525
-0.24126332218896146
0.25662054946315693
-0.07373916506766842
0.2659411105744498
0.12362308689316168
0.05304237896124718
-0.059402077642589035
-0.29782478951352487
0.02499501967700321
-0.005160365916900091
-0.023678944046784958
0.018877888466587653
0.11127517391916569
0.0792020986230906
-0.04861167555374444
0.017419054081290013
-0.05940870372149133
-0.04092947396730129
0.005197209836607031
-0.0328698325279114
-0.11790871553340589
0.06423192994042642
0.04749937814825869
-0.10206832267562828
0.08533061390506508
0.1664448419140969
-0.05590570084413955
0.13223759083467754
-0.04025500413631664
-0.10258991154917939
0.06172867588197346
-0.12394834531649812
-0.0049672395373529495
-0.07550445346963325
-0.019510904736309818
0.029504759706523047
0.02871926142010952
0.05720885112754211
-0.06856553666389549
0.0500947587916625
0.034325707211426755
0.08173771300025388
-0.08493996471976248
0.09089487706454663
-0.0172267616386453
-0.040389384373151024
-0.09320270313413918
-0.05680097651221486
0.10272536073755545
-0.012867585589104677
-0.0003340030342864793
0.09697549239141158
-0.1995786904481293
0.09926414113611531
-0.10711293224817775
0.16196962224665468
0.005337474295377197
-0.07168807309790198
0.037654985112697215
-0.04148113213863632
-0.1320393126446024
0.16426814778079124
0.07539980493855623
-0.05958793375492859
0.062118467596734006
-0.058770708027569674
-0.08212945385119663
-0.056509407494349885
0.3474940763019662
-0.07202919917164055
-0.27102536344536526
0.012234336526963355
-0.13951022515085593
0.1109702364926885
0.1275186750009049
-0.028546728759814594
0.15701871839657158
-0.12196085272972687
-0.05247321830499116
0.05082334053930126
-0.1002668912524749
-0.02839226271323516
0.17857908738377148
-0.0523350318303131
0.026133751548603576
0.11180804329084988
-0.08506312614590579
-0.06832429001413405
-0.021136777133746135
-0.06090445414310075
-0.012799319806271086
-0.014109963649263844
-0.04933732348402413
0.11776241383018382
0.04184909490249895
0.09132200372592698
0.032175450953411205
-0.15250686385603796
-0.04018059768027586
-0.0005869503304721194
-0.01846032761500163
0.15506709942544417
0.09956998181473282
-0.16965884122491884
-0.09906514908736859
0.11484304994104544
-0.12143116180226311
0.16401895757258717
-0.17023002231645706
0.08947735988767685
-0.03962366519024957
-0.06211849015935818
0.16099318185891567
0.06981530708243704
-0.14953669128411354
-0.0956685103935102
0.08436455369581361
0.021437708094995428
0.05169037345261675
-0.024314285153898045
0.10048995428549723
-0.04422650962777851
-0.14589158546625822
0.02738585143344465
0.04968053823113127
-0.10691877991745047
0.3013663718603738
-0.2657968840136197
0.025594838309626236
0.025560759985496843
-0.0745227868279677
0.003476270277935043
-0.11461230297533193
0.2667245789674466
0.12591416873551012
-0.0806855353142148
-0.2774604779326887
0.14531101193122115
-0.08132991474838927
0.18568111176801555
0.027083822641634635
-0.03412957564008185
0.009355834944086054
-0.30660692608330137
0.17053908288392258
-0.03745171495674761
0.10523489327441482
-0.10184979447795044
0.0272043195655216
-0.0016228991317676893
0.056576599531525
-0.1002622040877772
0.045443677426607584
0.12234642455320639
0.25033377527597145
-0.3102723172609155
-0.1620186953598647
-0.022647377460494833
0.0673384266875475
0.18994810120427616
-0.007685624724742763
0.0021868196876662083
-0.12072855445447435
-0.04372950970248092
0.044387434076983576
-0.08364478066446243
0.08460468097343977
-0.02699644013983049
0.13308027312269213
-0.13030573155891506
-0.07024438777419376
0.2810751405556512
-0.05718177233685405
0.04554826802699804
-0.2986273984356558
0.07318410502266376
-0.04079911919034306
-0.060015718754396104
0.1329921211380956
0.05638457532118527
-0.02565993624529023
0.15717800925062775
-0.09105332496947825
0.04548365677897079
-0.05534171314648916
-0.09751823398029993
0.015703742235270296
-0.13788369199649889
-0.08008471940246188
0.18481014438820528
0.12573841602108748
0.022032517280837747
0.11859144890329337
-0.05839247301599507
-0.11305519697494185
-0.17106103896766892
-0.05413157733987671
0.13001455725635838
-0.04776479776330285
0.04094968670360325
0.1407012328943035
-0.029060109960953394
0.05062802249308935
-0.04554413496882086
-0.1372186719572313
-0.07184805474799807
0.14368516040149512
-0.06857975781601562
0.0682574439713711
0.027301086701857057
-0.0628615917965768
0.1718516659934742
0.04905500169767811
-0.27620637124993136
0.009405254472312309
0.12001647485524136
0.030802964624120674
0.04686230483981427
-0.16963832864979733
-0.18481558743094517
-0.041245577223531595
0.13157746436119272
0.18177777947697446
0.18735480785307404
-0.004592981178506032
-0.08945435283905173
-0.024562629583382664
-0.3103351436887558
0.030284088254667628
0.18895492849652695
0.014559995805512566
-0.07986577004656131
-0.0025621914882699784
-0.10874636577218647
0.10694623334184196
0.08130996485190914
0.04490321011778835
-0.011428152039841113
-0.029560490127172975
-0.001010496425437546
0.04582072043998993
-0.14960330884164566
-0.037809439294658034
0.14476519752935307
-0.041579541901177686
0.020568250929822823
-0.07792494098525175
-0.10959755009559977
0.14154097456239514
0.1585721180481566
-0.13622630168320235
0.002553896612204516
0.013873624891341411
-0.1415668846647549
0.1018754181254213
0.031268967897584404
-0.05444128764547418
-0.007237359322904872
-0.005965243890874175
-0.012230560529554485
0.2118750222865085
-0.14914683015760977
0.28041632731267185
-0.40543408907695644
0.025752303166275546
0.05302711047110589
-0.025904863547080173
0.06133205486929203
0.14165684649349977
-0.12219032989124065
0.07624298992983738
-0.1579912289376288
0.014247294192073254
-0.0699543324700542
0.041943750422531206
0.12825410671329535
0.024089399429484678
-0.17281527768509714
-0.06265701840816155
0.22570907765670792
-0.12761274751508395
0.236638226952047
-0.15712669938717716
0.0976338689420273
-0.19418736848026713
-0.10034592280594101
0.25244660368372895
0.04861228777004088
-0.21567718852098236
0.14129495847395174
-0.2464448821177707
0.1379501016976499
0.04450775276822834
0.061882877723829166
0.16104176119846889
-0.31030375324322823
0.12129370706496223
-0.012216785826536142
-0.10169706194314254
0.01724782565631579
0.007870816497595426
0.1345933993740405
-0.024994189063196268
-0.05120131093869518
-0.1117112795670411
0.05005104822380901
0.01638807296426179
-0.0030997939776288286
0.0711038173554065
-0.10194955849466576
0.1439460680700341
0.04879121094911509
0.007242024666497303
0.07821534344467829
-0.2102624279440632
-0.08376688695380415
-0.06924619012085598
-0.13411180913817938
0.10432702674602451
0.2511546822766033
0.03321589104052643
0.01497841398282434
-0.08467347269024486
-0.0922002051109123
0.046954596103678886
0.030537154153283293
-0.02734971494313707
0.06254048177002527
-0.08798909626812959
0.005744055192483347
-0.04508461069692227
0.02792731208695412
0.3259192602566975
-0.21445870331506295
-0.005079450455130605
-0.36364032179710937
0.13983368041893918
0.12087106895372829
0.03796476201795868
-0.1596353962331694
0.20821602196785038
0.03932481960860687
-0.031899180353462814
-0.1774783020288878
0.14246665710667636
0.23395551552325716
-0.1967335761470177
-0.01956795674792635
-0.13711464095732764
0.024756263653048984
-0.14063296663204933
0.10196614671320142
-0.01085865664981555
0.20803122168762342
-0.1814286475151201
0.10012470812181895
-0.06527417943765139
0.18108192101690626
0.17930610724178797
-0.18029296160738423
-0.22612019023572466
0.01403726742135989
-0.14748199384911495
0.18644789859869526
-0.12776964170703584
0.14217331528205882
0.004630931969339006
0.1781576832074776
-0.260393506553804
0.014818936582409542
0.2544777877050171
0.09694568142744435
-0.29268205244523876
-0.15328843972500422
-0.12642423640030975
0.33584357647814966
-0.05215457567446156
0.12373220065982625
0.06626833179470606
-0.1085582398409661
-0.04801784044056878
-0.18074564900386839
0.01056125543511306
0.08195228604993623
0.05239836540651018
0.18771276237911694
-0.1525605450212878
-0.2067499824510893
0.201173199367594
0.10334776819730052
-0.0740581540122022
-0.016735064528965386
-0.1155274470970252
0.0005114760057882573
-0.14246678337408492
0.09664642670950306
0.22808619295854796
0.06499280982851326
-0.11969090939863136
-0.139171638677624
0.1363410212166175
0.024020952363553814
0.010225706908250247
-0.051098475280166686
-0.0544622655247645
-0.057610552009368356
-0.03935066621704914
0.0509547089697816
-0.08939609175563987
0.18692312751855716
0.01281902372617868
0.059619585619690614
-0.15942714031497113
0.16538232295641525
-0.1475990154997172
-0.004417488590556441
0.08470969679499087
-0.09971459963245688
-0.03603576591301645
-0.10469195027454986
0.3041449141703631
0.04312794833286306
-0.00023839484912765128
-0.1287640678984798
-0.13693031490731258
-0.1830325987832279
0.19032764363734647
-0.04270302048184966
0.29167490300931176
-0.06342218631083295
-0.03683502740349298
0.004563102156365052
0.02667739491259616
-0.06696911048060274
-0.11846221760976787
0.09675825385626942
-0.05134989486190915
-0.1093991782111411
0.21864427109923018
-0.027279287566250816
0.10947228863579656
-0.11945889816968626
-0.08063857388059896
-0.07520408112304426
0.016546469250215717
0.12388806010781235
-0.014316649516635211
0.07928854684436099
0.023733440697638025
-0.09240416530502654
-0.1363995499777323
0.10655244404138389
0.10052381366742827
-0.029898058811872054
-0.08583087200024511
0.0012903737546853845
-0.10427912803738709
0.02159407133230664
0.12974547876963752
0.025724351092628887
0.11927908268285708
-0.11826371745386347
0.03227973682490759
-0.18062265417753498
0.023009099881302765
0.09618186920024911
-0.021000488537706127
0.06595830853089545
-0.14668997617893081
-0.07369921458255624
0.05447795078395785
0.03590569934944055
0.11386768434568688
0.1793073481419897
-0.08738246321514068
-0.098012564874552
-0.13424414118258693
-0.09161427688917578
0.1450915837941636
0.0638692639892683
0.02912041635314983
-0.10926332715499258
0.07082233932408719
-0.22923932181099002
0.2405375724783795
0.0386587412573271
0.01569714846698094
-0.09194376607271595
-0.028820457084737412
-0.08423511250905462
-0.048914548735974756
0.23768944065465464
-0.05773935277865984
0.013291330640440654
0.039710662993479626
-0.0003832898600518303
-0.1949379849613086
0.05942673318137709
0.2071697520153912
-0.19115780497155713
0.030082096814057734
-0.06750477369143794
0.04447634262375255
0.036739953670766615
-0.030907898427330688
-0.006053126621221465
0.03857963579616321
0.02099805646966095
-0.10026618915746997
0.09663061151041294
0.07482678596863618
-0.11528738124600288
0.04476032863864145
-0.2617183356483309
0.16872894989425422
0.011657084592409654
0.10088208519553256
0.05477313562009542
0.025195366507741075
-0.04460272351121862
-0.011759559937363622
-0.15094266569020875
-0.061296686617622914
-0.024998246176866808
0.11158223059913396
-0.033940970956171296
0.1873290521538275
-0.047865203025207734
-0.22348731716943604
0.03979216792391138
0.07237346831589034
0.18902046933210376
0.018237230999499685
-0.22516272043284827
0.032316933339026986
0.11686120385073359
0.0007153824495202167
-0.0615090570999774
0.028478128219095997
-0.20250090121899197
-0.031662192130212354
0.03597179860428912
0.127653750862629
0.07886226544539728
0.04896370116383797
-0.1556199550142304
0.07558798033919611
-0.22486753164893403
0.15505272124963013
0.18314112870061325
-0.21490395918011718
0.195226882250685
-0.11730005568373197
-0.043565271220284814
-0.033710152253138205
0.04688131807822206
0.005590215413756747
0.05687239040692314
-0.10298097833785173
-0.1548882578507697
0.0980827138672137
0.03596766929764476
0.1575292448470788
0.024054055230714418
0.08143943430862394
-0.18262935469010053
-0.12591658075030196
0.1999428467271529
-0.12306506331365674
-0.025346684688173013
-0.07110105087794709
-0.007865082504140239
0.051837820231671126
0.21962152076043065
-0.10410002177466918
0.16582180901369822
-0.08092124245250992
-0.17138213524470233
-0.1215527471835545
0.02724860205952148
0.14190814601296697
-0.012468130211921603
-0.09202763914611727
0.15066475221076303
-0.06591803131875804
-0.03922331240298618
0.14590791426611854
0.019511612942743166
-0.08956239486354578
0.010531159108783723
0.005273002303604181
-0.07069676437930206
0.06690106841262251
-0.007379296230270029
-0.036023465125118934
-0.07944473771330414
-0.12660520238127626
0.11767545182894976
0.05526337505601032
0.1715769148277603
-0.15807470877974672
0.018143586660322793
-0.02870027807503205
0.13244148868560884
0.12050395146456372
-0.22425009263404527
-0.10843618389286008
0.01604786631030629
0.04157827000665741
0.0009600857222013875
0.03152563219088715
-0.05359249323770637
0.06945260869063806
-0.0268324179835902
0.271463029979992
-0.1148597806658342
-0.02171408344643666
-0.18453146721689953
-0.14900709208960175
0.14986684904601036
-0.05294821434295541
0.1758160277915807
-0.15919638963552782
0.0640945334267937
0.09861542674450881
0.18606140281480338
-0.26785179005311777
0.11360251050994463
-0.2057092986129497
0.1752775099076771
-0.11675758076398025
0.05783648150514776
-0.06301632256661044
-0.04138809874443304
0.028675647095030263
-0.03669508154077604
0.14146341203211954
-0.002935106002172191
0.06956452392333429
-0.06315118005958173
0.09863862315365471
-0.01128893502921014
-0.11616213388677579
-0.13927679576302024
0.1425698247970074
-0.15874056043267573
-0.05777842062568595
0.04866832121602307
0.15320219175028105
0.09044298557552924
-0.18243765168540668
0.27355214648698933
-0.08086115073948065
-0.05444758947833076
0.062455512237085335
-0.1980546680119726
-0.06444865563232068
0.01091544402055827
0.04045192151238604
0.17875972231994497
-0.04896793337156684
-0.012183779918323045
-0.0034904304842669114
-0.023384055153744643
0.08727326572015437
0.010427281433247913
-0.14634978704021884
-0.0684237336866901
0.04370462143663036
-0.03956529002389283
0.12705904099094206
-0.17783320026596994
0.13247077146315492
0.11072176135547107
-0.11723939750040907
0.0933754733434492
-0.09306485399883567
0.07773426602760194
0.08840372154857894
-0.12139031935187797
0.1418583315737382
-0.181604176422431
-0.06400778846462314
0.016093377220811018
-0.026533379571600013
-0.023383370652843266
-0.01892451892934206
-0.051913016093873623
0.24501326146405855
0.02975394601032254
0.10319783036002801
-0.00701428728188502
-0.062328169655470944
-0.1368137363037383
-0.21432018577221226
0.15972702894590787
-0.027819770536022644
0.03191397571242716
0.009439929086127523
0.029747742851788044
-0.06827911306652612
0.1700761954787818
0.1462666717548117
-0.17254600144338625
0.053009000249715416
-0.3076261047072859
0.1550452980933168
-0.05792557105176742
0.1866549020298885
-0.19447195347115057
0.05647183056865174
0.19138169418422563
-0.24748199519730796
0.10304741829295838
0.026484472225308316
-0.05014696134682677
0.012571695020032478
-0.010591385436393933
-0.09616456460316133
0.12686680573184667
-0.06828234122544835
-0.005425365452447916
0.16946932980052148
0.12914280924477672
-0.18341804605035594
-0.22189996763377856
0.11155965375472231
-0.042128896591318424
0.019452435298542813
0.19192251045074696
-0.003502100180588313
-0.08683604988512122
-0.13292094017475686
-0.036549465661622774
-0.003101222968859465
0.12966534800582272
-0.006059764695726361
0.10487941154351364
-0.018054130257187037
-0.0694341661832742
-0.06987224767978215
0.05014226673939612
0.04510869349265621
0.08563230331399174
-0.027429088117711414
-0.09927554439402568
-0.0289741367587698
-0.08444372892426988
0.16423839540352636
-0.22530750814310457
0.01984610362286139
0.12466649494947991
0.10712584849700202
0.014570709611207058
0.030409947820672394
-0.11926845182033802
0.03316818960686593
-0.01983074786544095
-0.011947871499538949
-0.06640049780148269
-0.08292641139517112
0.13703790932451282
-0.02586449699963307
0.04346131740306248
-0.04372133895267698
0.09122806967150586
-0.048099582436916186
-0.0009557305328849533
0.011556927337073475
-0.19559029938530412
0.17411731336711062
0.1879223591284532
-0.219970006960287
0.1436218026988295
-0.1938999548188578
-0.03228573112749106
0.08840676584499066
0.0081751784912978
-0.097819554638711
0.10781379647045428
0.013609811501825607
-0.1474650651901357
0.29046174001217273
-0.08524982175412585
-0.13767601636285637
0.12055427459416439
0.020229412000800133
-0.10029180266479293
-0.17649353699554107
0.08084073606654155
0.17596022500666653
0.04554215942414363
-0.024058778488352826
-0.11427398751795123
-0.057949954904751105
-0.10672908243372689
0.28767292610453676
-0.1267253420386676
0.129050626980021
-0.004863463036170079
-0.2346688861417458
0.1457633457509585
-0.016765685393014623
0.05136977342518606
-0.09695342476668868
0.054467076177204296
-0.14692532623122098
0.2238732750056559
0.05687900848998001
-0.12933137110069437
0.08694083966329726
-0.044955906375537404
-0.16674412253445917
-0.07530474539795112
-0.010817595272543112
0.08073047156711671
0.20149661890065954
0.039894160883428724
-0.022074195225305317
0.053552402398784234
-0.147354697897441
-0.12406056158211011
0.2976155397254534
-0.09451422736200304
-0.19833007565615735
-0.14432682887067555
-0.0675201004578753
0.36225973825645247
-0.015180355701616077
0.09093994389904393
-0.04174805115680206
-0.062053135464245956
0.052079901851511665
-0.08310648137989654
0.05993285242730999
-0.09921112528808644
0.05115681192656266
-0.08004185844199894
0.02472935697653719
0.050517168903114154
-0.005060337335873442
0.04729929690387895
0.13061113706246583
-0.1549408206748282
-0.2390336279524103
0.07967281407718475
0.10510647872057426
0.14818258871847295
-0.0734146285333085
-0.08148497685866296
0.06946244368144372
-0.22089987889097318
0.2072991741966827
0.041241945339918366
0.0922400265897507
-0.16285762237296475
0.17596188124007445
-0.27213053970099
0.058188636275337255
0.001089493945627993
-0.03350445713045355
-0.027982085821308192
0.17783945197574297
0.02065574893371121
-0.22078124377739797
-0.06770722027309342
0.20524366093364702
0.044028495722425454
-0.02016614839440697
0.16252549226640894
-0.2282706204967483
0.12098458046277977
-0.08688599565275194
-0.002299815584018927
-0.041206943541906224
-0.07557606817743054
0.06588378043082559
-0.1232169001725971
0.09279886834329439
-0.04949652194794629
0.20128612097822074
0.1553625834697443
-0.28416784357568053
0.11248840209504883
-0.08302719967601288
0.049785125307867155
0.07137823606134944
-0.0915581080711492
-0.0919363165688839
-0.19419935851703046
0.08813738957373848
0.22349943884111978
0.04684532921254406
0.1104623149819956
-0.15355214710504583
0.08420196288796958
-0.2589562916986431
0.014337471792023684
0.052164284271015354
0.09065983834893691
-0.00504507434119668
-0.06480304440546342
-0.043795358349956494
0.07593807497234611
-0.041357792934523054
0.04697771119883072
0.04702437204798246
0.10572446956154173
-0.07786911756017137
-0.2067641282553688
-0.06503805599611773
0.1189310329907296
0.1764090361903868
0.026047117752234863
-0.1591416610083534
0.024596032135919058
-0.04049947562842292
0.021480984080462253
-0.07948835254497869
0.0989459603068372
0.07255608739240652
-0.09943492289675417
0.0853509403889476
-0.1598029731840223
0.08417961715590917
0.011222295029405128
0.02124147273652436
0.0039881568773653875
-0.10038967769004226
0.1311516893698129
-0.05393989917826127
0.014811585557896252
0.037317062914538436
-0.10340467394363026
-0.05073458294432017
0.03698873418880619
-0.06901449468056703
0.1280304988458076
0.22783835578924622
-0.1427870130562075
-0.11734186980236865
-0.07431874115391682
0.1716413923319662
-0.1649341047215833
-0.010678282466472417
-0.040725343894176765
0.1937202644764359
0.15754623282863991
-0.07737990075021689
-0.1638156818900751
0.032365154784473785
0.06808885580597396
-0.1867451666531057
0.07523758176258624
-0.16257787040610747
0.1748712740016365
0.13611863248736905
-0.10995774003614942
-0.029699215638664934
0.13334162037271438
-0.10445844640498364
0.07624834292411395
-0.20065869723194474
0.10548575044152014
-0.09074095337786645
0.06412404482078812
0.15226339117540616
-0.08252680801428654
0.048749535222816096
-0.06902183196806486
-0.061131223831514536
0.1347390869355956
-0.04140672113294196
-0.09627072761462789
-0.1521457520127602
0.10931264393414684
0.12283542531027761
0.034046783455674814
-0.014100720886452511
0.02831536531873627
-0.03231000078111597
-0.09412013339271807
-0.07083751146223256
-0.011795073434892443
0.16986959729312273
0.014813188553755637
0.03522677007675599
0.08694986305191948
-0.1746035211117779
-0.1967682238730739
0.08174966434526587
0.1015473244192226
0.06344060812870105
-0.03955372537836972
-0.0895098130493253
0.07580340847006045
-0.016038398704766102
0.02766408324616972
-0.03713018770565507
0.07839055640982558
0.0634913535019885
-0.1775914633889139
0.0014163397498642046
-0.008866171754221455
-0.11142027123887291
0.08805638593873782
0.03398153247359828
0.154725536941955
0.05221775148908559
-0.043838608101021935
0.03581460874977953
-0.12017735011881574
-0.14093288043227226
0.07878978215610866
-0.16627272573848148
-0.013861056430861392
0.11341720914211059
0.15103425071924256
0.13174745420334572
-0.0776159175243024
-0.007357539390792296
-0.09453786529383756
-0.18762440704652347
0.12898141575855443
-0.2041614903368737
0.28391293896724207
-0.010545173216961105
0.009604071127143933
-0.02291377585665318
0.06183579957196266
-0.0363232464865807
0.0562252956224667
-0.043292074962997085
-0.05288764309224254
-0.09256366581486823
0.042919128981411155
0.043080300085668474
-0.07923086195514223
0.04427152919830306
0.13619127975628256
-0.11684427652196866
-0.10726083852698795
-0.012544206400270562
0.03355769389807847
0.1992972179337673
-0.047318909514101004
0.23966124996810542
-0.30414104288215654
0.04862083188214055
-0.027000882804274054
-0.09710764499435974
0.11134391240243612
-0.24913767613469406
0.10171582469809318
0.03356345085812601
0.20275877226801242
-0.02537593215315323
0.004572455206368738
-0.05225763632113974
-0.1228965712553836
-0.07936844086337518
0.29436932795906745
-0.09696357773151139
-0.008036555870933163
-0.07683078295488088
-0.011448649493712791
-0.07062954394574329
0.09686931423645699
0.06388433781164021
0.0020697811451604077
-0.06713704512829025
-0.00010571366535319648
0.08645828478346487
-0.0354023359600957
-0.058418274183370346
0.18010328189739225
-0.05984301334442492
-0.2656983752397263
0.011887854768888659
0.02282151473727683
0.08381242874840693
0.038953089228095206
0.1206731753075873
-0.07389026402731702
0.07711797990341873
-0.08128110256476101
0.037810464308049505
-0.004031115144763842
-0.1345590439795576
0.016371194237787344
-0.005411708969081459
0.016322403044417767
0.031613097917426156
-0.013297387837281585
0.020550099896715704
0.0003798769991093468
0.012623374344417895
0.026695956038996892
-0.014023539300637768
-0.033083574490820306
-0.12799187246122032
-0.02650855374069735
0.17861855632828855
-0.049506956637503714
0.0941886329043264
-0.04677999000464525
0.14040572576665733
-0.15350525655216304
0.08346546127275783
-0.12202588688662318
0.055557978008931266
-0.13999521316820282
-0.027391091858590136
-0.061869068450490346
0.3160798132106463
0.03261462971633657
-0.10404420349094136
-0.012331095658104732
-0.09671726474874193
-0.03433590549620166
0.09304694866334745
-0.06173206073681007
0.11729496173747203
-0.034067098334999504
0.06780591575421353
-0.09207367394035967
-0.02475150042840274
0.041510099821371944
0.044500762087108015
-0.14947451998927058
-0.016615012275195344
0.04448289884880731
0.12117140316918293
-0.03755620267216003
-0.16569965014377344
0.000697112781889029
0.07735922674750464
0.24256634503597352
0.07829139150239244
-0.2588761865142524
0.11847705823422267
-0.18335679039704567
0.03899372847934584
0.012237596912573425
-0.092729078948422
0.003809995590773945
0.09110776704489598
0.010258139725362408
-0.05423614023946713
0.0032151875609507745
-0.01198566056916584
0.09714637374219186
0.04752825075989885
-0.06493529861005579
0.032234663590195466
-0.08938698202506122
0.002515901058800358
-0.10758958835529767
0.04567045554756573
0.07150305070275004
0.1272687389508692
0.08893800527253999
-0.04436455472763088
-0.2622022059195985
0.11144059947072096
-0.07855076027783692
-0.04326362230881591
0.12143935010323081
-0.03633867382956882
-0.016144340823214764
0.016449367852263308
-0.11514666278072312
0.20433780856600317
0.01166062538295966
-0.04952493160358304
0.021044988853410752
-0.02236011208335125
0.005042451959581508
-0.1936743486370386
0.07919715814688398
0.1197467816732525
0.025084615687141522
-0.06769256568116153
0.010253405409561399
0.03944668718126796
-0.018015552353273085
0.02420840162425657
-0.040636602611235494
-0.04727164768135263
-0.014469032896858103
-0.0430021269023423
0.060176767211896715
-0.07134762340970255
0.1618190434930458
0.01803902994299186
-0.03151778477151301
-0.035613368886187005
-0.18456552912498497
0.10473186868392648
0.06809143990427434
-0.004018342438544674
0.03810637480247281
0.11499149383725299
-0.13656957983307932
-0.14711940626296888
0.12873193831477053
0.02307084480833603
0.004705188417337924
-0.0729038386365573
0.03845178595616792
0.053106934841026146
-0.14820588647918131
0.12016924472078355
-0.15369962583837105
0.20340280932352758
-0.11476299922284174
-0.04125837932691992
0.005145899368896077
0.17227303643540764
-0.03208303980242094
0.054867181086348006
-0.12832197544882484
0.04893468941465383
-0.09588561856852897
-0.03883283077061052
0.05949902686710047
0.07982105672380653
