-0.41203418307139045
0.3064458566389883
0.7521496646544843
0.5558023754658252
0.17002636342433708
-0.6391634571012379
-0.7771336321736848
-0.40113513109019805
0.3665286181710075
0.9593452334159851
0.6295854223060819
0.07602094874457208
-1.1647465903919854
-1.0085158943324142
0.04492445422377432
0.7568802200489092
0.991281048721054
0.2653582192218749
-0.426913372263101
-0.7291709740330973
-0.45721323714498857
0.2910911941076806
0.4207872247692024
0.33786876611113603
-0.19913954553039798
-0.21911314186182945
-0.22747991570842216
-0.002734745770835917
-0.01024351912385331
0.21448132256734906
0.22333982064409746
0.2375321261100424
0.07073545675529729
-0.4717394833437659
-0.572433788148786
-0.005951329942757976
0.6130472696643641
0.6450184077505439
0.022210074712308903
-0.5555545463368752
-0.8253932520326559
-0.37779024761418256
0.4150850519661068
1.2293990239247419
0.8508659883702046
-0.2776654152285406
-1.4958549704788486
-1.3382000844513098
0.032689771430180245
1.7183713983359596
1.6755653350343027
0.1049887336395761
-1.510621025682466
-2.0620126321374843
-0.600175174918559
1.353705736285925
2.369404152788814
1.335097511020195
-1.1432023483220306
-2.2385300952660536
-1.8087412320807432
0.13652139299299776
2.1819498175058385
2.16791996355949
0.48716051254645404
-1.632783570741394
-2.2892240033562103
-1.0429331001085012
0.7228540811735081
1.9143550358416228
1.8281641832779945
0.43332726115977765
-1.216423195328449
-2.5633884853038484
-1.5522006515741735
0.7095894070502136
2.5716052822796045
2.37961032590131
-0.01687034531742604
-2.0993621687904125
-2.821624232204394
-1.0551906950151522
1.4842283633764033
2.6854539257136754
2.2382581768074834
-0.41638986689533464
-2.497500884192123
-2.896524493078314
-0.7995204528291644
2.0504393812867865
3.367971995823892
1.6612507055193946
-1.6226233969326416
-3.4433623996514657
-1.978687255521716
1.0962845033641315
2.7034010790030387
2.171040982119428
-0.2060508923955311
-1.8997980068578235
-1.8240359026730537
-0.7194208533006056
0.5530735595053757
1.5565278637671955
1.4448578840722184
0.6050678937974784
-1.1253612404901667
-1.8791732835192396
-1.480689784855104
0.8477279308193625
1.9428493092109298
1.5869855855731618
0.09516062363932032
-1.3779283563025526
-1.8802733840190378
-1.2676685418720979
0.6490182360212603
2.199453927589215
1.863941692301413
0.34686709617234834
-2.0065559809109716
-3.0547133418015915
-0.8154868552577882
1.9765608205949188
3.4121020953207015
1.4958689769191484
-2.0281083500157187
-3.284220217119636
-1.484165016438384
1.3705698046538788
2.9044555648885826
1.7902866889010114
-0.8672285284944148
-2.577079873142255
-2.1994800103110967
0.2065882942952993
2.8073935542203583
2.4845597900650986
0.14857433796414143
-2.718228524833526
-2.677460407170959
-0.2835269105215961
1.9923116663506664
2.4292209819038497
0.8108556918661255
-0.9585121910435583
-2.031808122637058
-1.4300692785084537
-0.10329231174413758
1.447052725774368
2.1359522357625735
1.2610387766011248
-1.009245684054387
-2.575714492533271
-2.108548947057314
0.028704516720731682
2.416311910353178
3.000489686283598
0.9676897194016983
-1.7042363218633525
-3.1359372995762014
-1.9313660570395084
0.34859418979609064
2.833827608974624
3.229194240171116
0.7867273890103008
-2.8116378402982116
-3.8341930082950104
-1.4062550629191102
2.1737746120214085
3.7786990575952193
1.7891701085160538
-1.414254667509292
-2.7989233815879593
-1.7127317379112263
0.5484625729739816
1.7188510266073016
1.2741676647393232
-0.33340481868555294
-0.9766838070709427
-0.5678324660181401
0.7566517426874534
0.9025063133540916
-0.3303574914422272
-1.7105631584663819
-1.236352217330515
1.247946740293496
2.642528599157245
1.9439281794416856
-1.7724734044514006
-3.4287777549636353
-1.9422908439462403
1.162435308224008
3.1605485686661847
2.0315990388180807
-0.428481338410835
-2.227521989420232
-1.4229265692953412
-0.4981729677815957
0.7682854440076262
1.4357599360663125
1.1185747282588463
0.07812933518007542
-1.2845737446636756
-1.3959400154959565
-0.12196228890197473
0.8656727524536418
0.09150983191090861
-0.09550761587974294
0.5947129367786028
1.7979977750189609
0.33006311885767714
-2.4802105994426467
-3.243565529525665
-0.6469332502540946
3.4223156459311346
4.355092456536698
1.2616905694257678
-3.2359852070903967
-4.710831439793709
-2.3065148219499974
2.200882769317855
4.306821727364697
2.874092111687087
-0.5069420170371726
-2.9522527849221776
-3.1302324356982885
-0.9795956349862853
1.5297476588225434
2.6262015685464446
1.5589027344876003
-0.5683229935219352
-1.700298797461515
-0.749346670167724
0.24589137248206425
0.14198462006239945
-0.2153527524030703
0.010544460524928776
0.9362334595687468
0.6351481149974016
-0.5194136792367106
-0.8129182291617857
-0.6478535592774387
0.3011457754523355
0.7642524745525365
0.9520337299671724
0.16770184902836052
-1.4823611713654916
-1.636439835196796
0.44174823238528027
2.3099854197107157
1.8960082364529014
-1.0368093738913113
-3.754805787503878
-2.4037653692947027
2.464129912901622
5.792895302720186
2.49932167880569
-4.547583198825608
-7.684599412328013
-2.190645896675711
6.624377763128329
8.307996649015594
2.068169400366884
-5.705895134573165
-8.371019658598057
-4.529038931529744
2.380535486245762
8.654006506524883
9.116544683351593
1.249077227743686
-8.854648390796317
-12.094317790840174
-4.525380508176644
7.176184161822397
11.910284560848124
6.903554790145999
-3.2646571979131522
-8.851535921136044
-7.536167698776115
-1.9554654402413998
3.8203656307775478
6.709068761015242
6.624480205706763
2.7668325491503127
-4.810813706406233
-10.96066016520901
-9.223447876063146
2.6906712979344407
14.456782793617752
13.15222860939443
0.1057380038945066
-13.537170040228846
-15.934675252174163
-6.469746878341504
8.62068974672156
19.602158804106583
16.1350940436054
-2.77604860020511
-23.742543014879644
-23.914045057298438
-0.2883943102366202
23.590627613989835
23.11283084504062
2.509285879767809
-15.51946233998685
-16.318620185324004
-5.480931400683153
4.923432336309003
9.280494201503743
6.300659593954278
-0.8873348969894275
-3.947194558111258
0.31480539390763734
4.043885515477707
-0.8902559953321764
-9.180255581535176
-10.845775997909085
-0.11079862737958468
15.616585473695356
22.843182685180146
7.870695858825098
-25.44134976552917
-40.32048230810336
-8.649292247773781
43.30766561419426
49.18039340653816
-5.935138445135211
-55.005880635800146
-38.28712978234255
17.08564176821847
43.833820944995594
25.553987283425712
-5.398053841818108
-22.419410536012254
-24.455227266754193
-15.219437261935239
2.946157560416837
19.26390908121327
24.582747548798963
18.919581460460517
8.286178064215221
-12.359608498693081
-47.28869555060575
-65.36354940320851
-24.1810189478545
79.01306995580904
165.07698170106863
75.48523180498717
-184.77546566721423
-257.82213942671683
27.09098620990655
249.0395901613263
123.7837016220919
-72.99013185925351
-107.73252271161692
-48.84618017117925
4.006512902977795
26.767234163439177
27.54125095245073
21.37530459703097
11.988123258610866
-3.7631331020396326
-19.93113458479298
-25.64271535247656
-15.88447436495646
3.193567070026375
24.364545810384943
34.72579783526073
16.417726528229018
-27.160510774417833
-52.70652923433971
-19.577580366766263
40.47001790923334
53.84427052548716
3.5867745925457957
-44.04667779939262
-34.838996550769615
7.0024563215537885
28.85989502234869
17.63613008719519
-2.9865955347689987
-12.40774680293928
-10.005132361890228
-1.407105690470745
4.772188675568014
3.400624731295879
-1.91235824476745
-2.5688006074758487
4.108869665099976
8.630297028340445
3.8168023440733854
-6.238527205311536
-13.724206969670588
-12.017750277065552
1.872905281144712
19.293484768227255
22.385439324564775
2.659608350449534
-22.54332809561469
-26.36753061321978
-4.876146695760885
18.359444126809045
22.327875809504356
8.361497172368699
-8.41817906066518
-16.602563560221654
-13.027601035198064
-0.37575057544832546
12.856326892860743
15.053996069960748
4.231435633115556
-9.146139806575173
-12.717787853854363
-5.4584390941917444
4.01738035482742
7.681843674393167
6.381348894500738
2.2753869437784613
-2.4247148261794944
-6.856596888110888
-7.709293532165431
-2.392021846231277
5.714291264275801
10.9273813128589
7.074882234730756
-3.6546061392111664
-11.714931705796438
-9.551282806328576
0.9006375469194268
9.613830145660755
9.533822970022353
1.9831277311530715
-5.42022294357717
-8.002875798047992
-5.271012323855315
1.5948021689715952
7.463836116628969
7.106375316362514
-0.4944486653205068
-7.192685547437122
-6.1395405775808385
1.3220858580525419
6.164944131633504
3.412544672849875
-2.164788425518884
-4.294775871350439
-1.5919756995299763
2.1706514871936147
2.854906188546608
0.7562278338749057
-1.7826918520111035
-1.7420502674176335
-0.3364305797227183
1.3363001934323964
1.0956769278557024
-0.17640169507300218
-0.5795685483297032
-0.7695510124916397
-0.4462307891875617
0.7048203198254424
0.7711356708408532
0.286008315542253
-0.3110547671222327
-0.25250823774229925
0.10477963626117005
-0.2160800412788993
-1.101645911331849
-0.7918449296795893
0.9747456935028049
2.48931640567177
1.447631613233393
-1.0547864096005568
-2.9550105873857606
-2.710753994809383
-0.11951159622512025
2.817115169935389
3.8937617147505588
2.187566948881292
-2.099641466722777
-4.65178136855593
-3.575224779635663
1.0420806931114885
4.6675594366353295
3.4240124839092174
-0.10584622363823182
-3.386393796216728
-2.9229141926158806
-0.07458619207321082
1.975507863006977
1.5023277468400933
-0.27885967577421816
-0.3740936771967776
0.3500856573165752
0.07232401875022211
-0.8458451748072502
-1.3904174540497702
0.038528816445606684
1.290154039613272
1.630885945884031
0.6739125964515897
-0.9757034973811263
-1.5997995930974072
-1.5761358915719381
-0.45527963037971925
1.7270844709905024
2.642892837675251
1.2755109185377718
-1.4778782712995833
-3.198241585243434
-1.7447171457109383
1.3864628865968864
3.041880290495719
1.4868506221686753
-1.1677951284580161
-2.11192093697198
-0.8231239478007119
0.8407817596878099
1.2237831554617673
-0.2388441024270982
-0.8848662642289254
-0.4092764554935911
0.9885868957271418
1.442613560700415
0.557047878581591
-1.4777416088817357
-2.5539456996546757
-1.37558649263106
1.4796415370497855
3.3108857057490724
2.469110029575443
-0.9607017291942453
-3.620632436852217
-3.1481588374923106
0.5591843028454823
3.2267002903852773
3.099340197288031
0.41320764926243747
-2.3309766308157682
-2.8761609394616365
-1.6307915575051382
0.9019876192783605
2.7358813944032176
2.3828705463473945
0.36274763943981453
-2.3373402168532906
-2.5322616234527575
-0.7964148306051129
1.0991417211728325
2.314739264959485
1.5269902487080829
-0.08503736423312744
-1.7411520238764737
-2.15130424062092
-0.8277082077007489
1.010797890106589
2.1337956030477105
1.8780178668490917
-0.23572324428829947
-2.279587185183833
-2.589454384461164
-0.19413682880973204
2.476477240695729
2.7629756840415785
0.27723359533555286
-2.0398691795886155
-2.7864851266740938
-0.6531563434696271
1.6588405349556683
2.850111597020027
1.1869067762357994
-1.2695297292833345
-3.053471560417292
-2.0192151681846746
1.1490743241844437
3.196555334969427
2.2423341258178837
-0.7354282542061457
-2.887724277170689
-2.2316896139337348
0.171562640055682
2.1540397993565894
2.38377829373364
0.18678148504117964
-1.2474974692268843
-1.906731961880427
-1.119610726368769
0.34290653093615037
1.5630002090247876
1.7579987250726195
0.48262714389958444
-1.1007944904790452
-2.050586845066184
-1.2089012508429575
0.622862278268355
1.7248541428138409
1.4716133426842517
0.3461230951224531
-0.8831520162088999
-1.6748778120957821
-1.5508003608605578
-0.16742831337532282
1.9376264963405072
2.8364844268047533
1.0464578616011138
-2.077315203488703
-3.2409991209209346
-1.955049598967734
1.4652680238324274
3.4972076149607845
2.1991742377270134
-0.8754183642499745
-2.896100645361926
-2.3491403699514217
-0.1440484695266594
2.1283157255453244
2.849344084505965
1.008551169278527
-1.1537111175342916
-2.705859149631656
-2.059583136205731
0.13816720511446615
2.3221152917911505
2.676018270252811
0.6493523420910956
-1.7107556021587935
-2.5403787502694426
-1.4491012415508209
0.7994759559664634
1.8515211829413514
1.9994343118499813
0.3168711990302554
-0.9624112434738084
-2.1919088438245895
-1.2954292050142053
0.2771770658331528
2.1235630146027815
1.7564292516381177
0.2052247165709736
-1.4181224255140197
-2.1273026317790436
-0.9429095291432625
1.050874952920605
2.1455545194477192
1.5785109204075558
-0.8215615556170807
-1.8605826831597876
-1.800652820225244
0.14229205446310877
1.595257926913946
1.7054491965742131
0.37283358095073876
-1.187563619532926
-1.393158187637626
-0.574199994456851
0.8766053259914232
1.2497958106120104
0.4258814367415678
-0.6180369298115983
-0.9812806797601328
-0.6866215417519052
0.3643428545361798
0.7885540593593181
0.6746570965041057
0.022867668263593398
-0.5040936262750745
-0.5824013617323521
-0.09748094504345058
0.3504851506728736
0.3115781244999035
0.06753987635041687
-0.043680432546112605
-0.2505104193550376
-0.30294985738675106
-0.13905361012355325
0.14628450416764752
0.3415291293452296
0.4532109573218756
0.18764208744372263
-0.3433028560249661
-0.5959789621143342
-0.34605990745638243
-0.03763675716641106
0.6483960519156428
0.9095207275432617
-0.06251632514512045
-0.6931372273664447
-0.968565249992005
-0.39941725270144907
0.7644061257235152
0.9609557902147025
0.501779589250937
-0.33102745523079746
-0.8648213227028998
-0.5434443681255714
0.10370749399205717
0.585285790051828
0.474257565808318
0.2517580349846416
-0.24772316883612194
-0.4273964206513798
-0.683127163307885
-0.11263764558804147
0.31035076035444764
0.9321667518767911
0.27058359195830944
-0.25336104340550375
-0.6270792957616617
-0.2861610662793243
0.025355222972449496
0.15933986084361434
0.3023822763126352
0.3575525557740177
0.32310268376212065
-0.5372910973358199
-0.746547092574692
-0.19024839166423557
0.22327003546689378
1.003344441996662
0.3278923776440583
-0.09575588577472649
-0.909449126643838
-0.5590259955954816
-0.1339771248468936
0.7536135074273446
0.5571205938033273
0.11565186798457176
-0.22118523832417947
-0.31478569610011775
-0.23330066159070165
-0.05534557648352223
0.0924940901891298
-0.020356352588866554
0.21794394404143455
0.2260453095912389
0.08465892122145396
-0.13390298505469705
-0.17641104927669748
-0.24947166847512453
-0.03632454554799888
0.3364997075031428
0.0772735191891582
-0.045935975630719605
-0.21456284775755358
-0.18582810963196755
0.04178514813023726
0.1411530374914437
0.5302730569086441
0.16570168627594248
-0.3498370339696945
-0.3864282266338093
-0.26541630383645853
0.14409949726964894
0.2957310166531328
0.16507610838301767
-0.1653205437633038
-0.27034086250332173
0.10634648661789683
0.17307447424555278
0.392770930380671
-0.04436689485832859
-0.26629088700389053
-0.5647689450657161
-0.07113005239892828
0.3809475196802241
0.4188134557290181
0.36760595186206646
-0.5451181816527589
-0.3319856775282537
-0.18623838178171348
0.2570418162118947
0.23475080634995754
-0.022756481615658127
0.2825317089755876
-0.07225072506922954
-0.44354372571558204
-0.17254148832570876
0.007060471254054068
0.3835686751371226
0.27052451379109954
-0.003474481394810309
-0.19915883670852141
-0.2106395411604557
-0.172324665332381
0.07900238145276307
-0.032423401748754015
0.27946148674099547
0.30258268078761685
0.10913025261856192
-0.3356867368185617
-0.38469570085545174
-0.2417148965065641
0.40605154314877645
0.13825481113078048
0.351258710767035
-0.1374935894611903
-0.4472685193542743
-0.23991208131123262
0.05295687906924473
0.3012788525584228
0.25728929078992113
0.0035987509452964084
0.12111039345083059
-0.06552882543832239
-0.22879587368799675
-0.13510310428745798
-0.10988449843485289
0.2102845212731253
0.09536340739742023
-0.207210955157832
0.16176979362181698
-0.0591544051275438
-0.13556963521851031
-0.11706587879183017
0.09307151867713145
0.329223187724925
0.2945809397074187
-0.04983613355173078
-0.34513200895580587
-0.29530641372190547
0.012201129986541244
0.04357964585446323
0.33109198761749875
0.04369884206262052
-0.16956565286497374
-0.12837628146170513
-0.16838811777648338
0.07251025012723421
0.3654284484775657
0.20243912356119462
-0.23064719678604242
-0.3152820895237792
-0.20707729226114208
0.4097533268817358
0.32303118794721447
-0.01406020206534317
-0.28102445187843283
-0.2775398103450396
-0.06649232087917689
0.10952381504463647
0.2889118461775837
0.15015270417226387
-0.1763878191819615
-0.25756215176607467
0.034594381753912634
-0.049454479946949154
0.19876499378715523
0.11876964331441779
0.14155779678889024
-0.010720185996777907
-0.17559982191008552
-0.37110687685933086
0.04456257913002075
0.17186409058408456
0.19350296465911865
0.0718751466828163
-0.15219149218020595
-0.2631940323058357
0.20617530493088854
-0.16481214943807834
0.07061287320661394
0.2296609553841292
0.07069986033307346
0.09887522204352656
-0.2521631847878862
-0.3758525793059039
-0.04108972777397503
0.36375738795950435
0.33890879606662266
-0.16278549279348228
-0.07777867601831129
-0.055978096787414035
-0.165826585080774
-0.03061541410070668
0.031166737819747936
0.009712104589032195
0.3400519545695001
-0.13538086372697367
0.038362193725290206
-0.3081261527953837
-0.022562861931614053
0.1847594411225623
0.2130830354044707
-0.07975669005454553
-0.04730104271465807
-0.03340301770200406
0.0937565175301221
-0.21725069067058045
-0.09702516139704746
0.003187677556958819
0.2873704271218346
-0.13182273024527072
0.11227020183124793
-0.045341309609193386
-0.13283390215975238
0.005458375443075175
-0.03071356446752334
0.20970120476308213
0.049232587752184725
-0.14391724920050358
0.19987269686604667
-0.20145670053126707
-0.09254729901388054
0.13478933340571342
-0.19598360099799605
0.02340370606149136
0.09740594830431358
0.02806644526457083
0.18968505293095433
-0.07434302943808131
-0.3932556210270943
0.1227736339510852
0.26151187519757385
0.13865354367348467
-0.020256909553303303
-0.07302738997752414
-0.3603590554263504
-0.024969839399666252
-0.10138407047620458
0.39518385575847903
0.13048041053841825
0.02115483436583625
-0.0034111557633778253
-0.368309815914386
-0.13200880638119544
0.04384872182118179
0.3434763139601718
0.2706025323317687
-0.15796889707042172
-0.31937525612501094
-0.164954221290083
0.013964069454551621
0.18028972516972508
0.26629386721008663
-0.08801491856306543
0.2060699693408066
-0.2522645614332447
-0.1767914487863897
0.05759657973330666
-0.15142089582772378
0.30165793222146986
-0.07616384004942381
0.001821312198046517
-0.18965203174403011
0.023647730754120605
0.34958693375717415
0.0312693943847423
-0.11692272366496125
-0.07442792236061894
-0.2477668565177952
-0.023990301431726965
0.04022197810163206
0.14571805680279526
0.3166092624836333
-0.025612851255597778
-0.22295052737376264
-0.0917344440416666
0.13056240683255754
-0.1210712449728635
-8.348401438777742e-05
0.02690130276850862
-0.04171367528649224
0.00953441404392956
-0.08312270074993584
0.07506643177002573
0.10470830462223754
0.1882816253263524
-0.12879479406509298
-0.001623741035285474
-0.161094968459706
-0.11154603769570831
0.1618908494544975
0.19749325128120776
-0.014554800100241374
-0.18089044042958907
-0.20409461631791026
-0.04476847745366907
0.01949857745551375
0.24373281920191178
0.0763672618962642
0.17607977761081586
-0.03006308806682082
-0.15500033937764637
-0.21717076707349062
-0.0007435227851025142
0.10252244311329971
0.055829624902747566
0.16318925311365773
-0.10083782422899025
-0.24270100145107357
0.054539652993175834
-0.014577038658957
0.16422523759297356
0.11988718437807211
-0.1300077394848816
-0.018217596445044185
-0.09839727199721009
-0.01285450845155657
-0.03934601504009855
0.24122451353483443
-0.007652155099293838
-0.1223026385776105
0.004987805056055304
-0.048662381883729885
-0.07969411498087697
0.19365230880695122
0.14203094994968316
0.03821219621205256
-0.2323097758315722
-0.07211208198436682
-0.21541440465177164
0.2122850653776045
0.1756170564860188
-0.054850030724779425
0.1336580829577942
-0.20370619189138767
-0.27675928268277067
0.16908863682126507
0.05314453245956609
0.36706515492243014
-0.205874401604646
0.25810558910230386
-0.4810765285310959
-0.17422097574540757
0.10731913389330684
0.23091248325103833
0.13686637850010616
-0.01482290930121551
0.02452031278471091
-0.2718624229409982
-0.12578605997847883
-0.0366970362773206
0.24384586188397062
0.19049256837035475
-0.09817486550085594
0.011338062284178552
-0.10710968820520342
0.0022543825895906047
0.05609707227679809
-0.06986577901259494
-0.10883752991515305
0.08088686825767616
0.3015641657285389
-0.2580870282516824
-0.10666005590251271
0.012493116302462054
0.10207059296852714
-0.02444966618518787
-0.024879832527189106
0.13166619097319654
-0.09061248473954847
-0.03329324381183442
0.15619352402221776
-0.12003650179987704
-0.11930789748488217
0.08697345635529773
0.005135297810492559
0.22203767634350285
-0.05037291343709073
-0.2114005484243789
0.06591662107315381
-0.23251290572052136
0.1045077615669098
0.17281386629370987
0.05201654453407921
0.057448784561611205
-0.1635261299476383
0.00441304405322164
-0.12523853144889302
0.12813543345681586
0.02811679940949808
-0.0058539871755020345
0.009484067044543881
-0.1811380674626516
0.04533794354861627
-0.026861052446340447
0.09327395765611829
0.28953412478598733
-0.0813323832926878
-0.1157125261801969
-0.12888738162028687
0.12972843413578547
-0.17141195444993162
0.19193804868108186
-0.1629536423783547
-0.04139549346821544
0.11884415233031638
0.003472379926096532
-0.05545689241746115
-0.06719392781615519
0.0018919831871330485
0.15160355610733162
0.02465296522009737
0.010168279039538965
0.1229909518137543
-0.025354172380580776
-0.13928007447083107
-0.057544561189487975
0.03874144561261812
-0.11506204814619393
0.01937885553197634
0.08331937643419723
-0.15559828479072982
0.042062606975775886
0.19098649533772227
-0.15848740685794657
0.00822937780721832
0.15432457776662764
-0.08336141459551377
0.023589580162660495
0.23321980441026857
-0.18188847695521948
-0.12575687672208943
-0.15866977728742282
0.25149051981815634
0.041224634078764755
-0.09727929748625194
0.05391744281820373
-0.13536410066203072
-0.0663495298214477
0.11748119874280483
-0.03533465949212751
0.06274315152438531
0.20576782988640574
-0.08836322869713903
-0.07900580796706855
-0.07736546755105474
-0.0301748357084458
-0.09000361271526708
0.29921372427193943
-0.19751550666293313
0.1401241199765475
-0.051196058763174054
0.02291221683707466
-0.11903508505974839
0.06074531128341476
0.06759997010800617
-0.001610578664522376
0.03855427221095835
-0.1376253258780176
-0.10543477754021773
0.03786188418791927
0.015946253437035554
-0.06381916681319538
0.01573607862376491
0.304868257894945
-0.09693279589165887
0.11779657186068848
-0.10856866025614176
0.06750107987700726
-0.06771309465257813
-0.17074494642708954
0.09070570618722887
-0.09472601399226539
0.04039535682510577
-0.15437929332698275
0.22873502806176849
-0.1097510175315989
0.07129167268758992
-0.015420784864274326
0.09133290815411278
0.1014263967314843
-0.14427149362190655
0.051720002340140105
-0.05606767689634125
0.023835262915159024
-0.22937849174439817
0.07114039418567476
-0.06374493545399086
0.22268093170868025
0.233442841635502
-0.2086442271091667
0.011666756860522341
-0.0780708686762164
-0.0708915274491526
-0.09755127544574169
0.008149084435337243
0.2716650353892992
-0.2778902214737919
0.12560023066748513
0.10061954203444325
0.02346223247408532
0.062198815090442144
-0.010042107984501374
-0.05600624102759211
-0.12851698807190995
-0.1278886345075864
0.04758250330609158
0.06672639426395889
-0.0043133519674608085
-0.023042360230683283
0.15064029579205926
0.022364654881614383
-0.018263776560619567
0.0959789193529771
-0.28368378344033085
0.06327566112344857
-0.04136418560616661
0.11878825839098588
0.012918162105444969
-0.0691821111243865
-0.14355747468032698
-0.010714286913798176
0.14895252813477072
0.22363589673430495
-0.0021531644266335817
-0.11863208004507815
-0.03375940185149297
-0.1647703882255622
0.09630184445020641
-0.04150839516552293
0.08416203284491433
-0.01152015152957499
0.12348756373645178
-0.1562229720259063
0.03177393697099196
-0.12112506327148638
-0.1553371540202274
0.2659961167282611
0.14758453317699802
-0.12381842725579693
0.06284585070905509
0.00728100464916313
-0.022506736918915127
-0.11999579166361397
-0.04326964580595536
0.10968552392332334
-0.04296272542505997
0.07441437525643477
-0.1976091979019558
0.06962233981658818
-0.055502811904699474
0.2247268826583845
0.0007976840311268163
0.0007408766172055156
0.0034871987861858425
-0.22852845443493872
0.07095755563279728
0.051121818427023326
0.021608689030628347
0.06254819396735782
-0.04021075389254699
-0.05399757402270503
0.021894683653295582
-0.006203288855220437
-0.03225779027883905
-0.1856943336677745
0.10126546087323524
0.23695494072408324
-0.15020073959105126
0.1402465775403589
-0.11668651916005637
-0.05087643084878534
0.27653661032529103
-0.17506928634724545
-0.06780106957521403
-0.1724960469987135
0.05676708812994827
0.2650619481298653
-0.07085042195852495
-0.12024253948842907
0.0058334038300369515
-0.14432728821783425
0.10795321715649134
0.14013638733987674
0.06972164734446258
0.05038717064326541
-0.15475543963625393
-0.06763502346299381
0.09285337154881149
-0.04858917665852969
0.032240837934505245
-0.06948308714320041
-0.11163374546358121
0.056423063753089885
0.1996029364400699
-0.08680614094179487
0.0007157561027954958
-0.06416393267061425
0.01892802911113151
-0.031513868791751894
-0.033926414922633305
0.11301637500638893
-0.13271570865389953
0.2017881223164188
0.07728620329090735
-0.12400694040466605
0.22084690671942828
-0.2618358909862064
-0.13569640668805474
-0.03952766988314787
-0.10778514068834609
0.27566967277836624
-0.2838268664747465
0.3414278601812841
-0.05267848922475427
0.26433215112648534
-0.2108109228738759
0.2346550147827354
-0.22171070528682912
-0.2174037337710552
0.07122028284132034
-0.1394068783633334
0.11187443894271534
0.03647812233801766
0.14084209902197709
-0.04703935571040788
-0.07531434385649291
-0.09822254189588356
0.17662711143178683
0.07972831335213629
-0.1487959470578072
0.09176334137898326
-0.10403812545309234
-0.0018967209006980974
-0.011873499203676701
-0.029938431129585052
0.09734188446177301
0.12532161215181087
-0.021661230831145507
0.086256470581409
-0.3147707117173168
-0.10649555926395624
-0.024443073417777683
0.2245356842509673
0.06313545981520657
0.10163793869371589
-0.19587861020374625
-0.020680616216352865
-0.051775986198397864
0.07879327878836823
0.0702348873961221
0.03862923355327994
0.005393821715379754
0.00947093319409348
-0.13082974204739273
-0.0002908469694297604
0.067189430184281
-0.014901322395584761
-0.04634614229738582
-0.12458986007142474
0.116456064261961
-0.06250717984125356
-0.01992485250619387
0.1261656115622345
0.20135350728098395
-0.06395994208847282
-0.08577173086005592
-0.07670466583339063
-0.15059601850017215
0.13487689144686651
0.026411873885946496
0.01802092285530149
-0.10584724898748842
0.11745824740098719
-0.10373916607447353
0.13645885516948697
0.11943462278357833
-0.04501843408277387
-0.21433129555059868
-0.0044326134792812
-0.04033957786745912
0.10740412995191123
-0.21806878759318002
0.22212445146571957
0.07962169142159543
0.001709345203520729
0.08897895829844103
-0.216208154454281
-0.0034069963803406754
0.04678429654010428
0.024357244553623383
0.07431110084381062
-0.1929816157350097
0.03677161489884247
-0.03752254914327767
0.21465882902043734
0.014676441320151832
-0.09068018963515892
-0.136661178639845
0.10265038016383585
-0.15393442952506517
0.14748085661418966
-0.06188270728935081
0.11093406021070515
-0.010097645303657782
0.13605428344632478
-0.277650871273447
0.033344734320750344
0.06278757307265492
-0.04081060307612122
0.044043343696855614
-0.027188924238440153
0.022779666944807507
0.04293790393595581
0.07222302116898219
-0.14698209166605158
0.08154773245567543
-0.06339973603784244
-0.08676636939616676
0.051371166787611056
-0.0874918340892908
0.07374312697890832
0.06151311247634815
0.08825741342962379
0.1194958022335601
-0.30078394764837446
0.10420810900101476
0.0024138166362262306
-0.0031360784062289633
0.05979758906497418
-0.03459935047711925
-0.10297193127670776
-0.06927287393052542
-0.035340072582995055
0.2003384110508295
-0.012535714281615264
0.17570762071661214
-0.21482198662093854
-0.03292316329956942
-0.1853465538944211
0.140639095971112
0.06912507874586882
0.24558454107515176
-0.13472149525002666
-0.11710220187544917
0.15398245108058137
-0.089173247160615
0.10004205529767489
-0.14205651788770418
-0.13523410802115512
0.021244283238906665
-0.06656345394757278
0.16694183423038217
-0.07307967896012299
0.10957317813681403
-0.11337840666919138
0.1204351405376518
-0.03234170105412832
0.23203561587775312
-0.1455237190937829
-0.054324248514792256
-0.0628097916689716
0.06575117727685618
0.07351027158525213
-0.1952562582884175
-0.2049494392261944
0.3261740223203382
-0.143809016265117
0.19726493957032123
-0.05579308585468745
0.030742874648517948
-0.13331917726283146
0.084336090041911
0.0017976940710308573
0.059708359455951945
-0.061504747273254085
-0.40347209469333317
0.1524547397255662
0.43059575352351853
-0.06250735307810162
0.1069948611522538
0.06339910360030979
-0.30085119421903384
-0.12663819173043583
-0.225751905749644
0.1304665934215466
0.14029172600705006
0.04474566687037358
0.23318343742853137
-0.16326059828493922
-0.1737722056707628
0.15890355262783648
-0.03928461733937931
0.20242739004713714
0.04514250665684671
-0.1846118094774649
-0.3232587645227619
0.09542666415291297
-0.126623313525213
0.266797764833212
0.07037674070741834
0.0816474388202457
-0.037907042223585395
-0.03155500111182693
-0.026733745989271543
0.033756320232350485
-0.019679034083570454
0.012283873540264466
-0.046604957113528314
-0.11779590416493191
-0.03352810622137441
0.039348804521546044
0.10770424398095109
0.09265899254440468
-0.0791018036728864
-0.1751286601969228
0.12931374310646965
0.003513070381058853
0.11868997999141438
-0.06334438675026072
-0.052796029858562375
0.03060857516197106
-0.0026326339581005803
-0.18364321037474113
0.11997794348092858
0.1575346817252601
-0.06608835029422125
0.030739282318918003
-0.10689249650125487
0.04200475703896998
0.05806035600517309
-0.131423554327264
0.05861447227769491
-0.16463695136614398
0.11725385064881419
0.014513852167631269
0.13942676447528382
-0.1796994070849
0.11601297625668462
-0.14005131800723644
0.04178217589849374
0.08460427831017919
-0.017354705470425138
0.1421291114444904
0.04412043834524317
-0.10761153111116466
-0.12954608298131093
-0.2345007796587271
0.05453308426204745
0.06715528332858557
0.22904473410219267
0.12929700884793946
-0.08474681983507282
-0.1740582955325381
-0.08704502802849279
-0.13034016632417728
0.3206223523314336
0.008992907593560695
0.0988330389520444
0.00834713441929661
-0.19810877670218066
-0.07341143346321716
-0.013672016141504345
-0.09060875158642001
0.16101965251740324
0.07396493949348276
-0.017862850748236053
-0.012380685178338381
-0.022270508831484556
0.19217173912466354
-0.2653333170264367
0.21379260454945448
-0.046289693337489626
-0.2775766194844207
0.11494431034215052
0.054406170592884585
0.12407521357828287
-0.20305095442118773
-0.011635949003219036
0.13770002182560678
-0.05500991325730441
0.06389689359755654
-0.1025774866710482
0.18641783062948195
-0.17613546796321544
0.15976317648084667
-0.1486213157370158
0.08396360562856794
-0.15617151968427748
0.07322868783337552
-0.03415207019601831
0.1747588358496623
-0.0939106688804821
0.04741744498623057
-0.0871360732953801
0.11874192639009816
-0.014268685747873752
-0.14999878188085028
-0.10846675363697932
-0.0037467048079573365
0.23277968251858963
-0.0352857424592484
-0.08733826293879215
0.009508284320448597
0.10283938347618021
0.2371004982815348
-0.2305583612707382
-0.030859961056590553
0.04825986038328411
-0.09378051568626838
-0.056988671444432565
-0.05589931353593889
-0.07380694692153195
0.24144540649184879
-0.05906185357523212
0.059981060702058074
0.08135884061262104
-0.16649402723139842
0.2811715445800952
-0.11729628460455116
-0.05042385758130587
-0.1619837007697158
-0.0263092339397224
-0.10961120732373733
0.040443918594784835
0.06550972192400506
0.25712401131620927
0.10417199615745991
-0.12523106567036385
-0.022973341962655842
-0.196635401131218
-0.005611169161841553
0.033422160372622314
0.051443777942050795
0.08132466736548051
0.09310822088182379
-0.05030229730852781
-0.09154257631859347
-0.10735290362472259
0.022720253375140685
-0.0062077594664419825
0.10693099395775509
-0.05510844742708667
-0.007444670939882124
0.06327278284256696
0.05164372953596506
-0.20468085900851601
0.07984629984502861
0.03696392498049251
-0.04783151493828883
0.0517543227499825
-0.05405964087993617
0.19772235726959397
0.06484936970872845
-0.20725028275538626
0.04313929443531003
-0.09688735954281394
-0.13249579617173965
0.09941020549265236
-0.008062633779576455
0.08859081162731831
0.08515904941517402
-0.16178958503834245
0.028726363320196412
0.20659545605478138
-0.1349931427242454
-0.030877680722726317
-0.06646247519955044
-0.020032306582445432
0.08356911788265087
0.07944069056182425
0.06486573579632546
-0.14823247100668327
-0.07438939078784428
0.03855357844868529
0.04441805807216756
-0.032462656280405074
0.12415360452727993
-0.03881810983914122
-0.10503368347156494
-0.009172593050160951
-0.01982503871541528
-0.03417233054594584
0.11088787048113687
0.07249217888591133
-0.1313196502506115
0.10614034074069828
0.050223058447222926
-0.13055774152253616
-0.02355066409780208
-0.1307141760580054
0.150808726441158
0.2184445491073073
-0.12442396963402538
0.048105731315954026
-0.0952533325655
0.01335910349479131
-0.161081954456273
-0.01765005677674665
0.05308768870582585
0.12773791744602503
0.00955582291130002
-0.03596218804796921
-0.09005901463807749
0.03890322988364136
0.05185751998583665
0.017359208845903522
0.11949739541936308
-0.1333279930151256
-0.14262226102058861
0.20219685709898128
-0.013655190285804045
0.014676824636057547
-0.17321185409059775
0.009094854708990678
-0.04995967898438785
-0.03859523219230524
0.08825125636303727
0.19382929349698408
0.010496390784568155
0.08579754984920449
-0.20743198266599103
-0.004067744008550006
-0.027977545394896403
-0.06638969450622789
0.10257302515529387
-0.09628037727895714
0.08106262666433109
-0.10109911195766624
0.10944711459758322
0.1223054458966375
-0.10260253511555013
-0.007342837742394623
-0.051171813650123264
-0.014556780056457117
0.009630271337119876
-0.016017011111862385
0.11407536607935513
-0.09571795742799147
0.0563472333227175
-0.14688783499708208
0.10792664535152999
0.04620042275693237
0.08918992766348387
0.028686007592487073
-0.04640074078181433
-0.20251727933321714
-0.15286703791749937
0.1675391948663145
0.06026012106451353
0.010057174256175614
0.0896848562923158
-0.0650384092460155
0.03137020279268673
0.06453872274290573
-0.13920779402331954
-0.16257197011846078
0.16471425906896509
0.002503847560481113
0.06354829238297986
0.08141032594578125
-0.23748563850684326
0.13668047419140283
-0.17512853025710567
0.18933713369286706
-0.06638500303559768
0.1416607217522318
-0.004343565875622675
-0.15857277312607335
-0.002204987251031465
0.07411558999417844
-0.16379783402900924
-0.013328179972217413
0.14944473345486473
-0.009055003444933485
0.06142589926313369
-0.0625721761794904
0.15838187239610135
-0.10773535162139448
-0.09702317305919958
0.050710097388593764
0.07253444071792745
-0.1430713261583686
0.05776798163826326
-0.0948361793357969
-0.00593915141281115
0.01017781375148636
0.17985302663009495
-0.023914564634537096
0.09600659807867168
-0.3362706879262706
0.18828304720437142
0.106868763653451
-0.155453472765223
-0.045676205548156976
0.14299430900498689
-0.09846340011616889
0.08155935147413998
0.001165721093051236
-0.09448422109178053
-0.005731159354288286
0.10447645509178202
-0.09902257335507306
0.14040262432867387
-0.23914115756560544
0.04545052546983578
0.12463422719155047
-0.03011015854087867
0.10268134323759706
-0.03338258437982417
-0.03182058695663811
0.07135707222627373
-0.235582314773821
0.10894813936499528
-0.012431501243891262
-0.0030426141851444682
-0.08150014149498534
0.2241805103805765
-0.09288914821546283
-0.09156954133740965
-0.12674882289941267
0.16539285138472162
0.10941190225755085
0.12764951580840905
-0.2299080746937102
0.011046052187592928
0.11498036832563185
0.0032182424082025027
0.0009764069583091672
-0.09612554940668773
-0.21253965512306558
-0.05364378500854908
0.2210197442910475
-0.02148577801817276
0.08383491791336192
-0.03972799837281754
0.17708626844983147
-0.03971132237837721
-0.05004638409170376
-0.18557248493330838
0.05789308080278251
0.027385392050783906
-0.008514719197010601
-0.05907506194973459
-0.01871572249604182
0.02996903337299183
0.12266674749552657
0.032367702799649616
-0.012510397193863116
-0.04280044382814326
0.04962398644656137
-0.06283128628477168
-0.018249763827503936
-0.007747706136186306
-0.005931569028126745
-0.013495964219202579
-0.15149511287715894
0.14314002830478936
-0.033882620277498436
0.06768558194632214
-0.020950862646109132
0.10682545726466502
-0.01783982949259696
-0.008603706276572077
0.008860696185633529
-0.05376147871043084
-0.03344669438337734
-0.05898025970890074
0.027581133087196855
0.06313867406203465
-0.10675157406228716
0.11859340304296351
-0.1250416374508461
0.11016814562543503
0.048833982195415446
-0.09442911621727629
-0.010499491174668505
0.04056957185767452
-0.09036167998284508
0.07860541234186572
0.12155456079589749
0.01307320640192184
-0.026775872770154394
-0.3103579749689449
0.14076818752329656
-0.024281801992266806
0.028634521386003347
0.08719046685602924
0.033365508075295966
-0.022584792827128726
-0.021964812823643824
0.13327826947807525
-0.16253602311470175
-0.12803451483987713
0.097863988395363
-0.0007572396963464057
0.1854748950154661
-0.05198874221667509
-0.18000022917832398
-0.07348628174566794
-0.09769845058253368
0.1697832002198158
0.2516546397801996
-0.06393536294342483
0.08845688565832624
-0.01767953601782505
-0.3856385579447752
0.20036139514853413
-0.15989361095692567
0.03529782871256844
0.11873906800931525
-0.03511535904560326
0.15897918243593062
0.034741803706874755
-0.20943009018184894
0.06750072269147925
-0.07415668714599881
0.20563949734232323
0.06445534216630298
-0.11622371947903132
-0.27238905629349586
-0.06338131957098388
0.06627757782323583
0.02782350557902737
0.17336316703036886
0.048333449360647596
0.005050893533028443
0.10425073095899118
-0.14334917551952892
-0.051958601411113345
0.016269521096147578
-0.12713452774854989
0.11972641192976388
-0.04232438114968081
-0.03438902369123253
0.23434088835215378
-0.1295846412834086
0.09727540957322595
-0.3959131531157937
0.11213052625753572
-0.08283583020627938
0.32440275393363266
0.11180366200296687
-0.08723177773194318
0.11524646785372254
-0.1970823229657734
-0.1377952632218543
0.04543880375954343
-0.17099373051114133
0.22460558578369771
0.05904408232393249
-0.035545258115703096
-0.0990742862072444
0.11100618261336491
-0.10437305244788064
0.01986554829887121
-0.07373226857363538
0.1980309028922108
-0.06224075821986622
0.06909265429650642
-0.0759657663610277
0.011815758399061179
0.008803388213404302
0.13220117688194138
-0.09675108054824963
-0.12485438109483757
-0.17289332752392783
-0.01198951299053849
0.17428183550786625
0.08291457694744488
0.06999724297976016
0.07726145957718593
-0.14445893579983732
0.13707706005389467
-0.3346560860531841
0.10182944441765901
-0.007153783525597479
0.033829693315557234
0.20038502721650758
-0.24011627823735404
0.09511721444930311
0.09517503215395767
-0.19410426789628796
0.14129306677557602
-0.1747732565836682
0.07810554185196568
0.09360203918334026
-0.02531298078768167
-0.10181358161268064
0.10833232336328819
-0.07910023949339966
0.04342420454979226
-0.08821993588751809
-0.08047445529570373
0.13708022983755722
0.1300847210993214
0.08577396852479185
-0.06539757024749165
-0.1691076441117975
-0.0143678308456851
-0.008444322223724769
-0.014522732100997304
0.05957203953311485
-0.12862958197674296
0.17520183584409718
-0.09225955011966679
0.19387042846410205
-0.10657828649312548
0.06530531429251824
-0.05449757630504177
-0.07676683144594008
-0.061039063486016294
-0.07996866824064028
0.17280625122719387
0.011596022912411269
0.11509512162416902
-0.047820570992491256
-0.0050202102307041994
-0.09123222930957947
-0.08525188151176785
0.0018332339297807716
0.0823170346058382
-0.1055336954767496
0.1327946738654393
-0.09368100689251853
0.11200193812561493
0.03392846825072105
0.12502082237584705
-0.06255719963781463
-0.25636046152287084
0.168797456728952
-0.13981975384373366
0.02049609868171595
0.018797770587946426
-0.029423614314322517
0.1602832402990349
-0.01015366923055026
-0.11341966195192574
0.05957491016858693
-0.12322155421912198
-0.027980066067672768
0.17573668195613462
0.12978235387493603
-0.013400231949569595
-0.11159323451100236
-0.08351646607806401
0.02201568604274825
-0.08127711122692854
-0.05270137311193022
0.040112477260787316
0.010127706023187237
0.09658380691054325
0.018689386597748596
-0.007379827455422559
0.06095892710463416
0.06906612546252257
0.0017924600021755194
-0.07970168710137243
-0.16657846565755854
0.0762537702684277
-0.05107888810261047
0.022363725175845027
0.03568910091983784
-0.14231141481870874
0.07011731718003951
0.06635389544430619
-0.01310275724184802
0.19369163770396164
-0.0019012811808233054
-0.20835643919103397
-0.068677154201994
0.07539302574331745
-0.03738715294348309
0.15361277727500205
-0.10218401432603974
0.10412514428759306
-0.21988085819457417
0.18614773467267867
-0.09683329288375347
0.17957232981479793
-0.13841904782551295
-0.050722549881994886
-0.014472078798802645
0.08513473310215974
-0.068803697347094
-0.01409214248331806
0.10391271862715795
-0.089745533302896
0.06977728806120513
0.013515858806608914
0.02532502232861719
-0.012486793815303677
-0.031339958851456885
-0.04021230812600658
-0.051380906298080606
-0.013252754493248343
0.07659289167477162
-0.08758184360302368
-0.027718379360738822
0.07766374800385598
0.11914337266159732
0.03146584298853786
-0.06280364905142719
-0.1232008940391759
0.08583105728669052
0.13474697620457682
-0.19190977592027494
-0.04186156318830439
0.11208668389447952
-0.07142708348570323
0.1735816026957699
-0.03420038644306828
-0.047179164425336886
-0.16537669657258633
-0.016324886593960343
-0.0499845176981129
-0.036147129360193
0.09056721074316815
0.23568561915898373
0.16963484305780985
-0.1974285455183658
0.05281761633485289
-0.21887580679168628
0.07400937916936612
-0.029027514537115596
0.022050934147513884
-0.015177124652242652
-0.07900708794758383
0.02175368672950904
0.1032179968553568
0.20012231393859808
-0.14223429740983978
-0.13572858454586859
-0.10664819002282011
0.01363726173991577
0.16334045425398802
0.045796386940381725
-0.02226274664294726
-0.009525910283193835
-0.11238305984901095
0.020099191272712317
-0.032399195534172226
0.12295702939098024
-0.014243876370197098
0.0583216870410881
0.10981617309045962
-0.10533691945452511
-0.14325124154365693
-0.0071766785814186725
0.0626029897821414
-0.09768312221985487
0.033287809243222236
-0.021623442682266965
-0.018825790661561818
0.19597160353440218
-0.10099025031000078
0.08067892932480678
-0.04152220998016374
0.02013900868765566
-0.09190443075676841
-0.027072791049598602
0.11337232294771228
-0.06620970258035372
0.13754451843330834
-0.10410087750691767
-0.09737966988460202
0.019595933330347343
-0.10044977276278409
0.19688263307760556
0.05729785817373304
-0.10487536399603231
-0.10829719815512653
0.20914288526833352
-0.16332595245724166
0.20933006050718236
-0.10571848268368629
0.004858740590150597
0.10035220851651198
-0.15816575863239685
-0.13854536835250425
-0.13216978467807028
0.10146696837646028
0.22599378667910108
0.1331442833839168
-0.06658929831266117
-0.2795861449332683
0.05019704346053449
0.34977109554632774
-0.09459124551080618
-0.04921388261909706
0.019961180142908753
-0.20931569433739602
0.09737515510972185
-0.21241283105440273
0.07093884376061155
0.050243004230061075
0.10935072623350797
0.06952082542491486
-0.01848247428187904
-0.077447446262545
0.00836647449082493
0.029413972475918676
-0.07401499117481251
0.06288972595117703
-0.01657226600691307
-0.09056791758374587
0.0676195261665552
-0.0845553808410714
0.11077051259810593
-0.0862929071684947
0.26725612687105044
-0.07611263256391645
-0.07998094932138469
-0.1729260228191326
-0.03648486181111245
0.2549405897840244
-0.013547393302348887
0.01688890040019103
-0.1721040679589249
-0.010218370292831791
0.02189249364925946
0.043522808521281396
-0.047917665848723534
0.16236842409136887
-0.023329343689350898
-0.05379541399244217
-0.0741485205109717
-0.04884651841858446
0.037438154219592734
0.06082138610771854
0.04890828242486256
0.18069655756760378
-0.24729038286972688
0.06391241844553311
-0.1377458177277579
-0.012972435842855165
0.11896372914736945
-0.020084259290255927
0.050570782607568254
0.07825836913800714
-0.06451550737872228
-0.0018156557214073152
-0.17444526828843326
-0.18837756417596713
0.11639709596194789
0.23935951274404973
0.07342217207647606
0.01993210479940386
-0.006372334704133238
-0.09796989696382907
-0.10929655958453738
-0.13706815351438736
0.06711512619137397
0.14210430028721618
0.10687573556752696
-0.059917719416856585
-0.11883727891330759
0.07326678662788431
-0.03671300795765989
0.2899634399398316
-0.24822976687292964
-0.06627621129721553
-0.05938815087203138
-0.028470858564035882
-0.01836240819792935
0.10333104820964331
0.1636551997277949
-0.09635817387455188
-0.04799269178675038
0.1650539925162761
-0.09199748225690996
-0.13542434756048632
0.05752951316961018
0.057737778656877195
-0.2035493541633363
0.18330646894863353
-0.07415884130174484
0.1474532855039279
0.04691389046649305
-0.016648732455105383
0.06288725968556923
-0.2601952227732568
-0.04063510590876825
-0.06261947682439667
0.05750079453818425
0.10515797869006664
0.053748597282470154
0.023172502370153288
-0.0952409449967318
-0.07249001833889221
0.11886519980372307
0.02616399776810567
-0.02290934015186935
0.20024414262409462
-0.13364707922237504
-0.0166979566570127
-0.12419692334915658
-0.15423588321454995
0.13543851124277342
-0.064049475394222
0.24603984249054386
-0.08867874849881124
0.04521669472383932
-0.1506053168567098
0.07521325717234258
-0.04574901285607563
0.10266170440288391
0.17454078534067827
-0.26202614600468693
-0.0935052773919155
-0.030945347509646837
0.07427798827331429
0.15155139481685953
0.048020893886738136
-0.07834987203205039
-0.0496775240400398
-0.05699742858122387
0.19686948593652004
-0.10321775542869885
0.004852195577162516
-0.18130415767171718
-0.01190848613407736
0.1074008608134372
0.08508564029834226
0.134587666463921
-0.20938080463289355
0.1088968589390672
-0.18412164580500398
0.13280905627382394
-0.1843956812207896
0.12968046435481528
0.07963037312079652
0.017542612656283096
-0.05865294457258552
0.0463233378446755
-0.02484351080352261
0.04926786712302619
-0.1053337032311922
0.04314258954688825
-0.10779742919397463
0.030357365030803538
-0.03189674694467892
0.12301032666867767
-0.07183355834041621
0.13141805411062532
-0.011232628024541877
-0.1472122880210815
-0.1160125019724944
0.08672141107567842
0.11838586612316265
0.0691616741077779
-0.027846485188667905
-0.06675795769345426
-0.12020271293182419
0.10441398044233681
0.016377066560814748
0.13412930261676353
-0.09853420192387048
-0.08173681449818299
-0.023948268612344725
0.10461507420150097
-0.1584357578360431
0.07687128454297379
0.0432403558250183
0.2272503421251482
-0.28655657692904757
-0.0036732224211298257
0.0018356051825900686
-0.09406006669466357
-0.041037358883993603
0.09524828817878173
0.1158038048801715
0.10931798609635641
-0.012036851488901788
0.012814163956141721
-0.005029219331680303
-0.13573013494227226
0.08772225302141361
-0.10701669859132704
-0.12519259431649965
-0.012573467409390332
-0.18804113270229966
0.2811659621091982
0.10887459886655107
0.2436663469302022
-0.23491884871821683
-0.038169043117651416
-0.16609413374259485
0.19586748911690458
-0.004206234659009378
0.07221236586856039
-0.11221013176770474
-0.09787794865264851
0.029641476098569385
-0.023678499146672152
0.11052867412818612
-0.0875437814638334
0.15644288980664467
-0.1866854098633114
0.08783154510832342
-0.13220156412092823
0.04600413451752022
0.19580936883381028
0.013091589476624196
0.023459347745989404
-0.25417405333496995
0.0034299817905100987
0.03386445620974568
0.13570745759968642
-0.05711879287880173
0.16733511012360797
-0.16040396540142654
-0.13476623765123613
-0.0008530788270800713
0.17489438652269557
-0.1992997607765106
0.11214245015366604
-0.02648854050301924
0.02720388371124731
0.07907797804789993
-0.06027786460163636
0.023175077173195977
0.05365001028015961
-0.04703449055691212
-0.10904562580577859
-0.05513482001577302
0.06647181185747121
0.013934661456729438
0.2238136195417862
0.016256306267233973
-0.12819702010045503
-0.11861992915540143
0.015107228105826442
-0.12205328432141015
0.1326070271656268
-0.015082310664347372
0.03697324505371433
0.09569536279541266
-0.11328349850805677
0.02225377541666968
0.0038169213439519104
0.12158694528763406
-0.25957984293514025
0.05236533212656533
-0.09622950317810339
0.14482662147989103
0.008655655007357144
0.13161252898830056
0.0510533228827551
0.003331633240480223
-0.26798050854351085
0.03168659765910888
0.02077707462299093
0.018748213938213402
0.12207804201030066
-0.10853723998190443
-0.026782566952341644
0.03269498526669761
-0.2254409622213638
0.31747011409128045
-0.04192274133225843
0.09047839239962464
-0.27587164648147494
-0.034646443481199045
0.1526029795534305
0.039737620225371265
0.06341201374983173
0.11653484866211757
-0.19489291599162634
-0.013580977081104475
-0.1386267021201278
0.07300962935704275
-0.09461800180664677
0.319586198762313
-0.09873483589276205
0.023415874327896487
-0.15251706568259393
-0.17704944890417396
0.31207949955474124
0.014660292506050276
-0.04818016943286156
-0.017316706420203366
-0.06770722120569375
-0.16319427696214756
0.25042736744289357
-0.1044812207959478
0.12129445154917735
0.11792049953431304
-0.016416394107114096
-0.15740654199076895
-0.11456778516851104
0.1554957613613026
-0.11855952072604235
0.052099046682917274
-0.08630578154936842
0.039639317114991364
-0.11310971819065727
0.14737644640595762
0.11601311777494387
0.0904390049524086
-0.1283053934666806
0.0695851117531687
-0.25947614275304565
0.06298397118365956
-0.030318055404760097
0.18483950713868472
0.07762710620222472
-0.24470232522549193
-0.16306831555415596
0.1853860909031683
0.06314461940126329
0.13905905265694293
0.025713221450087666
-0.15570075634059152
-0.07727625408997692
-0.06922193041273854
0.13298205419954837
0.06619040411727498
0.0855140906083296
0.0028494081609262475
-0.39527079175856467
-0.0037105430766235514
0.05585171162755803
0.26031476317715063
0.10154153792552316
-0.20692176832391812
0.0664586030273279
-0.06556737589828367
0.13750357566132848
-0.05209079056999726
-0.014406756200987518
-0.08610889016261244
0.0792117416548889
-0.3317366042789655
0.05077021415655603
0.04106741189034844
0.2168810768273622
0.2545095489061289
0.035742396657487185
-0.11210543859193697
-0.19760633833155336
-0.13774180123128132
-0.029584113516620957
0.02794467894425882
0.009335478139187513
0.12226592909087672
0.027924872845510464
-0.04169402232382424
0.03630952074438159
0.07657118630291315
0.04483583018923337
-0.1324956013706783
-0.17184147285672757
0.07552367800475471
0.13799477165375992
-0.025688584447617596
0.039569442569362435
-0.04772220308653215
-0.19267352989810138
0.04124344905321271
-0.0646988160307551
0.231562223015786
0.1562605309086143
-0.14580285764642048
-0.029621334539017986
0.025217751886396217
-0.1352634821816747
0.1880606050966146
-0.127958089922439
-0.03722718722723247
0.04520780492535374
-0.030000275273977344
-0.022262456316172234
-0.1046602451977475
0.21945283074534372
0.11788671277028723
0.012395381809582665
-0.07628403584042066
-0.42016278369161175
0.21853146403437457
-0.048484516214047466
-0.045849199913168284
0.13943425821951666
0.2162339539280319
-0.023174047486186934
-0.038950080563978064
-0.01232433069856255
0.09785238896741387
-0.07004883456508298
-0.1617250378522371
0.007464872210367633
-0.3640377811399836
0.19598393755768523
-0.02606365806359204
0.21647382468618476
0.19510412228668864
-0.2939219640443082
0.19762293706379408
-0.219933308894196
0.2930488716295973
0.059978159112534735
-0.21527899189217217
0.03167355807980912
-0.033384879100381896
-0.07166130619073485
-0.027817233208691422
-0.23218714737894633
0.4543185835773274
-0.1776198071655072
-0.0051043678311380025
-0.053000038667855034
-0.0041171079949452564
0.16898239700440418
0.01810515803922258
0.12971189933187613
-0.27633699475309775
0.10831371901719504
-0.1995193338216123
0.19209491941496912
-0.07313970037987609
-0.015169532040688953
0.057167702647650226
-0.057223298381928675
-0.08108108298599144
-0.00202528580787997
-0.0010929960460010551
0.10569918960972373
0.22868222157022683
-0.04838788275395878
-0.12385555383108597
-0.11687133348345831
0.029634141332867736
-0.066757053566023
0.16260908048517408
-0.1107904604071992
0.07276137099235377
-0.028533370040001123
0.024287759145083458
-0.17624787846519757
0.08090480834260598
0.1602381667404533
0.054342781516344724
-0.07368098585373092
-0.08006353968347672
-0.04248070085352166
-0.005082859282173622
0.06363254234430847
0.07727913341288128
-0.12570423073451936
0.04191956352255971
-0.13686605563597756
0.05107174034362333
0.10794217949635625
0.017906518829212542
-0.034184254019592505
-0.13222239744093608
0.18791923275068928
-0.11982254155695973
0.1476711871971379
0.045981300674147865
-0.08977511812038089
-0.0595143389429204
-0.06505037458981577
0.0304128203773388
-0.004838419645470421
0.06571951298776826
-0.037612155976375225
0.07912431110252441
-0.18565371315943074
-0.004856431330220852
-0.008355716232678456
0.2903402606525552
-0.08705796905820293
-0.04906786410181198
-0.01058224909753072
0.0178514218559137
-0.07385876971889523
-0.01502645471359414
0.0965386209661982
-0.08236261039243156
0.14178860089519374
-0.16988177343681524
0.0992244578890203
-0.030619810765304258
-0.14339018130819559
0.11104564867782754
-0.02844657103075424
0.0029001956324089598
0.18621804741748196
-0.09596294512756826
0.0490795050922343
-0.01685520888631853
-0.18817610081903
0.09970562975475236
-0.08228244118202449
0.14959088326817432
-0.054389514271523706
0.0404524618502666
-0.033253955146676756
-0.06954205830711642
0.014663469280478472
0.02325111727701884
-0.09642485049317007
0.18238679055749235
-0.0024131415335885073
0.050484864758475245
0.021508031995418477
-0.3114334098849018
0.1282618166189272
-0.056796141499751075
0.11717191506608857
0.04690212684646937
-0.1810859132184659
0.1439467082528912
-0.1456227554339121
0.25097844195042385
-0.06758915987018817
-0.048506232276376626
-0.027833166506617515
0.010774496854527041
0.06998411978012797
0.059667068610987826
-0.20209812005396152
-0.11941654904517698
0.07022682247599604
0.1267216236788993
0.03826521221409163
-0.046895114760459565
-0.03491060799526428
-0.04478258206831675
0.14123869283620896
-0.0873264404897629
0.060927616967526035
-0.05781941862593253
0.0655918239988639
-0.01701720397916762
-0.008822146920061079
-0.03810640892811085
-0.06984036334174405
0.021852510247418695
-0.027412878204980437
0.10642755790011972
0.027336315863024
0.026190362922228472
-0.08332122107430522
0.014358673459492632
-0.045019865500047024
-0.0034116554084525214
0.02457691360247761
0.058707075329463856
-0.005802354818651382
0.03068421487999701
-0.0029214791023011374
-0.09412491062404214
-0.21252081114423682
0.18317550974955635
-0.1534011835387993
0.23550640232790226
-0.029808470861842913
0.17597800183851905
-0.130825181397916
-0.006996323123910561
-0.07246300314043913
-0.056506614305934025
0.23520643908240588
-0.14110390273160708
0.12404833622595246
-0.11084601341596222
-0.015707639646125232
-0.262326794769007
0.0761506813970823
0.12404583292900656
0.02395953368643216
0.19810789369058407
-0.1326473551077125
-0.13005204884518304
0.10585884411753654
-0.08029307540126304
0.05918579146876463
0.060445481030071344
0.09414222486387967
0.025721320161258117
-0.19471332481364811
-0.14292667083141558
0.08828648130342182
0.08798141321361039
-0.08282886849557267
-0.02031681287334766
0.03636768629168187
0.045940442468312914
0.08484824343234969
-0.09004442023120415
-0.05575642310558025
-0.017915694492544564
0.06473475251018539
0.0933886711042244
0.08120713159017891
-0.06408995818541152
-0.05863972965896648
-0.05911854077261199
-0.029577229431111594
-0.10669813830100472
0.053987467820092304
-0.00841074501776043
-0.1180642444376841
0.2004793856549716
0.08362854478248738
0.07389282738340348
0.026893675029739744
0.04785504199769509
-0.2271999923916718
0.027186384160175832
-0.08064232091822494
-0.0177101351354816
0.055012998604842205
-0.0910958006824977
0.03062568785049331
-0.02170044373204547
0.11682968984695502
0.03359681131415099
-0.034954666568552874
0.013780443555535421
0.090463198433795
-0.0017869140127948907
-0.07812997624943349
-0.013863784336320215
-0.033503127928822964
-0.06515031086463743
-0.05939846043485822
0.04030867723117059
0.10243917099706482
-0.10887005471247513
0.14583851267506742
0.005725493387044409
-0.06113458762174689
-0.06033509026198483
0.04402688911899999
0.11857831302785353
-0.09653478603365873
-0.10013989574885926
0.05700318944324319
0.17403473460939908
-0.07660809431917939
0.0035698407696037318
0.018785694095129972
-0.05746321728973558
-0.2165818830357418
0.1511229216025099
-0.08534746219924691
0.004200417480355656
0.13662911473722308
0.00781669360396919
0.11645452871498416
-0.04765131643571196
-0.15421402964361358
0.03240734529050884
-0.04953103707798066
0.09945977712968225
0.03489966628714572
-0.18289785233605882
0.031285957483835315
0.1745687797841522
-0.2339763513220709
0.09534270411437104
0.30015936050495345
-0.16097532595758862
0.0313741229709195
-0.10245827196243215
-0.04778324676475724
0.02387705044596239
-0.2952946674313002
0.18497819464879717
-0.07876564376228057
0.20201994874012968
0.030477907915359773
0.15581114715199967
-0.24564062055187175
0.21364267911404544
-0.07336038832233299
-0.3110132278923257
0.17267615006641668
0.14914267194587383
-0.0679473416467577
0.05212373985390718
-0.06189464710564204
-0.06586757009847008
-0.11930422513331664
0.10306838602259968
0.029950466958647864
0.02828193636057232
-0.09961699534575678
0.13152245359779022
-0.18354233768190642
0.127489174799499
0.06523189198742949
-0.08026972670743789
0.06664821077207891
-0.05783491432813298
0.09575385454153489
0.013934296553333697
0.013575867750663021
-0.05665414114469146
-0.13403669022396744
0.045855946382552054
-0.05044781184169095
0.0032169504417553715
0.04576008439405884
0.05457000427768364
-0.013779578998264166
-0.09187041927507075
0.1344423772198166
-0.12909010893430226
-0.06612937708905736
0.17164019125452548
0.04862215385671609
0.03912352663448655
0.04782967474787836
-0.14009111982103054
-0.06440971589393371
-0.043396612506635755
0.09272506549484005
-0.2355063712546942
0.2503847710785672
-0.04478162450136484
0.047153455758062415
-0.10685032787459314
0.056434596390527496
0.15142866662470542
-0.09510315404939354
-0.0012269181089185118
-0.04147626542161813
-0.006121196430659066
-0.13179518531431691
0.03810223804287617
0.08129665941433199
0.031843037814269746
0.01757053956761332
0.015124820953406708
-0.06490547345743339
0.1482759675580518
0.007240405990833435
-0.24243767337905484
-0.07302072170939025
-0.06171402722411151
0.22457300417765388
0.11806595015562277
-0.09529777034166895
0.145283508435486
-0.20245246432869235
0.1605729510589536
-0.11146187721501252
-0.07039538280759626
-0.05021577518662976
-0.05088768681795656
0.19337325943502204
-0.09537535962539917
0.11915284470877743
0.0957899914608725
-0.10003852585165794
-0.020038564128403553
-0.10231538749465856
0.025825338625278978
0.08277492782400973
-0.10379703047000291
0.06922227066048069
0.025141413463617188
-0.21278413592968132
0.15573758615126954
-0.0023060445417069603
0.04686941214845355
-0.04097733555241921
-0.08223117408752206
0.3264565307978099
-0.28911620945912986
0.06093634253588961
-0.009193065104473118
-0.02286965651104502
0.15092382355213624
-0.05302634518192793
-0.13506693382711873
-0.06281355193150724
0.10112545289316763
0.08719957986164538
0.014312641454887285
-0.10987442991534198
-0.01464304892894723
-0.08337437575918463
-0.05240113010563515
0.13888385832623415
0.19302870362807048
-0.07893047824498421
-0.05323435291172195
0.033947078283474555
0.053684971487754134
-0.2292986949894307
0.21624352757421625
-0.09748596775527943
-0.045935575856740705
-0.04500570691383955
0.039625575601597074
0.010932792446998744
0.05440735286540872
-0.12261553636246755
0.1976407584313527
-0.07665055046599306
-0.062071413210176896
0.08151680109798813
-0.015310986568934584
-0.020505192411725267
-0.05245653432730435
-0.045721916601684974
0.17079264197613356
-0.1345199299203659
-0.004533618700437217
0.18958126554188567
-0.10689557456376296
-0.0008039473424440741
-0.04937328746307576
-0.06566531708675293
0.08957800434246638
-0.06921807511705799
0.10615646839927292
0.012204356341141673
-0.06912283788500588
-0.0003777541887453246
0.08926157192139672
0.05869385487766864
-0.03768698325927003
-0.12610085160957768
-0.14720517788391385
-0.03703087987443739
0.06909272762810412
0.203018806714112
-0.06378425059170861
-0.04839236396825003
0.21652093343967282
-0.17371226007551965
0.08214862751831306
0.16701557422486601
-0.29382900009188384
0.03205586201497802
0.013734712989833892
-0.15110557126941437
0.00017429446744190915
0.024520163201914913
0.2208841856908492
-0.05677807226835658
0.1430680402598902
-0.04864924801885657
-0.08826820924209977
-0.13415235483737808
0.08407345680863204
-0.14547707394644882
0.09900731629444784
-0.1922184545785814
0.06531146197192504
0.44016578981086557
-0.2658472375293086
0.03714318852422789
-0.037451583916716435
0.14493524425488583
-0.03231007871055009
0.04618411656739795
-0.21893868804789235
-0.017653189154359213
0.06157314808406199
-0.035234851975839684
-0.028153812558791805
0.02107604045762673
0.02978202409519108
0.006672412493485214
-0.00020471757620455291
-0.02030661993890247
0.018366242495262843
-0.21260774603006963
0.2703410976678593
0.05046017712294761
-0.1607514909988314
0.2698400165888917
-0.039138933084939945
0.014033783670130907
-0.2261393635136004
-0.11176382221465829
0.09108216074064766
0.05960444007916752
-0.013281888216190259
-0.0843012296392553
0.07252740602752378
-0.01440614818493452
0.1116589187590575
-0.08815152130482545
0.16645635871458186
-0.19141137518596452
0.10148932287282567
-0.1615184325208998
-0.030846144229193392
0.15589603281998732
-0.0034136662477781826
0.06283661967398022
0.04628790994780505
-0.1988514121795899
0.009391497835413118
-0.014230571091140018
0.021320269489227574
0.04371540314781307
0.03298781409093694
0.017117059924421543
0.05750742828187377
-0.18346114627554908
0.014454083109537677
-0.12982268425328933
0.32609566012160124
-0.06379625862571014
-0.050214001052810806
-0.04084292354040165
-0.050401071905422236
0.09142906612778028
-2.1240566798821914e-05
0.1076754773544877
-0.06269808981211716
-0.17823981249573323
0.04011153542293802
0.022268174236565554
-0.10627688394635838
0.21985209480735748
-0.07861433074264973
-0.001561772800250466
0.005275352570308724
0.06430557627088934
0.04034847976819391
-0.21081866540708102
0.23233982710526757
-0.21061693857792035
0.05416701547754516
0.06101889766691486
-0.18580459014523476
0.046094009483373694
0.21807584494123194
0.10719644211421447
-0.1835450819513014
-0.030203883915481504
-0.05075370376672608
-0.0652313270865276
0.13668144121465994
-0.12356025812351065
0.000469166163468605
0.06989779776543388
0.0025379769102515004
0.058536867723098476
0.016090783990008628
0.03991086666550168
-0.06436356956523027
0.004525500497372605
-0.13397129714052033
0.07149945855291434
-0.03785670287604883
0.0894261338776719
0.06234654412756455
-0.10208230598403736
0.0011252652925607433
0.012093311780631909
-0.03741413718916005
0.07095138840506145
-0.12170036535587778
0.10607011140765643
-0.10875960484430225
0.017459619462206935
0.09113983457714875
-0.06964325808095055
0.17223166836724407
-0.09497451020438331
-0.009683432143590217
-0.06854197274109182
-0.052864688973164875
-0.03408867558201954
0.11917924423298973
0.09263842445227391
0.12365212774511478
-0.08998761593280977
-0.09459494546720966
-0.07477019062162416
-0.03369914190313478
0.004832369718746543
-0.13165576015573022
0.18058412901467863
0.14539746149187252
-0.21184526529904524
0.11967017709895462
0.10555316195081654
-0.1374548501548867
0.007456231780107296
-0.04856676486611007
0.03884867053111155
-0.11074919942704861
0.001814239932992916
0.044117554945480614
0.0168059672440872
0.37122825890889666
-0.13785761193885315
-0.0827256536019042
-0.10218268790709545
-0.01812538499938756
-0.07725062917762088
0.02005532281005556
-0.033116575312360494
0.023075526664977804
0.005696090101189891
0.12586402797930463
-0.09830415646140528
0.16301770193726484
-0.1566142231401768
0.02566634032023067
-0.03074594754677291
-0.08884164924308108
0.14536158918442776
0.025614582164382102
0.06196175587320798
-0.00606434282192498
0.08366714596598729
0.028678076617525528
-0.315836958084822
-0.06377735777244509
0.12463809136445006
-0.14426393792464323
0.06640211659604978
-0.0016479836153797944
0.16883589177355562
0.004778921202963193
0.02861000456416335
-0.005033871271599155
-0.06323289467073552
-0.053765330521628595
0.010215470457619055
0.1285223750864556
-0.011776576012381842
-0.07351367221676303
-0.04422068144358379
0.06445972826353177
-0.23023299331348246
-0.018462274786924207
0.269548925947885
0.03871844099704313
0.03845295870722201
-0.04916618174091565
-0.23680366211928933
0.07521416168761473
-0.05889171822457534
0.0018768099864704142
-0.0003182542229644737
0.13870513653558772
0.26378966562462036
-0.17169401867016892
0.11058147447022221
-0.016003134453046425
-0.20205965601403603
-0.16261198364341845
-0.09086564498244522
0.0011610691998454013
0.23787493478380345
-0.07542034520471566
0.09672667815350575
0.18302550634892176
-0.12068395506278276
0.03335095737601579
-0.23021956221665096
0.04237149845502829
-0.060329360097558835
0.2074522337048617
-0.004080778854569388
-0.039614807924468254
0.1664107057961093
-0.19591503754005005
-0.03517122951761742
-0.030837521236118305
0.16666742878745955
-0.1495109630190326
-0.035808499964959994
-0.04628644821342684
0.11656167081664578
0.022501609809040327
0.06282794001306832
-0.09393420879364145
-0.07873516451104931
-0.0010613957692548262
0.1184513540802156
-0.011607294380220238
0.16538194822621438
-0.02918613542911688
-0.13112129074252485
-0.11874041708261987
0.08173648717971471
-0.08005968717507417
0.03993497644239959
0.009945403658410894
0.15102775988236108
-0.0780426822247061
-0.026079089885773007
0.020700169073646357
0.002743396810867625
-0.07213799959009544
-0.024024066570451006
0.1545018395397647
-0.1071811016542438
0.05612432300060516
-0.08103820756829122
0.0004790981319774245
-0.016697511001770155
0.038989009692713655
0.1593691333727137
-0.1408187137140084
0.006927613193805561
-0.03524201630762171
0.004179233131176022
0.059361788575181804
0.060821878361169
-0.20243023010847339
0.054162707865699294
-0.09040719411352675
0.18330592886306032
-0.005125051432178957
-0.11164984673590711
0.13349498460995274
0.06597928683244382
-0.02955224135146449
-0.1444151762468228
-0.03662350875454539
0.06467659289920046
0.07199140680901862
0.017632196016716603
-0.20241280955075266
-0.037206754520892144
0.08490835018886685
0.04788923371841985
0.1108705832975004
-0.09102426847562584
0.17651401034023756
-0.14416774549351474
0.14774014450044054
-0.09275448520004355
-0.09799136601255473
-0.029515813686313955
-0.10345836196292386
-0.006824331081558124
-0.12718200161533005
0.19503691495587713
0.1506890765650601
0.05455930127576128
0.044675997813796976
0.04727492562414084
-0.2076013576134662
-0.05355580786162259
0.10754049748696018
-0.15710600797874003
0.14276624817840547
-0.2205503667817772
0.18680808240399543
-0.13010350725316133
0.16087289108571462
0.0020086615201620733
-0.06408177186919002
0.1675133198572572
-0.30326847844114985
0.18057640450406112
-0.13241457782013524
0.106811316570893
0.07105335878261415
-0.05526552191320323
-0.0992380756021761
0.10070359699693962
-0.02177967229069024
-0.044506417743803636
0.00965604761276339
-0.007328037236204019
0.22144011794725998
-0.16274612090766413
-0.0846828709204922
0.12120300558645039
-0.07906713514875788
-0.10353740274541562
0.11769545678367545
-0.017894270613903307
-0.09859959139458915
0.06614905648473957
0.05174689767547016
0.01443980927699319
0.0954846437336227
0.0014742715141276286
-0.13596047771885794
-0.03206433466066171
0.03345304744888854
0.04418480617713404
0.05805422239001114
-0.0058332979567184695
-0.022604576052895363
-0.28148581985513244
0.005826807925934097
0.18378614452550762
0.07962763269593975
-0.005918337287497022
0.022688735029275774
0.07202107900071555
-0.09436964033015262
-0.23994346930511423
0.06325786128231545
0.17022961433043035
0.06164403444004973
0.08360463347444583
-0.27935304502016217
-0.04078768318283294
0.018592118015414563
0.05787978616293667
0.18808127373596126
-0.049962652799192646
0.029804465901292553
-0.008587553447828532
-0.106695783185974
-0.1875676239927224
0.17513734587833718
-0.14553217341315522
