0.012204798186801091
0.41842577910688167
0.49033399614171
0.438608136374708
0.10910616620356263
-0.45884231169793915
-0.9718787427869657
-0.35914210638126376
0.42160671918255305
0.949429379221733
0.7408716165933134
-0.058768400193198386
-1.1400967371787656
-0.7892733648698128
-0.2027825474388162
0.8850510574722863
0.8034813142926901
0.33251927756359
-0.4803118695518452
-0.6595073839137777
-0.40120079114813106
0.026602283898922927
0.7788425738832717
0.28241567857580085
0.037148039739803754
-0.16179903070139393
-0.3747222981888798
-0.2644754051988466
-0.2768652547062621
0.34843201321086725
0.34001541217434916
0.4461611896374007
-0.05166039374749814
-0.5302762530734169
-0.48956224298443246
0.009362506071436408
0.4903797831980315
0.7068445877794263
0.1545419769114378
-0.6840394650603027
-0.7653216182987677
-0.46694058273546213
0.5421349749007202
1.3100868575012103
0.7857470341355927
-0.326812483195527
-1.6660160074036712
-1.4154846071188176
0.25737348040850455
1.6666839724824456
1.6697590751121583
0.2680002641101006
-1.5546082759132371
-1.9870302632592993
-0.5674387892573156
1.2122017437805694
2.4076568284428395
0.9907933739307533
-1.0883732245050959
-2.318276598133457
-1.545580454371087
0.5363817836818991
2.0611239428679333
1.9851414425801426
0.35526990191787633
-1.5653721673791334
-2.302966352395358
-1.1101364895905939
0.8708935264600319
1.9633521765043138
1.7973952590981273
0.42138933686650865
-1.491921783887404
-2.2434339474636795
-1.6158811682522278
0.6704730818505527
2.4683117855941434
2.402711727611608
0.24227401541373939
-2.1700223526240485
-3.021507818900383
-0.9912504727241813
1.6255366291756066
2.9589461710421165
1.8447064428824613
-0.5320733010089742
-2.55414394598599
-2.9904069170075194
-0.5821442339187376
2.133955882470515
3.5121148775009887
1.648753272637403
-1.6703687618214023
-3.431933045095837
-1.9682268392961408
1.0362955247313963
2.6711782372007358
2.1353039703322696
-0.24881162385740374
-2.055052869564507
-1.5897399447096978
-0.6859527894098325
0.4969045286150223
1.5842219114521614
1.624202181012632
0.6344132742482008
-1.3046039573882402
-2.035042769636118
-1.3421063274505123
0.7550016239050401
1.8861556046488945
1.615168634756822
0.0033410509689742462
-1.0906446053745285
-1.8914654722398687
-1.1051800806203032
0.5519359118443607
2.065067921237613
1.9303323373127934
0.16094750451302803
-2.095247130739914
-2.896468611613041
-0.7593173286420128
2.3389290085292402
3.2738196736344576
1.2564548458302802
-2.066815052787269
-3.529868567779029
-1.343977077638105
1.627406637368835
2.8481010178530677
2.000917908102959
-1.0311576510163099
-2.667179769873648
-2.256827756967343
0.32532248681935083
2.584913111361185
2.6448953785375253
-0.0071881143687265725
-2.6217962381323296
-2.4205547440816555
-0.3566184877959269
2.045823252211633
2.350450156903648
0.9090992429519857
-1.2772721741997184
-1.991928999975649
-1.6663922402998206
0.1914177698399827
1.5668772634932138
2.2993631788477638
1.2325454892583447
-1.3025789575729627
-2.5761614333990535
-1.9801228124754668
0.16065493769902062
2.429833845126648
2.789938701456414
0.7992286513621203
-1.7217740018450083
-2.971472262586827
-1.9543942813488688
0.5151908157979743
3.095520630370959
3.1085609617126018
0.5970227003977502
-2.9184241818104915
-3.982856635638557
-1.1783477429694709
2.121416359332356
3.7319396557659448
1.8416383199453819
-1.3456272557119675
-2.806959678338138
-1.5869909632143304
0.5802469101605944
1.5942851574137897
1.3477368599782398
-0.5523485336619425
-0.9959253098971547
-0.398392549168149
0.9050113216977418
0.6810138843533814
-0.31697903479065326
-1.8382888288733075
-1.0354471110385801
1.2331197038473136
2.6703076724648223
1.6128282910700884
-1.623701931617718
-3.116775707351328
-2.1144473794220575
1.3523257049019595
3.1772194733818546
1.8604132757467766
-0.5831672465717269
-1.9376801372735715
-1.7534337697769482
-0.37132039195751
0.6681955057232527
1.5154919381091898
1.1808827620050828
0.022052506515972348
-1.3794804097482485
-1.1503204483388687
-0.05742817192454808
0.5701455256963743
0.31055775980821554
-0.055282025838048865
0.6586475438902467
1.7135552646898586
0.44523049044813157
-2.7405290322089604
-3.5270266418324603
-0.6424819741722206
3.583917744069113
4.638647528648383
1.2681651585077647
-3.1039547365370757
-4.857356879622194
-2.36933800825442
2.124392142812692
4.366096251527214
3.005753306272081
-0.8889459994775286
-2.9673388513249583
-2.9291520052220723
-0.9514218351745414
1.744798823164956
2.735692870736975
1.435617486777025
-0.8810723244850929
-1.83132473561466
-0.5633078419505526
0.4196158380426279
0.1994215738710987
-0.44176017590453603
0.1137526996943681
0.8854472166197009
0.663092001186908
-0.34579792331310627
-1.001135172287134
-0.5340823964542967
0.24564347295482758
0.7000749366628662
0.9372049668065522
-0.023419746110063935
-1.172187566194161
-1.6886238943038165
0.3318941209687019
2.330110123230086
2.2627691983861986
-1.22002981077868
-3.9798373586094464
-2.249903346977012
2.6678062209762388
5.57211919330345
2.4017695686830605
-4.689896171999756
-7.563695240332531
-1.9413501073818318
6.538829919238062
8.418319648507742
2.1030113987324266
-6.106856761812287
-8.35996905504336
-4.431066622595137
2.4335885544773896
8.87188684392707
9.061097569360378
1.2575790157264524
-9.034965138529365
-12.177659197469193
-4.369511459042083
7.4335602123302005
12.092093433021347
6.271084540730637
-3.311616913799154
-9.001881653706873
-7.19045444622648
-1.8265748098242045
3.8404713654862888
6.686340422996054
6.635361346031562
2.6866859760882145
-4.891352485527189
-11.041191732784426
-9.012764429003752
3.064980087147301
14.012206365422344
13.3662036576048
-0.2913600042780766
-13.617018798230523
-15.855283823034435
-6.191532250810867
8.828529024119733
19.45771228362532
16.134376404127746
-3.3882173588788547
-23.52994149435942
-23.684951752647322
-0.09731307219580998
23.85950848249021
23.136578429955613
2.123639179906821
-15.705705990053207
-16.300609198246438
-5.401606560483111
5.032721633851898
9.326623632858473
5.962925560462598
-0.6972874491199068
-3.971223114907383
0.4597313438115189
4.146399896655981
-1.003731991026382
-9.272156044630036
-10.840642130224317
-0.15839230728415243
15.734721345094137
23.047693920811483
7.469074314389724
-25.380013497739395
-40.321805242572985
-8.379369174190847
43.537214866913935
48.78848294664249
-6.215282972289394
-55.133389092227
-37.79455408776637
17.254738709100895
43.82165099744834
25.214910838570994
-5.582856970762782
-22.448982418793445
-24.43756824745346
-14.853122813450863
3.257931560181615
19.467601777721804
24.313640204852437
18.779389814494525
8.222927084511426
-12.855520845453864
-47.750101944674356
-65.40741854402657
-23.21403793650876
81.33357935594188
165.35451272070495
71.75071291029292
-188.891574141716
-254.70995648337467
33.09336018433349
248.94509611255486
119.63060185886408
-74.91258587328437
-107.05685859972704
-47.513355011294934
4.861131165475205
26.923754567871388
27.54251268187465
20.862574565951423
11.75569427875109
-4.148274734978584
-20.139665963253826
-25.407507126781127
-15.811425333875265
3.691555816965875
24.73429032950169
34.60906107710811
15.724505820767181
-28.106036586230328
-52.242638485643
-18.457160059295003
41.51369913494725
53.19376140443484
2.152525682491264
-44.46866657905604
-34.32422273788743
7.830511212961955
28.99384555871621
17.33433553682583
-3.196177883923894
-12.712630060090524
-9.632362467241578
-1.543146163760867
5.100269560922087
3.5634620247883153
-2.280649590621619
-2.736826987237762
4.368900165504516
8.532282239225994
3.7225294212110605
-6.013471084760156
-13.840613022484332
-12.021375381449433
1.9618732324839336
19.49204933043857
22.436005530486984
2.2624533653040895
-23.0037085677485
-26.157700306614874
-4.487193856507714
18.45016547862646
22.26459073670895
8.271241971993014
-8.481454140335655
-16.46643594888859
-12.93303920115116
-0.22396495908763847
12.489891453011861
15.008645324204398
4.27950926226385
-9.121688631248762
-12.674068462605138
-5.511996042562101
3.906737790713815
7.647506800695621
6.489424532880528
2.6157157377594467
-2.5276029744159696
-6.832133435356249
-7.770933075643069
-2.7361751184208116
5.975531015363338
11.02978500107218
6.883369995926153
-3.6454906180586213
-12.007468837583259
-9.36841320490903
1.0232920143404176
9.878289533319553
9.39687795559828
2.022147094459338
-5.338786248690612
-8.177565510127087
-5.049552866921067
1.326181826782871
7.737707565478179
6.6806203532002355
-0.615988162616057
-7.511779171483246
-5.739724518693913
1.6075497300111912
6.280700177319148
3.4978135561063235
-2.3282222737581604
-4.268394131844185
-1.5428243318363422
2.0010841779993274
2.8329591306193636
0.6674932868529386
-1.7881207600769187
-1.690499555079852
-0.17842661279766286
1.381437452162283
0.8779358289833986
0.03862612486019358
-0.7332061201534564
-0.6664532148634558
-0.5694768879715685
0.4706512851688289
0.9459095487409196
0.5850736362985276
-0.3280501408076796
-0.39439174249771813
0.07519779111116313
-0.26313404913585814
-1.0638652456722908
-0.8126330033832453
0.9307992635486424
2.4533769466039073
1.6303906947424192
-1.0181659347299643
-2.9451499397990157
-2.680967041081097
-0.06508147941667647
2.620146158720474
3.8860734451998087
2.1137879893323657
-2.149687228999963
-4.739954919757385
-3.2188983033167538
1.1770660825302721
4.413693137583964
3.6635764643716877
-0.3687536120660849
-3.485437378624168
-3.1065979004083824
0.14005988050726326
2.1413745800509383
1.4445131413230252
-0.2734937130065188
-0.21934010364529988
0.32476974555189553
0.15370224566898552
-1.0388990031277856
-1.4142905108069868
-0.11690515200383506
1.4870965626125237
1.5757583041367202
0.4254289686524113
-0.645673616514941
-1.6526111046210978
-1.5315491335776987
-0.37057871935203524
1.6067380827202216
2.7107882821062157
1.3390910712316688
-1.5683757712533226
-3.301331249714047
-1.7514183453639327
1.5092226776302944
2.963255885194671
1.327100644314168
-0.9770746150563032
-2.1217918151953383
-0.7416931481225697
0.7909586794351076
1.2240141773675437
-0.07604804564454593
-1.1316631133787536
-0.23065949970694305
0.7397688483298652
1.6131586368903799
0.5817938368321227
-1.7913542464434178
-2.3228042014182866
-1.2374116591454052
1.6067758137072057
3.455316761510326
2.2810967352607507
-1.17917132493074
-4.047460094417036
-2.864169199787337
0.5719503913205575
3.5604071161461617
2.9275995973208326
0.2951443472763309
-2.1365847657597032
-2.883979247523844
-1.513554012276529
0.9096453638219725
2.7819910929847342
2.40931339455615
0.05222759742180183
-2.4445204241317127
-2.578102013187491
-0.7691835034423278
1.3025297569976497
2.3176710588125378
1.44965163372183
0.11084725932288925
-1.853084617144491
-2.06234229160716
-1.0220787767603237
1.0314059732082919
2.4502915061317627
1.7100486996835753
-0.43643730082091003
-2.2065046964116606
-2.261129692422126
-0.28655844928244334
2.270431448598031
2.7408594238530304
0.38943390100582925
-2.301041706875861
-2.574123562520471
-0.6846081901667187
1.8608505253700613
2.73629045635223
1.1504031662317886
-1.2722571031317105
-3.1829856209553458
-2.013732303638218
1.1644360701973018
3.2152164208103717
2.4212408473527405
-0.5917950568239969
-3.0602545499785148
-2.227338752419622
0.16060500542003087
2.2493841538231547
2.135290565970723
0.5186126113215843
-1.5085443428872196
-1.9863902669161422
-1.2540666135926455
0.5304225519989382
1.5003289168115082
1.9911334411467942
0.4252671269188867
-1.069655392142314
-2.029682366017291
-1.2136934887541146
0.6236816618917369
1.6163091890778005
1.5574458027584563
0.2655345828277506
-0.8901419986714635
-1.617020496331995
-1.3276527811798198
-0.2808109813041722
1.6720653081100125
2.7307849358054295
0.8442622939966121
-1.6108436922047955
-3.3827363541719233
-1.6777998130799985
1.570321477752689
3.5172024782435187
2.1713072280525347
-0.923834215153263
-2.9569486152191327
-2.5883163964951668
-0.18038435220649118
2.0079496475017446
2.7172640713353133
1.3552765160118978
-0.9717303972728764
-2.6292446527216415
-2.1952746948749278
0.1373954259953944
2.4509587196649614
2.4536641908553443
0.6166978275658185
-1.6393368176078704
-2.47175908777606
-1.3881805006235748
0.5084952957438029
2.052124255803776
1.9243310059859795
0.496625179841952
-1.2050846419213865
-2.1366508762602665
-1.404666064584951
0.46485911272464353
2.0007589678764925
2.1178748532658296
0.34556173556563147
-1.7081369320610709
-2.3993853690479594
-0.9337461228808773
1.0973387986186494
2.3230564073190827
1.3989379478628126
-0.6041479021728802
-1.939956604779875
-1.792169241350724
0.18948794342662667
1.615128596394082
1.7060643419927557
0.2975234654394568
-1.1494450351758738
-1.7883678879931202
-0.2557335738404671
0.7509117184305384
1.5772869308201833
0.2772523796941878
-0.4524031124545048
-0.983619089963026
-0.6853962340882199
0.2054422847079697
0.7522417537776639
0.7138801842583528
-0.13299641597844353
-0.5857125404439312
-0.41573802565499274
-0.017367602787427952
0.32813038468200706
0.22819516912906773
0.24749750854714175
0.06523843409538915
-0.40940351904221944
-0.1702612965710508
-0.12744932721703695
-0.01922470538674087
0.377144053495565
0.2898100663987089
0.16233542211406593
-0.34860358657379825
-0.5398167291867518
-0.4530675341626328
0.16072464296920053
0.8742894061344483
0.7834765869629772
0.0854826171036039
-1.0143468932911224
-0.9654702684750663
-0.1444189807873293
0.7841517759552282
0.9144653292367165
0.33002289279096103
-0.3009949549690584
-0.9630198112674793
-0.4809387944133946
-0.030654910292342477
0.5063535202049443
0.8953560193267786
0.31484425117941667
-0.38926568213985174
-0.574953054711279
-0.7529955913845578
0.06840179055889628
0.46495224306911775
0.7518358072806907
0.4358213752805312
-0.3163654836496571
-0.6706363826578812
-0.3335909228984177
-0.20710369664944575
0.18725564628892333
0.37285975350714756
0.5188065789032639
0.38422207736366465
-0.3866272170820546
-0.8717732562678393
-0.48536967570074985
0.3801797341379261
0.9147710360191259
0.5532688626462177
-0.2648353372802922
-0.7669078101685555
-0.5181284643214212
-0.12341022456921277
0.5947152910850124
0.6193246495374213
0.028951610707267386
-0.07645949577155028
-0.42809970237370937
-0.3104666245329972
-0.042734642868384125
0.24561839927168047
0.03757472294685711
0.2438884637790043
0.02614451923645874
0.12200129756124417
-0.15580676436505095
-0.1683302237885345
-0.18210258091963427
-0.04183147380860367
0.20151616043941473
0.3487506439275538
0.03799195395856199
-0.2346417690434532
-0.36699474424515083
-0.16382929412964314
0.3638146687108119
0.27405635996721056
0.2936321175179322
-0.14914225932318673
-0.647319008248712
-0.18267110260189054
0.5287700050594721
0.10098632974372251
0.21012560293945987
-0.3159446688673029
-0.2955585110459343
-0.07995957474958484
0.29141277332859306
0.4317469103484476
0.19479129351355867
-0.37233808173428795
-0.5790998922208392
-0.205039355130768
0.5236826026817466
0.5679710069624119
-0.07412389631781391
-0.2203037422034052
-0.5405047681132288
-0.07293629283583025
0.23731964443859765
0.2863942286200724
0.10251294277020748
0.1430710552654594
-0.11647940480747732
-0.319523356825267
-0.2441648967624117
0.15942467898927895
0.17383508850151594
0.18861572055629303
0.08994896412490418
-0.2583389811766652
0.03483226123424207
-0.18000338542614208
-0.14677185543861146
0.15392473564005274
0.26907838511146565
0.09460025851934864
0.16303175973374454
-0.24405948410361905
-0.2884772823766185
-0.28976298994061295
0.18172109442522597
0.39788326602130797
0.18816330645570425
0.005103675243414861
-0.3336291851531045
-0.22083086886930337
-0.045414430911486225
0.2650445160259976
0.21074852858393997
-0.023989347158284234
-0.07204784803397028
-0.16831598964420583
-0.12546830994039854
0.07822986776307472
-0.043854913349616303
0.16097345277017
0.21431491618688556
-0.0751132042059212
0.19793620643782583
-0.19488923114638435
-0.3259723344766732
-0.07276405144024606
0.09609137965563838
0.1522316909389848
0.3650908774831574
-0.04752270501035687
-0.4021999424045685
-0.17120135450467733
-0.03963083797456377
0.32867850457277287
0.24993615983921635
0.12300135207302472
-0.1853492872196218
-0.3125544238852359
-0.15139629429757132
0.07317290085546269
0.290189684040508
0.11897120890660753
-0.18914392690657403
-0.12981896846768678
-0.06592495367540423
0.17829353326836642
0.3614429607459402
-0.07766606161562795
-0.22884523816938823
-0.30339221151501294
0.010264401565363356
0.2022661622127991
0.12405558113869367
0.22489854104631568
-0.21830146822881896
-0.05699351579025369
-0.09036717516721478
-0.1616918465341712
0.0037342426687231034
0.31280447079950824
0.31669141256980343
-0.13546389181049634
-0.1173509479275341
-0.43830099221076707
0.04449068176391478
0.21115108421746095
0.09981011321826498
0.05067156087941392
0.06636424840842553
-0.16307241630191052
-0.037137778258456336
-0.13421299578346094
0.13876277240681917
0.09094430531716721
0.0612512550369168
0.04566645969730767
-0.14453348589218773
-0.09312442458477842
-0.153265825719688
0.1431307257362971
0.3534289684328389
0.04906828267174933
-0.0408946317113873
-0.29733840570187237
-0.17557224080799427
-0.14363139210124445
-0.029991229677512783
0.39935910083309023
0.1875829928828442
0.06426261262291061
-0.04633385652189951
-0.24706561837340826
-0.09725532165779888
0.1831104146092522
0.09717095129567817
-0.11140938406666348
0.01116354952151611
-0.04567885338028438
-0.14439247662654445
0.09474196254435367
-0.1287639663554762
0.07308839547388266
0.2948204572341754
-0.0038879883661041836
0.14120853850646617
-0.35491618265655633
-0.030114518536699962
-0.06349555285280167
-0.12825884014419348
0.3375713825588441
-0.04535080852366704
0.021358794724540435
0.03857342285419413
0.041197206189038466
0.06679558095764788
-0.2138173719082804
-0.159068062504194
0.027362669731122523
0.17244975056485137
-0.05471311035605071
0.1759822576255348
-0.10308454353233527
-0.07366524554759131
-0.05425522218576189
0.3136434584135468
0.09504114363693336
-0.09202025763589106
-0.21805441498149902
-0.10706650735848991
-0.2553982483514989
0.15509585029689038
0.17863831817672365
0.19019666238320238
0.13582044669132778
-0.2382697890194974
-0.1547019022648429
-0.05323547489827857
0.07032423127468544
0.11181434871113048
0.21634817232952
-0.022185678232535866
-0.20604082749189293
0.033694953745312735
-0.024045258063764327
-0.048728146809063864
0.05038374774243233
0.028392980650190077
0.09722493762213455
-0.2136517056124554
-0.1409023648516341
0.1053567531223033
0.22412946746690982
0.10340865800743622
-0.046834015031484745
-0.28843949976488686
-0.09855756864664532
0.043569346974894
0.30297146734297764
0.1573924810518671
-0.053096830189653825
-0.14549802490499847
-0.08984786536569957
-0.0707245367601521
0.005041329984951451
0.1801216007951288
0.0779560277304518
0.012417657932894411
-0.2381160566842758
-0.21562906922868566
-0.13068688769082548
0.3449959815229525
0.256661269756432
0.11044058399705932
-0.046880257142241324
-0.22684323495398978
-0.15598731578058422
0.09458681114639828
0.06775067532351266
0.15926892877428409
-0.20277268227250306
-0.013805903235568082
-0.09199143383463453
0.06244491044548453
0.02628212390348794
0.19254017097316742
-0.020207149329511113
0.07628217587423688
-0.24562579646926272
-0.019819852215791394
-0.1142878123435859
0.08156589655450128
0.16259357866450616
0.1267044000763391
-0.14562348365091612
-0.20652875064548748
0.12088597689984037
0.15145347104554782
0.04016564739618248
-0.004099479576568495
-0.07009312785883072
-0.0433853888861959
-0.1634680062632486
-0.005768022570193945
0.17491476661573732
0.011713943860301855
-0.005370410278018297
-0.03349392653308005
0.0007662985962338699
0.04319638417665355
-0.014906367986800272
0.10705574530522227
-0.0906979858074299
0.05315348979850641
-0.07775353438253774
-0.1328303941308577
0.03745817857155409
0.12099712116339656
0.06836240118451266
0.034685732109425646
-0.11326548407081855
0.0233718400049491
-0.16857851435674132
-0.04954557634115578
0.22467366088569357
0.09470003523818947
0.06770005705511302
-0.05989779492273557
-0.18900474534775105
-0.17493070124644786
0.10077446709873483
0.03061721549807132
0.31104401597522724
-0.05702118759958053
0.0512716208592836
-0.24006781081345752
-0.10633010848556193
-0.1855736952334055
0.36346904118427187
0.21266708521901195
-0.027983056377958213
-0.10448805654319597
-0.21127515895361895
0.04713994455352784
-0.04516455568830194
0.08428608440778601
0.12401210071925681
-0.013725445574542784
0.05046363175409315
-0.18105026510707134
-0.0887582914574004
-0.0002206553570160072
0.14661227316825798
0.060272410459923244
0.054282054018492724
-0.2834703551124465
0.2993585844307018
0.013037875896136458
-0.07425262158244521
-0.13777706187793867
-0.019484234264700626
0.16601861893681197
-0.05601370832370286
-0.045773996364869805
-0.054770853364000255
0.12923817816824598
-0.020323387519232072
-0.08836967572487059
0.025029824325894755
0.2007897121753295
0.004285009875480924
0.03834128615275443
-0.11405552392000268
-0.23995992329716292
-0.16968714575121396
0.18000489932155322
0.23248743522070686
0.03503110622926118
0.04373960421368256
-0.1387611011074366
0.0017467324449726082
0.08028346506202705
-0.0997745476849947
0.019612771152550897
-0.02554226937632257
-0.15026189671530626
0.19447792135403238
-0.11518526442543578
0.1240277513019215
-0.07251164350317425
0.21285227970369525
0.06235402702438882
-0.19254179364826327
-0.07899246355516562
-0.18704730086471716
0.2375907274325152
-0.14079023991557588
0.25422059674283065
0.0879763514531767
-0.060962338303211336
-0.1711461799485642
-0.1420367776008012
0.0186035835679502
0.10317300987529743
0.051387583482097085
0.07275505074805863
-0.027918718473310414
-0.01749346933396733
0.07954801620161733
-0.04690447686463808
0.06487887447872409
-0.07701330623694007
-0.03847646987008404
-0.05433247234566035
0.10637373202513642
-0.001885782068361444
-0.16260706590386842
0.09760062902383523
-0.04606853543541351
-0.06097579107871295
0.03218631270871375
0.09856841051913427
0.17897600941425568
-0.09451326937827
0.07971908637559746
-0.09572482563590093
0.04054885520692712
-0.1160258274774752
-0.08379545051545899
0.20192898067589343
-0.10613819849511866
-0.01860222852322293
-0.09518981696043596
-0.07726189241126269
0.08916001777707613
-0.03196532506254503
0.35920592221886666
0.10672537458695744
-0.17534760755268114
0.026339448851923436
-0.3068594042066455
0.07849615439156378
0.14172043086423153
0.10315623402858423
-0.31578988689680165
0.04057229312137223
-0.0654085795171065
0.05590824068166588
0.02916030878675241
0.16030614278993915
0.142206938231237
-0.17817130277026355
-0.007566395027267926
-0.004538399438212194
-0.004701747837496068
0.014378647374757244
0.10131382872874742
-0.11945835860224627
0.10428753027770574
-0.1528743021427055
-0.0569961082035224
-0.02533111280385099
0.09057897850224746
-0.0209997271770063
0.03581905543421889
0.06671587808778925
0.11373282017621192
-0.1268309573964144
0.05372195184870883
-0.08297636772792016
-0.06259375841130833
0.08265468767344812
-0.04348204409242411
0.1354300391811511
-0.08302435719936546
0.030175394198235356
-0.2009129911747666
0.15211730055370506
-0.0791104597811482
0.2201208770838286
-0.07707118596765239
0.019252020752375355
0.09528654237216319
-0.17364909237123594
0.044924208486925306
-0.20713055416876527
0.15668347208505373
-0.012225438027557494
-0.01654417022299598
0.12958940299766475
-0.1503836221684267
0.01462004175597341
0.087421510747766
0.07106932986803027
0.011740489995598553
0.042066377389575194
-0.09805620322603385
-0.11649720601230774
-0.06177055217285589
-0.07265856889650261
0.17449507162085504
-0.025223926206508124
0.24246880231090973
-0.054404757252904196
-0.08729631361619622
0.025358490424269894
0.04294674247309652
-0.06900134562080168
-0.030244382923102366
-0.07818305986045795
-0.05668633427001836
0.03763017330390951
0.042500064751991584
0.16954552279016724
-0.08531457477449451
-0.09431453786082046
0.02671159348925515
0.11830420559499558
0.13904596921246468
-0.21356218188505877
-0.047990531188310565
0.01775694657577022
0.014763435220988785
0.06041570959441961
0.0005421057718020539
-0.10543732356127353
0.15311982780263755
-0.054067022230229016
-0.0046905545538442756
-0.07306714843774861
0.06592575698633438
0.02726589330439412
-0.1448241571510244
0.09162929320398622
0.007391993818319925
0.03813690641836012
0.09393111762902372
-0.1513594883712254
0.04487972747091919
-0.16656721375471545
0.21249904651980794
-0.009719215756391387
0.13797808421429714
-0.0792846952472443
-0.1460898442731709
-0.07470234234323171
0.06722769850922067
0.030606173114668504
0.06614243644253798
0.01791757028153755
-0.10981519460566666
-0.058494962938869244
0.21494888133603385
-0.006103446910195501
0.1589906218886043
-0.20894394086571574
-0.15206558824911043
0.03773906336043705
-0.0038721000676515908
-0.013176516362464004
0.03038479172241191
-0.0017125013609793592
0.11829192865473273
0.020992968991541235
0.20517975035843608
-0.3190789404432808
0.21254937877786498
-0.0065581473375223645
-0.29324563100453416
0.019465441262544732
-0.005204346029869945
0.15081447223774214
0.03783531579312388
-0.11512840747803538
-0.046541848465146154
0.10332791991872399
0.09419863266699052
0.08423404836253748
-0.2738985299298767
0.1723374919058222
0.026660974304812114
0.011755752564490777
-0.0642894402043639
-0.15018529336456865
0.07764580350002256
-0.19887829299504067
0.32608328177506685
-0.035034581468440795
-0.016077207405470934
-0.19045586512870136
0.2147473336751416
0.016220746203616437
-0.04536774272400849
0.057375887788310646
-0.08044672096301063
-0.00793132702354954
0.06681048577966994
0.0775254687548908
-0.29989460019580894
0.047927678670707796
-0.0025632109779867808
0.2076703854319666
0.012445700664488885
-0.07800139901838934
-0.012786955826031787
0.11125122232711862
-0.1504932260081432
0.07884748422122774
0.01829977898941177
-0.04030869926761259
0.07146591055439905
-0.07083369796193957
0.04189887559474886
-0.2956229620213915
0.10895156335195796
-0.011395734781451772
0.22857884916748858
-0.025450658675386754
0.17246953692416403
-0.20666966691863145
0.055639617715622015
-0.08460021355251514
-0.13203564673212562
0.10645198988670916
0.11097413505308779
0.2008198184059896
-0.2577776468657526
0.0876876245717692
-0.2399666390146001
0.015990604926026455
-0.005740101732328445
0.13825201109003687
0.05996814058340832
0.002366662486240241
0.00729967980059286
-0.028394016795163013
0.05655071908415381
-0.21470876818320517
0.1679854851618731
-0.013722722105125519
-0.022622903541293607
-0.0367561152226713
0.04148569744103364
0.02691686083784686
0.07223361688737283
-0.09073529645352188
-0.1390684938182834
0.2367188263637859
-0.2464504724443676
0.10489557631285609
-0.005502981037841484
0.1265136695542782
0.07877879410445938
-0.10323901469661488
-0.1519629423585407
0.17598836276283378
-0.08205025591648922
0.10268897405342453
-0.025994686285903627
-0.13591514544684846
-0.12206554134208297
0.12527808701529006
-0.004150745118698451
0.20828208477617577
0.07146803808863561
-0.13799554970335787
0.051372225005339806
-0.20438620738230592
0.07955138482171012
-0.07488154676290985
0.08456833387932763
-0.17142232704543003
0.12428839007911306
0.1540159205573522
-0.08987816583514957
0.04273822446086037
0.04240152352921993
0.008530729202187892
-0.005187727541020898
-0.12127980154257188
-0.0752027569144367
0.09797765441962056
0.010469456386699477
-0.11109171259000301
0.26129599201438325
-0.09956139163113514
0.10713518832550578
-0.14664143059897544
-0.058285153333402645
0.1127593776660199
-0.041151087016623476
-0.12617290656188768
0.06383210149331923
-0.18160405218979705
0.19686554720306157
0.06698011007920629
0.09661719436537176
-0.16517720527255145
0.10836180508629688
0.19921453717147303
-0.2076396325033856
-0.056041625469423886
-0.07454706612053166
0.2103679018612441
-0.04920518601954806
-0.14186750045372343
0.004333658704196018
0.028560585942878646
0.007797122736734621
-0.12376655493341276
0.15319623240217867
0.04639484092914613
-0.0015702388504688393
-0.027719763869658465
-0.06060297410320488
-0.040088209665906434
0.11841229445337982
0.11282971684878344
-0.04190362097771077
-0.05623657731196651
-0.12047955166681273
0.09026167870474995
0.09546303052651432
-0.1729437915409241
-0.0513356060857784
0.2202415401221474
-0.027995848499010795
-0.06317345418952042
0.07192626430188198
0.05375585924162595
-0.08367103536292579
-0.07857491744147053
-0.22620669514390004
0.22008166837735488
0.007875182539718473
0.09644882621622788
0.044634009847885715
-0.05396853552537681
-0.04175873906063309
-0.0547084420880235
0.026822163540413817
0.13045976665929437
-0.0528429842415036
0.09687670121015422
-0.2195141252409255
-0.08539993231837184
0.04300148908521126
0.15842936143364347
0.16642674571191649
-0.04091317310546892
-0.15183877804555257
0.09428027415159926
-0.11251082252574159
-0.08124625841040665
0.030411996688202526
0.08666944277675932
0.0726579137925561
-0.14153520458382057
0.016832420667223298
-0.044109639897879
0.09674078750559706
0.11674659147556245
-0.056651866920843424
-0.10239983151622462
-0.04795949448040168
0.0802628674145145
-0.06011102454680708
0.13737915670565332
0.002476943615648085
-0.04801117612663564
-0.12191822208473103
-0.006346266300013184
0.18502739047020694
0.20750627829389526
-0.1987585908497586
0.038654348250079414
-0.16952492872079156
-0.07354256737925961
0.15872994140829455
0.06399959955495418
-0.03674971504949254
-0.02166779518778108
-0.33110153362162925
0.020876789245433056
0.014291807248108045
0.28193833580983774
0.176375901814738
0.12778659827182282
-0.068264115871561
-0.23782915316612155
-0.06156911885526345
0.03302761009285812
0.17254459034788897
-0.07392268026075485
0.028270413870529018
-0.199997268634263
-0.047361136171263384
-0.05872533819083121
0.12483399018432637
0.02173350055346318
0.03624127101158737
0.15021446507754257
-0.03881523163980716
0.023488730340945594
-0.05847326339239496
-0.09090296826510204
0.06396835379248378
0.1769490853248928
-0.12144415791454716
-0.046080902542020394
-0.05604691161026029
-0.13138938758964874
0.08215001184975164
-0.08715786570202788
0.29278902760564
-0.1955003681140584
0.18470530045512226
-0.0005325724845273918
0.14495638476783118
-0.12097360374877349
0.04211815930831492
-0.2729785170030266
-0.09678956606814504
-0.14989040474089516
0.3371542457848448
0.10421450942645007
0.019115731032933982
-0.11655327021458764
0.004156795245550866
0.17285454488981025
-0.04219476127726243
-0.04906399811067182
0.04616969616473725
-0.13745055953132998
-0.14134319337846463
0.004163570016379304
0.11526394781643048
0.027327920162430616
0.0717879709946724
0.293307950237181
-0.09109413471477847
-0.17568572781947
-0.12279244984997538
-0.04840479475610638
-0.03715548764685743
0.0684502680118357
0.005449325304027544
-0.019686243542431488
0.05169235624441972
0.10344328000357433
0.1315209808250426
0.024722309932424382
-0.023204094646105865
-0.3504652947106912
0.22439535450822884
-0.14972982626627485
-0.03964514307492981
0.19506742057721316
-0.1623099997649073
0.1422277531629765
-0.10323569950922773
0.052751737911038675
0.10606576290894512
0.0658553965305521
0.012047115890304487
0.03750282333937312
-0.23144875254709218
-0.18769281765446524
0.04247215116067152
0.0983489090042046
0.1117988451311748
0.13265527709746291
-0.02669037006184996
0.0381330789973954
-0.2776165117605794
-0.041252334310461394
-0.030056756388070677
0.10362913559871872
0.11258726840480131
0.01002276450607327
0.16044877294750637
-0.20009787518432226
0.13495407612304666
-0.09349871543974683
-0.010467882170124787
-0.06342050881982875
-0.031524627210836646
0.032711541824514495
0.18224957384713833
-0.04979920331385332
-0.02358240424870327
-0.021596004818692477
-0.24483718761251072
0.09205355066555286
-0.005829593799528049
0.062037674650545244
0.0991429072702049
0.03244261625313792
0.06894003120279885
-0.12032416900640652
0.0325489267814907
0.036998477760334436
-0.01057040722694412
-0.039674503730675846
0.0034963067582549578
-0.15167448752637513
-0.16959991940232927
0.4522339247991844
-0.10957650770810753
0.13931371024825992
-0.3131490381221343
0.0775724627907798
-0.037588458989697246
0.06319574049600704
0.20825768392127197
-0.10715198372654555
0.02227318420229467
-0.11364075099721749
-0.0708794176479698
0.16433341729811263
-0.03793006708413387
-0.21870248356091748
0.04704414959596574
0.01351054866595771
0.24513794989585602
0.022847166531091194
0.13352832948071647
-0.17084728851807326
-0.15021530108413272
0.06389344465055936
-0.0659597419241129
0.06648685130842631
-0.02890545490111728
-0.08841161459272266
0.06756805545066827
-0.0681860594492874
0.2660884927438028
-0.041156255517463276
-0.08892990346688145
-0.09028136502358627
0.14517709155135078
-0.04095518760398663
0.00957752160590792
-0.007119872105821025
-0.07337397232643116
0.04292130803815336
0.04407482060637489
-0.07473303982786586
0.12856747571261073
-0.06875595191277012
0.004698390269569946
-0.05650964273810494
-0.10059016213154554
0.22579791080536732
-0.0853589921938554
-0.0250630734481826
-0.047306527015623
0.152703827454215
-0.045477985105782825
-0.09398102972455714
0.030928372191941538
0.16860192242334954
0.0009144217224854225
-0.205052635891974
-0.08264649183364037
0.3348029017842331
-0.09982104764111473
-0.04138380410638167
-0.09832112009382762
0.08813684878861505
0.03272954074519468
-0.05631547078680636
-0.0010888702419016606
-0.07030101735599081
-0.06583276808777563
0.047197773542235255
0.10841840228013594
-0.0773642511189748
0.14714810191913166
0.1461088906004016
-0.15951275734024925
-0.0003683503066957902
-0.049077971578737736
0.15359470124013533
-0.24326094425136366
-0.030038162646107626
0.08306767785934806
-0.024634699011663916
0.04899106457760451
0.14650882370877
-0.10260475692147747
-0.06290243653278768
-0.04855506729541684
0.00196443506350293
0.026976462327103073
0.1933884208519282
-0.05986276894462525
-0.08035674936567468
0.059164471688322444
0.056469452139029444
-0.10041384112862148
-0.049224070511637165
-0.019071733072771963
-0.005870024438124623
-0.10736809776923685
0.21742019362838694
-0.03782514685362698
0.08379262805095977
0.006199482639082689
0.1136811712031899
-0.09085106796925273
-0.09252446642745875
-0.018066321157053967
-0.02937084129501084
-0.18199540759174007
0.11368902197048958
0.1335620878247915
-0.01409217276196776
0.12195183692831868
-0.15360438478863825
0.1403533039125268
-0.107171306905303
-0.029061173176502263
-0.05266693425788221
0.08835689636708963
-0.008577103710545333
-0.13767868458478866
0.21239936931832987
0.022844021162201827
-0.013400142334405417
-0.010876412075267291
-0.06087583239127623
-0.08110876174078772
0.09877636336407494
-0.07796131234022058
0.06342405114039885
-0.06438349569666726
0.07447569124013732
0.099345772867252
-0.03265457625340274
-0.06968773984726351
-0.05089099458070638
0.014484926157919183
-0.08541894139751416
0.0991984944716492
-0.03432657859162146
0.16405204654701402
-0.04170570039579527
0.10325412188045334
0.03254970187611722
-0.24180432674472468
0.1253558579910881
-0.28489829443963194
-0.09453231136511898
0.17963854156150294
0.01071681217826569
0.21058095042134806
0.02542290112624932
0.056162639856959046
0.04417101797159543
-0.140212578132491
-0.08000357375471158
-0.10069540033555179
0.1504521807388638
-0.04251419965497276
-0.08816734702774344
0.057563608457794874
-0.010128927058162974
-0.01913451232552291
0.0648950364036091
0.15299175071584006
-0.10177307076156503
-0.1828543899168789
0.13837697235337132
0.0648367443859034
-0.11060415352755229
0.004225079537677853
0.06283753775067145
0.04244814991750198
0.049779871699242056
-0.0649579976328481
-0.004481868314021725
-0.11047903465233398
0.18195766892547496
-0.1987807322006236
0.02326550081063513
-0.0152155068199642
0.12397616922551516
-0.05786370554764272
0.014084258603033792
0.14657121739338824
-0.05636371332309217
0.08631724672988614
-0.15650974070270746
-0.2577202198877326
0.28173245783195505
0.04752051811480374
-0.18790305866262627
0.13733572245913633
-0.2172302712867119
0.3101628198379873
-0.12109388421471533
0.08685170030938755
0.0076205093818568674
0.05486272530047348
-0.025066302375322924
-0.1933172785255356
0.07902947245858866
-0.020734486119788162
0.05882067698994214
-0.0276943769477599
-0.10888398108651054
0.024877611810486998
0.02088324999870944
0.05741386079638065
0.0854496907035371
0.11706441772175546
-0.24670051387559916
0.0401072746875024
0.0002549161516343032
-0.04031991730075756
0.2001088374866417
-0.12008927801653055
0.10026153654529646
-0.01851285017746644
-0.19967708321997868
-0.039309217633239024
-0.01581880047757811
0.21457212812277054
-0.02638775162369844
0.17087167366455985
-0.09350356559575876
-0.1052969088244934
0.060945285863540866
-0.11916425443051011
0.031659934305276104
-0.11921430128768871
0.08725238396587146
-0.051790690915903555
0.17517541840674838
0.10888923454850696
0.004235046597969045
-0.022383699317296564
-0.12677365289102677
-0.08937682950947287
-0.10177735526237706
0.23129101020244563
0.10630791879527973
-0.17314586834234988
-0.10748195348496671
0.016440159655074796
0.05881965678891498
0.10057393728321286
-0.0063224445420002225
0.03834762126011237
0.04607926435239938
-0.07796674264544848
0.10839607995058168
-0.1901140301100866
0.05548089324779376
-0.05009099793273762
0.08368502128731352
-0.06014318587149771
-0.14272891468917193
0.098211111562856
0.053225534998400145
0.06604364455524178
-0.1995510227999737
0.25890068889207524
-0.11072110998345079
0.17531524032552498
-0.11703651710602866
-0.019264961301052097
-0.033840273372217455
0.08220377513351172
-0.09908126979716361
0.041036768959751245
-0.10918879695340875
0.04766285890537978
-0.10197233576618618
0.042750137421718154
0.11180623154838498
0.16288715831437575
0.004453687577177654
0.014769204800686473
-0.19905287045619247
0.07964953732791395
-0.20835510464706558
0.03231878385867221
0.031087446406729637
-0.029468236535047477
0.10529006337397472
0.08324555135221343
0.13888977269415387
-0.15696954676340746
-0.04285553417120607
0.021551669539079093
-0.0019481743669884557
0.03780132759333461
-0.11829809481169948
-0.10137350619392883
0.026908189060306193
0.2827670985843459
-0.1118433082844987
-0.03862538188501559
0.021087610685517285
0.10810856887070103
-0.15733085802464047
0.04064792526597876
-0.10797107057837306
0.22946863394960315
-0.16595076448757679
-0.03364609071467817
0.10871985769060294
-0.0325924298685856
0.04141300901433903
0.05388195298170197
0.0024702365557136632
0.06336162848946693
-0.3338191432639156
0.31878820235550526
-0.1727697086453104
-0.020532887521269923
-0.011243874937260194
-0.02847634873339793
-0.020244508128121792
0.09633789886090832
0.08377985979148811
-0.054615752893921385
0.18599821153974563
-0.12418363984219667
0.09118257276146674
-0.10869700134516452
-0.05707598852496855
-0.007663634467721539
0.01848115635895885
-0.07057405434510937
0.10514989362539817
-0.022607170584652288
-0.11464081745654671
-0.03322547223557525
-0.003194466656843989
0.3238247673456368
0.02877321471631711
-0.05128859789966564
0.04112399278272189
-0.13564018869842698
-0.20036356021850746
-0.011177596357502822
0.051554069309084224
0.26963439529946726
-0.08430701217974194
0.004465257099937635
-0.03859696862327148
-0.16257332452455026
0.020231746025126326
-0.0033759566245545464
0.17083387974350894
0.03935474068732009
-0.17096485808260808
0.0836813202826944
-0.003883023518709408
0.05292219896214995
0.059842726651685316
0.0392333852573964
-0.012553765848428655
-0.07849692910569085
-0.18952006770309418
0.03169478007039794
0.15180071720308552
0.006498017364918771
0.030279454918676257
-0.18253469889066856
-0.09308272969533435
0.12620448631475606
0.10008747751303215
0.019046602040431636
-0.0007197679420097441
-0.11454550466937008
0.1213218343213619
0.08276143076860208
-0.04059118021629943
0.0017843822269275056
-0.2161596646480322
0.29646058492248517
-0.10720093043783817
-0.10917743288561389
-0.09283998138081442
-0.09069492925070703
0.29396300013393006
0.07995223361628492
-0.0455517871693797
-0.18202531298668648
0.24716049803279608
-0.21969339358717965
0.06738286328957771
0.01701596803550609
-0.01836313565535115
0.018968996949072003
-0.03212313730977326
0.01967486090348937
0.009248003702005056
0.027747057870416626
0.05171079492626668
-0.06778718463714806
0.009113476869972546
-0.14030362098702026
-0.03437219561542309
0.10287417978711605
0.10919205352691967
0.20634314654541686
-0.2646520733903571
0.07817901806141099
-0.08960134868800368
0.01779238065738298
0.05119694346596897
-0.04799022597497031
-0.042430506919900926
-0.025156784702809024
0.04745280378278053
-0.049981838002841186
-0.04448734537745914
0.05661926656012794
0.2991696389547008
-0.2532975205137825
0.12057186715085552
-0.19469695466870024
-0.008192478359733583
0.10194688839246722
0.15283082600772435
0.1433232484643213
-0.13062210012059575
-0.07376139947273216
-0.2527589154681946
0.045229904468981064
-0.10163153827967561
0.16384706223766557
0.07653133958814635
-0.054623645071034545
0.022256784621939286
0.05924413443594081
0.028462334410375045
-0.05451869154127531
0.1896637982294122
-0.11838641632952863
0.0014166300255975678
-0.15857666571429174
0.14794112084180472
-0.11091059966638754
0.06152872051556733
-0.12631770440800735
0.1117527930126877
-0.24076514909828908
0.24090553518805316
0.11044929320009941
0.0028367123327586036
-0.10102973422583547
0.06226587674017167
0.10108621115514954
-0.1498162977264635
-0.048625780109902886
0.11825905936264632
-0.03041357611792706
-0.16235214753844562
-0.08238205059915626
0.0934190641952292
0.05504823737439992
0.2050336071190341
-0.10570971384211628
-0.022078242827784523
0.024667376412065234
0.1279643412743344
-0.1654464651198597
-0.11134825172358188
-0.030186142270420484
0.1625692795760306
0.018260939257955494
-0.02443347097128607
-0.025300981430694
0.014672745914683469
0.07581152632687878
-0.1015069091883616
-0.07197570504780094
-0.02434857963755096
0.20686201687430067
-0.034483591503780206
0.15577168020707388
-0.28293897289547354
0.0751893077831278
-0.0877723949550214
0.035088542986346435
0.13099358579504686
-0.08068079945595119
0.07245646994062556
0.09822887106025749
-0.23290002623315512
0.19034601762611608
-0.22283469539822442
0.10217209505846753
0.034882162214292904
0.009910630514916485
-0.025348010710219977
-0.1831515427303866
0.04599963461865724
0.2279805791605048
-0.09142319768424266
0.08195646666260718
-0.1347651146510464
0.050325305608906204
0.017673400145531266
0.09070611427024616
0.006914502095452829
0.025822570563177265
-0.22729432787139142
0.04631691074632201
-0.01618509161892437
-0.13557166361664577
0.2353048139554367
0.035944991236933975
0.13075897073818077
-0.16129231911509284
0.006575029971644892
-0.13618840627635248
0.008129587000971286
0.14738104467849492
0.10363500562424847
-0.2687486705498356
-0.053636750327257815
0.051408315551201664
0.042094642825598036
0.12087314974908761
0.18911988633106558
-0.15377893678716656
0.04866199525714921
-0.09714854192812317
-0.12273372128623482
0.14434219805268245
-0.010317266516991417
0.011785264276405027
-0.16139227096679498
-0.0582516723210933
0.05750645572717353
0.07014450740955978
0.02688214852426219
0.15505229668337256
0.013520032973644909
-0.14095140729196137
0.03464914880834438
0.01950154440500577
-0.07836637439293172
0.09327395395299548
0.00670513946964477
-0.11155567225424708
0.007299066993352197
-0.17294038105227677
0.13916130732851384
-0.015276147453362442
0.1070407378422564
0.1391295716800504
-0.037654348114179004
-0.10856277163112367
0.049662283760046194
-0.0906544625323649
-0.14817064918172837
0.29787506826503724
-0.028596024174982203
-0.12004323110702343
-0.07330545830043489
0.032953867244202746
0.07226501064802439
0.04503421815425378
0.01938430262027725
-0.015813105361846214
-0.07090684796583453
0.031278236865437056
0.081824115971508
0.005288831294403551
-0.05855512891909597
-0.019241677324470203
-0.17082607009824186
0.023537525544000328
0.1541285108493028
-0.0033069934951831387
0.14029820354010322
0.07477568185199585
-0.3907622872871917
0.026932142600679783
0.02603875396786897
0.23247892892062852
-0.08260930944498754
0.031909378915893856
0.014862301549289655
-0.0514321686739623
0.04141835754634627
-0.11670943120042207
0.10742285742485928
0.07997118417395205
-0.2773244792292601
0.16519260207022618
0.06840752107553179
-0.11140476939829468
0.009717839090372729
-0.10321029699218084
0.008836501233382896
0.022083221053629875
0.052447383071774045
0.2921150335993871
-0.2352096762519651
0.20277154425155514
-0.10311869047884725
-0.08580147077995351
-0.09192085717789002
0.048654476579303316
-0.0693176314687735
0.0684466540425115
0.014692659611919581
0.04147343069190174
-0.07450882225495689
0.11913725489496202
-0.12916419628253367
0.12228072800182144
-0.07108855563987093
0.23247105001548518
-0.2717584328034161
-0.0359848967214363
-0.048829483836166254
0.07010864024628848
0.23040103812783125
0.011100181535055027
-0.16945926172637604
0.010792618936474867
-0.033580252093462444
-0.11890215657642103
0.18119997097260632
-0.07724698487775138
0.07828746635765817
0.10242877537389788
-0.10005141281043536
0.07251636834685635
-0.3252984322958825
0.2614271345324216
-0.07119978428972915
-0.04012837186483295
0.03955445473476038
0.05662794985953086
0.07464739323815459
-0.028676575448465462
0.003105478451851572
0.10504546279462497
-0.22568377941646467
-0.009472731479297617
-0.09555437931090748
0.10597197648986977
0.07926313765131515
0.03598742759167684
0.060734190491619766
0.007778088720861838
-0.2485068296786896
-0.040230726333622506
0.1362597003865213
0.2518040451471946
-0.11893007522084473
-0.0714577114350981
-0.16079463896384733
0.06405665182624076
0.10028766415512229
-0.10177614894711108
0.03981959182175912
0.12612055400063124
-0.04851191695164046
0.0273505742029517
0.06351601492123302
-0.037462524965430316
-0.042089679400692165
-0.02427749452957514
-0.14897587209242166
0.036751352484572085
0.03172381477246336
0.07270698732207741
-0.22155585193108981
0.13820631422533228
0.18425092900970128
-0.04284106527099716
0.022570684258538476
-0.1274048135486176
0.22401310021870574
-0.0828807322806218
0.10381558552501542
-0.13634023173528878
-0.15551504604814936
-0.058950065822658035
0.08042380878255079
-0.030378346357993448
0.06985729407176516
0.12715847841467262
-0.041110183100120615
-0.10965664915719743
-0.020945159450418235
0.0815507287729204
-0.045859243904116206
0.2402849790332888
0.0050340621023032064
-0.10927818992918356
-0.19056320298732973
0.06675762910419342
0.02144063742859241
0.10102140258095162
0.029109651959893644
-0.17668725669564378
0.05574313240809132
-0.17944994055882563
0.062136412737854495
0.1542978915347708
0.12775994718087944
0.0029875027375758506
-0.13781270108685617
-0.007630041353552467
0.02644333337045717
0.05169616085119251
-0.014686882810637687
-0.07845688214176375
0.06842210220811391
-0.07224202794013848
-0.14823957015715325
0.0921971460461554
0.06917080782703763
0.05776328460441914
0.027587425544501356
-0.06916988362935568
0.03372341570776052
-0.004938053771447804
0.06695603273991681
-0.048197469944633343
0.11266754900860673
-0.18108418451635083
-0.13311578405590593
0.07049012640403506
-0.10960692293072685
0.3463287375117732
0.04016571717259529
-0.06578055094160185
-0.19186771626802895
-0.12849309982850582
0.16088382247232688
0.15537656633652228
0.06443690756467585
-0.0023188333050817647
-0.16150914824384838
-0.0007022645550689157
-0.08066295311881906
-0.017056192288807503
0.005541513202522054
0.02804229056840707
0.11150474596781365
-0.2049065546600995
0.2083076501083897
0.05944096849366878
-0.07867179793200833
0.24638090432244936
-0.19695553871174895
-0.1295874704739843
-0.04398179470922048
-0.013307105159675744
0.08839929060901525
0.15979385656593204
-0.0552892062663852
0.030602955207093937
-0.2285964536217283
0.0655531410836858
-0.017336869291890697
0.11931751389997379
-0.09212989990315018
0.09802844036362181
-0.04345064388437249
0.1187875742135082
-0.1534154530815061
-0.03509291266557723
0.12496635613390708
0.024228267390594253
-0.04107426143342375
-0.008979732777971596
-0.07380715803457012
-0.03419346564663363
0.29370908805263574
-0.22407703944536322
-0.008157461838726008
-0.04948017870725188
0.0880959786436989
-0.039231451529120866
0.05259044673661335
0.0965766078443372
-0.07673063044449777
-0.07187231879727023
-0.05708573185278154
-0.10307638901782305
0.15445985722325678
0.2519092759323319
0.0567512252807752
-0.22361191985931134
-0.14911871305550917
0.041509218971770775
0.0672325369654538
0.05156656637764088
-0.13265682918127325
0.10362448012228613
0.050908157215310584
-0.11232366230897538
0.07185549389844029
0.0334142577571163
0.022642855839311082
-0.009813688901370604
-0.14230081929290578
-0.013696248940998499
0.030167600558005304
-0.02675943323576252
-0.06757735162594983
0.08221225738492262
0.3894092117336874
-0.08789289795035045
-0.21829537302667476
0.07127126019078941
-0.101531492797241
0.01294596855700858
0.08665776967392667
-0.07607518421589451
-0.047236805758279786
-0.2465404968155703
0.1946126453389369
0.14234849991262616
0.11241769324405967
-0.010268674199994061
-0.06869759780036398
-0.1332181564273006
0.0013476417109132156
0.18128329176858102
0.06732062296591707
-0.21082719405087333
-0.028862596252572877
0.036693261675407915
-0.20780846991209462
0.12935323821369843
0.11378731363488853
0.2097041846164857
-0.09317218627804702
-0.04110413644806554
-0.18270463096592346
0.05487117382683975
0.21130869371299627
0.03841592990367292
-0.09268392452473505
-0.24410272708104558
-0.08789221718834665
0.048610182089524064
0.17103931966301403
-0.022062073450672244
0.13950067494190166
-0.2147009248606287
0.10180713428059214
0.2036055645218306
-0.00019468785223698826
-0.062187886637413835
-0.03542739339185528
-0.0516646568978423
-0.13647316313494579
-0.19592394641723906
0.18541867761228434
0.07680401002953154
0.12863054677675573
-0.0036984303359457026
-0.18387645974601768
0.07515863963521624
0.028661839908703798
0.07904379344003085
-0.009159386340790901
0.14111292101737175
-0.14782067067901414
-0.09496391952915896
-0.1407645713509938
0.11778791568863738
-0.01376658238831436
0.2282548081574959
-0.022348561412138188
-0.20354287796183207
-0.24139993142700963
0.20062066121186212
0.16564208171787548
0.20061878823318757
-0.03742015572010384
-0.32971504160854276
0.0037516980908651083
-0.029747408725102502
0.0846488227548287
0.18635864018600518
0.021387110710237165
-0.14812760944412917
0.17787861463102528
-0.13347806869223539
0.00714687353835973
-0.050069128611279025
-0.11968636563839537
-0.031649637184668046
0.15926955390335193
-0.028087416296579557
-0.09068435635902453
0.13760871008674805
-0.07590782610637577
-0.004521639771773507
0.15207447241463476
0.06518925913055856
-0.09472971829465418
-0.00973876927344497
0.17678580234313732
-0.10651254618350528
-0.1562476447311349
-0.03425175642291787
0.029634402063353736
-0.037350818108364936
0.024959320448788156
0.036128367457415045
-0.1084016509009157
0.19480840308440747
-0.03729611626010661
-0.17185907124936767
0.24810464294054757
-0.08479143632662114
0.1278689916879826
-0.05643749604261005
0.12487107137905654
-0.31721415781585555
0.03562465998609969
0.1564020216576286
-0.041406632465340314
0.02521280201030973
-0.2588510124030699
0.25586742315424155
-0.11026828613320744
0.14877181337756257
-0.11225470422661331
-0.057834950072342975
-0.02140154666393581
0.17737022145694983
-0.12333152461340233
0.2015794738393828
-0.19127057360226948
0.14345308534675535
0.030524562880480846
-0.06570777700293315
-0.026265429123231578
-0.14258725404415412
0.1436108465305683
-0.13875220668481128
0.21311556034559917
-0.19790085770939536
-0.03672631260717041
0.032179185003539626
0.07072105005083824
0.09131410694057412
-0.02823693972162558
0.16498407070511306
-0.07874725542386728
0.002183400562180299
-0.16921327637529762
0.0061951840232321405
-0.09497624043352615
0.06345918988821213
-0.06675736449181814
0.000929560828048741
0.08921805602036201
0.27463995262986307
0.03310122506962075
0.14418125795763898
-0.27256428425205514
-0.30015919821462833
-0.1224131629185285
0.20121141339459447
0.19707458081616194
-0.12281817722860658
0.05356763224366122
-0.030415985085524115
-0.11596102227047039
0.12576513565836936
0.03978354941127339
0.04751380788524902
0.1467737254712607
-0.17943865600633485
-0.1875958110446276
0.0037010718366843054
0.006500517035875002
0.298844549073232
-0.13949134949108444
-0.14587119360585304
0.22825831997352644
0.01990150474694871
-0.23276571821367914
0.12720707959639066
0.012761581538470778
0.24180177579511825
-0.24150462169678094
-0.11231559846985173
-0.04344563424301804
-0.0777014533202114
0.1725192481205799
-0.03480936839696934
0.08413161928993958
-0.07082910262597075
0.17133968727405352
0.06677191399264396
-0.08025270956720372
0.007352789261064075
0.031320752248208156
-0.22618061198874045
0.02125594249149724
-0.0270889088456778
-0.0159771909561398
0.0679082977800265
0.10633388756661243
0.02734907697105661
-0.055526376218125825
-0.0700273464904739
-0.0741938578401993
0.2443427125970336
0.007644811919612239
-0.06394488034888587
-0.20665144084062936
0.0897720184156989
0.031978930461208414
0.09635813250608018
-0.0677648542847098
-0.07524325274102764
0.03931724036146331
0.11296227571339038
-0.0036268059443202195
0.07070293132611649
-0.1321303275126258
-0.17826459482759033
0.2332484614471214
-0.09839332890470379
0.03575677788561936
-0.1162312296576912
0.1617520025108604
-0.01554141829453439
0.003912213447703247
-0.05541631157348876
-0.053890139299778435
0.17968367935745894
-0.1263022280542167
0.039744330357734274
0.023804389553501414
-0.02015925095413429
-0.053682126017298645
-0.051750976926805727
0.1210002961713367
0.020967111225632076
0.05754039007752582
-0.13012400948972827
-0.03977264749517899
0.17341055085201668
-0.13467789312712863
0.07760880493857467
-0.11941806438141969
0.13745108111480325
-0.15587343603041287
0.04941494968437486
0.02692317598146053
0.06081429764360272
0.014499645302557256
0.055201564311317806
-0.19792220002715116
0.03983152793589463
0.040401807166078434
0.04990383383290373
-0.08989621664247849
0.19402126401896272
-0.12943173795902468
-0.1067928298417709
0.05249498118096049
-0.01449176451728036
0.15980169746566167
-0.12428447910233459
0.039745253985166096
-0.021217585100395623
0.027560734974559055
0.015595852010759133
0.019535042497201595
-0.0977111827481635
0.0781598915955721
-0.04050148188073735
-0.03277935028227755
0.2150494158138389
-0.1434421093493059
-0.06678671945827584
0.018849573098024063
-0.09930585534710827
0.08127919093617102
-0.16679311043292488
0.16462253622404843
0.08261410798287898
0.11088448442375512
0.08013938923507147
-0.023693476401127192
-0.17175016104511387
-0.18290123026731944
0.1879571796888336
-0.028813248510815802
-0.11879180540406133
-0.15719984030227446
0.16411213672201824
0.21762907770503936
0.011136863680517695
0.014124633842703344
0.034611129721308254
-0.22612187163735076
0.03311437640926416
-0.04459402292038802
0.09791517465535425
-0.12995287576498893
0.09243356109173198
0.04623250616554698
0.014159295888629677
-0.10645952505451522
0.08042118406109804
0.23554657969146103
-0.16065602595561623
-0.14787475211557702
0.03279598179909879
-0.045127287364703596
-0.028384808872727804
-0.030248715604919915
0.16546757721392416
0.014232423335056388
0.01493112026916964
-0.046093730833920765
0.044924954504280065
0.050478687495281116
-0.06668109908559096
-0.007898219749120732
-0.138430333905257
0.056216643026941945
0.012800121667205504
-0.03277081934100127
-0.005737026499971015
0.15626395950983438
-0.04054317084532233
0.053307178502464206
-0.055881724174124514
0.04353258652778174
-0.07340820023897994
-0.057281008962231386
0.0839494002777016
-0.11988961397733486
0.20021876335582403
-0.11584346588620376
0.01294300419268541
0.1424727057496198
-0.15002612219150913
-0.041384236098683004
-0.009744890844079406
0.012774965102503387
0.08012059240890079
-0.07078283612198259
0.05285207084163567
-0.08217692105850648
0.004872814856017789
0.24957282868283254
-0.07066683389112217
-0.030270318816357104
-0.02914968989192145
-0.08891567333080823
0.09939645755537004
-0.15679891375073574
-0.04936691871341098
0.10494704925556836
0.036612346955261624
-0.017161977360092045
-0.02492946904208482
0.07244251170446935
0.10018542640981418
0.055753310462590154
-0.12097288152836681
-0.03705407517181859
-0.09318779040739718
0.2978160246162635
-0.3234849825199169
-0.032024988452145846
0.025019274002522487
0.15722004917591123
0.07804837131940132
-0.003172264078807229
-0.31949728725290116
0.13748435952872534
0.06535123175615161
0.016641148051367693
-0.020594252007021703
0.0696947983589413
0.04696646017090088
-0.05759158429853566
0.19229386237533216
-0.2678143910688739
-0.11913115380331409
0.09816394016994044
-0.14608872435138523
0.21845516718632013
-0.1407390652969969
0.19523714577724005
0.04275932659926296
-0.0315734413420243
0.10777865321971508
-0.1642504974791705
-0.11775681037753444
0.06466865373277078
-0.14434049530721
0.08145338740977218
0.15740913429787662
0.047826255101526466
0.034861772802760635
-0.022789385940107793
-0.1712240832478649
-0.16042208052093132
0.10365133431472279
0.08169012063929215
0.08021025547161074
0.03184373854982258
-0.05702839048832845
0.06718735397974704
-0.07479086441552081
-0.015873632926029224
-0.11156501070336432
0.0904636157682008
0.012905311599893264
0.12775921758923817
-0.12379435100832484
-0.03718058309842508
0.13499480245231132
-0.03296628625525329
-0.028045465632676035
-0.1323485171547219
-0.07615513732015217
0.195401485049994
0.010137449904097765
0.036395612057747294
-0.11742181711033704
0.1331044262052255
0.058290475857667785
0.03331895007195472
-0.2562242737929675
0.11027788947484776
-0.10193505497295541
0.04666631450282662
0.02389195576792698
0.0283106868200884
-0.05614660932228953
0.13522823909242873
-0.12513617933870397
-0.0932055788068075
0.0758938682814483
0.014811493211189568
0.14815572711352443
-0.013626194821342438
0.04422404117653678
-0.132675776255615
-0.026395555796513658
0.09376731215705472
0.0655435271539425
-0.01226834750010623
-0.21751431775894164
-0.08526916332282913
0.02589117970475615
0.07228557340212617
0.17901607232967873
-0.06350510303282786
-0.01601669233814453
-0.012816825669374837
-0.10725204936466383
0.10870653147879851
0.173790539152482
-0.007857686855347924
-0.20317385570668153
0.05812729395337856
-0.14498269605060998
0.10314248334656045
-0.009155742275999964
0.050250394013940464
0.1878385353460877
-0.14967682376902908
0.11411484175042584
-0.20409503436672755
-0.015846806061012197
-0.08540602632682896
0.024439050101510477
0.1853046625009509
-0.0530211461509411
-0.23124808146823345
0.19610022097994817
0.043123049405677016
0.08203970266425324
-0.018672652119148706
-0.13119733351293114
0.20872246695125973
-0.10398762164026251
-0.001233969408744033
-0.048799089569578784
0.06697525220224844
-0.03295022754067194
-0.0909949789905686
0.01011026741788424
-0.018333215655899286
0.06761272604641769
-0.05393389330463838
-0.0019683033590434523
0.03417618440197482
0.06635749692521896
0.02601669436306979
0.1374579709504745
-0.32969686427477524
0.13988003578313157
-0.11013545403267723
0.12639068944137427
-0.10869136374612737
0.05207004098231108
0.0426175283418657
0.052857163359417356
-0.0469512847114653
0.008227116922801956
0.1263092923016719
0.052923862779243866
-0.20775484388658
0.030919161932433926
-0.15760564485338907
0.005777937876587369
0.19929387834106632
-0.21721380542233365
-0.05729262301862083
0.07814566225036865
0.2098283922089772
0.08127590224046746
-0.03561374589603128
-0.06194420367015735
-0.06945366596232685
0.01310670831303962
0.10439291438176172
-0.06277135041065877
-0.12047155380067223
0.10236757769415616
-0.13412114764976768
0.07542237774527351
0.00018490885602032506
-0.003916641070101919
0.1432228244818938
0.026963282179012393
-0.05115939050980865
-0.11523748247920737
-0.09674619750195668
0.014010267218870859
0.05153809912352861
0.08586572575054237
-0.07097088035464258
0.08170896809287022
0.01748025885405913
0.09964567879962266
0.0054454473326804005
-0.14706474188781463
0.0858789227667708
-0.18077222181596225
0.1831556221419692
-0.12056315096473319
-0.18976011585155353
0.18895497241151635
0.05525878089619053
0.0011238199879191624
0.06483100739300891
-0.2539956344045386
0.2441044084641192
-0.09986667206561861
0.17149729189307727
-0.015850551496570324
-0.13828431701481425
-0.19142566521532334
0.1968479151111505
0.09182754230121894
0.03716673421488911
-0.07486732024522322
0.017630672255679745
-0.11268594251596867
0.0043835975418926995
0.02656895378682541
-0.09380046572110907
-0.048702172959206674
0.24434870150600546
-0.10550874060116217
0.21004070373555883
-0.10328289724006787
-0.05033292405650893
-0.043442180942819084
-0.07349851307705697
-0.09957449376986444
0.2970750799394487
-0.10026537886688856
0.09746354231224261
0.0822873657656313
-0.2740966997601032
-0.019021797194684525
0.06797544896551846
0.2448312000044383
-0.07799627464018298
-0.16441091681549327
-0.06099381203896604
0.0696861297586338
-0.09107740003981563
0.06270605632599677
0.05579141090813034
0.0040989143957904884
0.07807452653444094
-0.07745548137166965
0.12483020000328336
-0.09380409717775005
0.17189105207397284
-0.2175771221019376
0.003809899102038272
-0.22995581968875614
0.06820813476361323
0.1360999840059593
0.22718629633628556
-0.046266602574217185
-0.1725335659144145
0.10461346516897521
-0.09349880432784226
0.020468042281993747
0.10858910154961428
-0.06974600025767608
0.1869658688458608
-0.2158563299182225
-0.07867744007873624
-0.06825923518321131
0.03781283914268631
-0.10626074817376364
0.16912538176765343
-0.030837045951925064
0.05657151999603553
0.2252249601255676
-0.12324439330931426
0.1268084739854345
-0.11798835204281094
0.04000305950803209
-0.07643192375624228
-0.09427662737978887
0.02095439096287376
-0.013080368119377406
-0.035789700720797735
-0.0010642965454738182
-0.07623137408184456
0.09286442527197142
-0.11242407763743759
0.2073580187534143
0.09023568263511142
0.07628404738497538
-0.11200126942427509
0.023919201023000106
-0.1255886396304946
0.00745536897498951
0.06264210396133328
0.20218092358855894
-0.3990483465198694
-0.046084616839605255
-0.025544565527874367
0.1125457440585756
0.18254906355968314
0.014262098293829878
-0.03448825447574282
0.0048403631776555225
0.10331954946687433
-0.19090573436966166
-0.06524285816846223
0.03846701281643946
0.09519190257188538
-0.014727636081425834
-0.04874804889431692
0.005267750768361296
0.1096544327056575
-0.04320016143256203
-0.013101559999552245
-0.14425353567047933
0.15484977825141744
-0.08307666763450283
0.1354486426602366
-0.07795299073745325
0.049399007080489485
-0.04384085794185068
-0.015711437073537726
-0.04273591710397524
-0.15174416081325792
0.20873319004739394
-0.1499540822337983
0.2662300090991978
0.09403441196366184
-0.1173240111972299
-0.04544829742951638
-0.13971717824788532
-0.07107895878582773
0.04760223298485839
0.10314633382447949
0.12027060608316706
-0.2419729135441614
0.11549625248912537
0.01704656244573681
0.07329648950811661
0.1259600958766074
-0.2316979412595347
0.14474362853563008
-0.025123428871084912
-0.16743829767596477
-0.014192772352642494
0.0440811199590879
0.1086920668335398
-0.09761089872497863
-0.06065534553260822
-0.18138180468482223
0.20521339312938414
0.19939417473605903
0.1190977896547171
-0.07022357428880911
-0.17011644465814216
0.03790837637898224
0.00804079459347806
-0.09532965394856029
-0.06254255550454968
0.09192572101169813
-0.08145469861926587
0.12386448426039404
-0.0025766676503470726
0.025816398529608056
0.07336332230737062
-0.1017284776429684
0.07675492410093047
0.0008516633760693171
-0.1386811172315292
-0.1586690982025612
0.15082372765628538
-0.046435006237255654
0.2855173769721534
-0.06746379601194981
-0.09093514339701306
-0.047718588076991766
-0.01924383500067648
0.08262956289114202
-0.12907607196279192
0.16170610970253524
-0.12081684193361346
0.13273488132740388
-0.07590301645402706
-0.05154116015559415
0.027923472806626597
0.03301410935873369
0.07594087965512099
0.012428367514613164
-0.160604902235851
-0.0778415642646815
0.22403889134895727
-0.04127351692751115
0.06112562746407202
0.07286409925632112
-0.27953378204788704
0.15912209511440106
-0.28207325651614495
0.21521138803740392
0.031174351246519745
-0.0025413523300446966
0.03361654908541544
-0.13653344945265092
-0.0003292444106179626
0.07762231783857587
0.11835278322916876
-0.012101392954288987
0.033227475510360004
-0.05042790408844706
-0.10280464046356397
0.056034068975868954
0.012986603657830227
-0.19779310331453645
0.24051766274910483
-0.06524030843616396
-0.061974017704070856
-0.09901740230496334
-0.019486321020805882
0.19612536645988876
0.17711164369716065
-0.028063032440075675
-0.0655732879697655
-0.053092832189180136
-0.10456863059032967
-0.1604082098116098
0.1666677344940574
-0.07724301202081936
0.13757611980633985
0.010459978763924196
0.011360495670606346
0.058273093498079166
0.16921210367977932
-0.19593868844026496
-0.10504500571689648
-0.009132934370357226
-0.06107153952558989
-0.09753705973486745
0.14167734984708982
0.017517767993338856
0.047811549243589074
0.06580807278163407
0.10131726743996136
0.044356060470717384
-0.20430896242090812
-0.09807913725282331
0.2272517825548768
-0.12181383605776228
-0.09225520621248257
0.08307765138478865
-0.010397116047370487
-0.08489253158208634
-0.07903664027010386
0.15964839321522992
0.056447056238787374
-0.016033354481977548
-0.03345289162409791
0.07175620733980163
0.019951968378549234
0.08398973896085105
-0.06969952891148068
-0.034901657953593485
0.03226998367240479
-0.2521443501785541
-0.055845352560987174
0.026264782992615927
0.18099310987022763
0.16143377544725443
-0.06264730022434414
0.04125970722015935
-0.19763817062533162
0.05492772123322683
0.0509815304870322
-0.18177922945788835
0.1921415516900718
-0.08493033196452197
0.008667253423946426
0.08448812613010744
0.04865765528041434
-0.0054707952212537285
-0.011973602018102825
-0.04348755783569533
-0.15146715926771762
0.06954388257762281
-0.06031516413800281
0.1022782382267254
0.12306169769466344
-0.05263082031806306
-0.1127485075660644
0.03269646836725899
0.12367347222120148
-0.049953233099339085
-0.17169745916445617
0.08048496799763254
0.013550532802545694
-0.09737473651463616
0.08233182512280841
0.13227713542557135
-0.05608554029936111
0.008659491768747606
-0.024497833835356173
0.10796640425736538
-0.19212033334474157
-0.042219110949159325
0.017239487969791755
0.01523989181365534
0.06992592504295175
0.08730996254292199
-0.0018178606899856287
0.1658417465684392
-0.08216951129417008
-0.14796394744373303
-0.18476305535462473
0.02210336183852358
-0.011464183963281707
0.17469730041755233
-0.014511661700692992
0.08640844336503968
-0.20881973394623857
0.11109680884610537
0.0430122993014066
0.01601756220825002
0.0771757976013899
0.05137249552562121
-0.12612507781523896
-0.030030539484997308
-0.07552742198167352
0.04778184060793941
-0.12153004094955544
0.056831206478946544
-0.21361058050415546
0.21928247297527137
0.20412531925547164
-0.08354176907317688
0.11261056253719924
-0.15826768501462263
0.15843356794700944
0.08523414053759068
-0.15980479444276016
-0.13261399077572672
-0.183694478502368
0.20367067422672672
-0.20082632518740573
0.1741278132564682
0.05938362695007171
0.08382277009089109
-0.09190445558690044
0.07101161723059474
-0.03603474298827938
-0.012251423262568194
0.06619726478153314
0.13946429866401616
-0.4730243121211588
0.24336081673921456
-0.006947901945404705
0.08681834849825056
-0.09085974198156363
-0.07861705335819774
0.13526569632352053
-0.17661815570693787
0.25197049315402836
-0.012413037823594718
-0.16788128448376757
0.15554962972246686
0.04483473239949222
-0.2625296867897275
-0.06511730141513417
0.11214165198821609
0.1781380370240952
-0.04075277305933337
0.13377698765897056
-0.09684220056717721
-0.07952509505083594
0.040343636983751575
-0.1452760173453792
0.11801709080675496
-0.04201598139602832
0.11502903986901677
-0.24477086362056086
0.10015663950251324
-0.057069451608991704
0.06134679905192972
0.10324944987875549
0.03942227745722067
0.028753569230734414
-0.11123679960367913
-0.005039136408179693
-0.10859043326129295
-0.000993913696299701
0.11002069605796402
0.04103433743606631
-0.05115400748826312
0.10790262718763655
-0.05788610864243338
0.015982508005331117
-0.003592212104207743
-0.10558645440364771
0.11688723241710121
-0.16778601484582334
0.1168267414461428
0.027756134137557585
-0.0036887019482107486
0.00929890465824881
-0.059102676015071895
-0.023992102495769087
-0.11926779394057024
0.1518645032038468
-0.07597128654801996
-0.020001214746545662
0.015542529384782231
0.22942234844682155
-0.009612381043970032
0.024932314736428637
-0.22532124832239364
0.07764450052944584
0.06943629109370379
0.0056710320710775045
-0.1827729743966479
0.04840311694624063
0.012408095646754297
0.06986330648430526
-0.044682968166113966
-0.010073900913342225
0.06497293980748169
-0.016728130237196957
-0.10797468214119552
-0.019369184609491136
0.11181055018070629
-0.014795523179723963
0.06287293533263671
0.08301231198726851
-0.057425311539318354
-0.021540207487484087
-0.03299822722602854
-0.1622771090683207
0.028065477575881133
0.024718546222343984
0.17293912788329743
-0.0960737416043718
0.0067582845589242505
-0.047402066219989436
0.22433631330524523
0.0020871666106876095
-0.22861648231337325
-0.019694042486468052
-0.04188689952153652
-0.051841419313006724
0.1070736341768112
0.018852662964513538
